0.000	4.583E-5	-6.757E-5
0.100	4.585E-5	-6.779E-5
0.200	4.622E-5	-6.796E-5
0.300	4.664E-5	-6.807E-5
0.400	4.673E-5	-6.800E-5
0.500	4.655E-5	-6.786E-5
0.600	4.634E-5	-6.788E-5
0.700	4.650E-5	-6.783E-5
0.800	4.661E-5	-6.784E-5
0.900	4.692E-5	-6.800E-5
1.000	4.702E-5	-6.800E-5
1.100	4.743E-5	-6.763E-5
1.200	4.771E-5	-6.784E-5
1.300	4.800E-5	-6.792E-5
1.400	4.799E-5	-6.797E-5
1.500	4.819E-5	-6.805E-5
1.600	4.807E-5	-6.796E-5
1.700	4.825E-5	-6.744E-5
1.800	4.801E-5	-6.698E-5
1.900	4.769E-5	-6.689E-5
2.000	4.747E-5	-6.681E-5
2.100	4.749E-5	-6.654E-5
2.200	4.802E-5	-6.693E-5
2.300	4.806E-5	-6.704E-5
2.400	4.805E-5	-6.652E-5
2.500	4.794E-5	-6.648E-5
2.600	4.796E-5	-6.644E-5
2.700	4.803E-5	-6.653E-5
2.800	4.777E-5	-6.639E-5
2.900	4.772E-5	-6.644E-5
3.000	4.764E-5	-6.644E-5
3.100	4.744E-5	-6.621E-5
3.200	4.783E-5	-6.663E-5
3.300	4.846E-5	-6.666E-5
3.400	4.836E-5	-6.641E-5
3.500	4.853E-5	-6.616E-5
3.600	4.882E-5	-6.617E-5
3.700	4.892E-5	-6.576E-5
3.800	4.909E-5	-6.547E-5
3.900	4.949E-5	-6.567E-5
4.000	4.985E-5	-6.544E-5
4.100	5.000E-5	-6.492E-5
4.200	5.006E-5	-6.493E-5
4.300	4.998E-5	-6.467E-5
4.400	5.028E-5	-6.433E-5
4.500	5.035E-5	-6.424E-5
4.600	5.072E-5	-6.463E-5
4.700	5.122E-5	-6.466E-5
4.800	5.114E-5	-6.512E-5
4.900	5.126E-5	-6.515E-5
5.000	5.159E-5	-6.520E-5
5.099	5.114E-5	-6.516E-5
5.199	5.074E-5	-6.488E-5
5.299	5.101E-5	-6.494E-5
5.399	5.074E-5	-6.494E-5
5.499	5.094E-5	-6.478E-5
5.599	5.105E-5	-6.455E-5
5.699	5.059E-5	-6.459E-5
5.799	5.071E-5	-6.449E-5
5.899	5.068E-5	-6.442E-5
5.999	5.074E-5	-6.457E-5
6.099	5.099E-5	-6.468E-5
6.199	5.102E-5	-6.420E-5
6.299	5.128E-5	-6.366E-5
6.399	5.188E-5	-6.390E-5
6.499	5.213E-5	-6.389E-5
6.599	5.210E-5	-6.397E-5
6.699	5.160E-5	-6.430E-5
6.799	5.121E-5	-6.461E-5
6.899	5.114E-5	-6.506E-5
6.999	5.120E-5	-6.493E-5
7.099	5.126E-5	-6.442E-5
7.199	5.143E-5	-6.438E-5
7.299	5.136E-5	-6.440E-5
7.399	5.150E-5	-6.441E-5
7.499	5.112E-5	-6.460E-5
7.599	5.104E-5	-6.441E-5
7.699	5.101E-5	-6.430E-5
7.799	5.095E-5	-6.467E-5
7.899	5.119E-5	-6.518E-5
7.999	5.118E-5	-6.522E-5
8.099	5.115E-5	-6.544E-5
8.199	5.103E-5	-6.525E-5
8.299	5.090E-5	-6.486E-5
8.399	5.088E-5	-6.452E-5
8.499	5.106E-5	-6.451E-5
8.599	5.099E-5	-6.427E-5
8.699	5.117E-5	-6.446E-5
8.799	5.118E-5	-6.467E-5
8.899	5.143E-5	-6.480E-5
8.999	5.144E-5	-6.418E-5
9.099	5.167E-5	-6.418E-5
9.199	5.187E-5	-6.369E-5
9.299	5.181E-5	-6.366E-5
9.399	5.231E-5	-6.369E-5
9.499	5.273E-5	-6.358E-5
9.599	5.279E-5	-6.378E-5
9.699	5.301E-5	-6.412E-5
9.799	5.328E-5	-6.386E-5
9.899	5.348E-5	-6.370E-5
9.999	5.377E-5	-6.393E-5
10.099	5.377E-5	-6.392E-5
10.199	5.384E-5	-6.397E-5
10.299	5.382E-5	-6.368E-5
10.399	5.398E-5	-6.420E-5
10.499	5.396E-5	-6.447E-5
10.599	5.416E-5	-6.459E-5
10.699	5.431E-5	-6.442E-5
10.799	5.419E-5	-6.412E-5
10.899	5.423E-5	-6.379E-5
10.999	5.415E-5	-6.385E-5
11.099	5.455E-5	-6.406E-5
11.199	5.468E-5	-6.422E-5
11.299	5.435E-5	-6.418E-5
11.399	5.398E-5	-6.375E-5
11.499	5.398E-5	-6.381E-5
11.599	5.415E-5	-6.403E-5
11.699	5.408E-5	-6.378E-5
11.799	5.403E-5	-6.380E-5
11.899	5.423E-5	-6.385E-5
11.999	5.416E-5	-6.356E-5
12.099	5.434E-5	-6.379E-5
12.199	5.452E-5	-6.367E-5
12.299	5.467E-5	-6.313E-5
12.399	5.524E-5	-6.328E-5
12.499	5.563E-5	-6.358E-5
12.599	5.597E-5	-6.408E-5
12.699	5.610E-5	-6.384E-5
12.799	5.663E-5	-6.379E-5
12.899	5.679E-5	-6.345E-5
12.999	5.665E-5	-6.336E-5
13.099	5.685E-5	-6.326E-5
13.199	5.657E-5	-6.340E-5
13.299	5.679E-5	-6.340E-5
13.399	5.700E-5	-6.340E-5
13.499	5.692E-5	-6.321E-5
13.599	5.678E-5	-6.357E-5
13.699	5.723E-5	-6.372E-5
13.799	5.780E-5	-6.371E-5
13.899	5.801E-5	-6.369E-5
13.999	5.819E-5	-6.348E-5
14.099	5.878E-5	-6.335E-5
14.199	5.904E-5	-6.326E-5
14.299	5.961E-5	-6.286E-5
14.399	5.930E-5	-6.257E-5
14.499	5.902E-5	-6.233E-5
14.599	5.929E-5	-6.218E-5
14.699	5.940E-5	-6.214E-5
14.799	5.922E-5	-6.198E-5
14.899	5.878E-5	-6.191E-5
14.999	5.879E-5	-6.151E-5
15.098	5.885E-5	-6.144E-5
15.198	5.879E-5	-6.154E-5
15.298	5.839E-5	-6.140E-5
15.398	5.799E-5	-6.149E-5
15.498	5.792E-5	-6.137E-5
15.598	5.827E-5	-6.190E-5
15.698	5.813E-5	-6.219E-5
15.798	5.783E-5	-6.237E-5
15.898	5.752E-5	-6.240E-5
15.998	5.798E-5	-6.205E-5
16.098	5.864E-5	-6.187E-5
16.198	5.920E-5	-6.161E-5
16.298	5.929E-5	-6.170E-5
16.398	5.934E-5	-6.191E-5
16.498	5.946E-5	-6.175E-5
16.598	5.969E-5	-6.165E-5
16.698	5.939E-5	-6.131E-5
16.798	5.944E-5	-6.098E-5
16.898	5.954E-5	-6.107E-5
16.998	5.997E-5	-6.154E-5
17.098	5.994E-5	-6.182E-5
17.198	6.022E-5	-6.193E-5
17.298	6.046E-5	-6.153E-5
17.398	6.044E-5	-6.148E-5
17.498	6.093E-5	-6.180E-5
17.598	6.135E-5	-6.171E-5
17.698	6.151E-5	-6.135E-5
17.798	6.158E-5	-6.156E-5
17.898	6.197E-5	-6.188E-5
17.998	6.218E-5	-6.178E-5
18.098	6.243E-5	-6.180E-5
18.198	6.237E-5	-6.211E-5
18.298	6.242E-5	-6.224E-5
18.398	6.208E-5	-6.227E-5
18.498	6.189E-5	-6.203E-5
18.598	6.181E-5	-6.181E-5
18.698	6.185E-5	-6.167E-5
18.798	6.210E-5	-6.176E-5
18.898	6.223E-5	-6.184E-5
18.998	6.241E-5	-6.191E-5
19.098	6.236E-5	-6.175E-5
19.198	6.236E-5	-6.204E-5
19.298	6.234E-5	-6.178E-5
19.398	6.254E-5	-6.137E-5
19.498	6.271E-5	-6.133E-5
19.598	6.282E-5	-6.112E-5
19.698	6.289E-5	-6.096E-5
19.798	6.277E-5	-6.092E-5
19.898	6.293E-5	-6.117E-5
19.998	6.294E-5	-6.105E-5
20.098	6.303E-5	-6.091E-5
20.198	6.310E-5	-6.092E-5
20.298	6.363E-5	-6.088E-5
20.398	6.361E-5	-6.064E-5
20.498	6.394E-5	-6.054E-5
20.598	6.430E-5	-6.076E-5
20.698	6.433E-5	-6.100E-5
20.798	6.448E-5	-6.140E-5
20.898	6.475E-5	-6.145E-5
20.998	6.451E-5	-6.143E-5
21.098	6.455E-5	-6.151E-5
21.198	6.445E-5	-6.152E-5
21.298	6.418E-5	-6.186E-5
21.398	6.425E-5	-6.178E-5
21.498	6.424E-5	-6.160E-5
21.598	6.400E-5	-6.179E-5
21.698	6.423E-5	-6.156E-5
21.798	6.448E-5	-6.153E-5
21.898	6.441E-5	-6.155E-5
21.998	6.432E-5	-6.189E-5
22.098	6.428E-5	-6.207E-5
22.198	6.410E-5	-6.192E-5
22.298	6.417E-5	-6.144E-5
22.398	6.428E-5	-6.147E-5
22.498	6.448E-5	-6.130E-5
22.598	6.498E-5	-6.093E-5
22.698	6.498E-5	-6.095E-5
22.798	6.510E-5	-6.109E-5
22.898	6.511E-5	-6.128E-5
22.998	6.515E-5	-6.127E-5
23.098	6.513E-5	-6.117E-5
23.198	6.517E-5	-6.119E-5
23.298	6.576E-5	-6.111E-5
23.398	6.578E-5	-6.079E-5
23.498	6.579E-5	-6.050E-5
23.598	6.536E-5	-6.081E-5
23.698	6.540E-5	-6.085E-5
23.798	6.574E-5	-6.095E-5
23.898	6.551E-5	-6.062E-5
23.998	6.546E-5	-6.095E-5
24.098	6.550E-5	-6.090E-5
24.198	6.604E-5	-6.055E-5
24.298	6.604E-5	-6.030E-5
24.398	6.612E-5	-6.001E-5
24.498	6.614E-5	-6.015E-5
24.598	6.609E-5	-6.054E-5
24.698	6.585E-5	-6.021E-5
24.798	6.587E-5	-6.018E-5
24.898	6.613E-5	-6.025E-5
24.998	6.613E-5	-6.046E-5
25.097	6.622E-5	-6.026E-5
25.197	6.662E-5	-6.023E-5
25.297	6.644E-5	-6.012E-5
25.397	6.682E-5	-6.021E-5
25.497	6.708E-5	-6.024E-5
25.597	6.712E-5	-6.001E-5
25.697	6.675E-5	-6.038E-5
25.797	6.665E-5	-6.076E-5
25.897	6.623E-5	-6.113E-5
25.997	6.606E-5	-6.085E-5
26.097	6.604E-5	-6.033E-5
26.197	6.627E-5	-6.026E-5
26.297	6.659E-5	-6.026E-5
26.397	6.647E-5	-5.991E-5
26.497	6.672E-5	-5.986E-5
26.597	6.702E-5	-5.990E-5
26.697	6.679E-5	-6.046E-5
26.797	6.660E-5	-6.084E-5
26.897	6.627E-5	-6.110E-5
26.997	6.616E-5	-6.116E-5
27.097	6.616E-5	-6.107E-5
27.197	6.612E-5	-6.085E-5
27.297	6.616E-5	-6.076E-5
27.397	6.626E-5	-6.052E-5
27.497	6.648E-5	-6.027E-5
27.597	6.649E-5	-6.049E-5
27.697	6.630E-5	-6.071E-5
27.797	6.620E-5	-6.055E-5
27.897	6.674E-5	-6.053E-5
27.997	6.720E-5	-6.046E-5
28.097	6.725E-5	-6.025E-5
28.197	6.718E-5	-6.056E-5
28.297	6.719E-5	-6.073E-5
28.397	6.726E-5	-6.077E-5
28.497	6.739E-5	-6.127E-5
28.597	6.726E-5	-6.125E-5
28.697	6.737E-5	-6.102E-5
28.797	6.731E-5	-6.091E-5
28.897	6.722E-5	-6.092E-5
28.997	6.711E-5	-6.095E-5
29.097	6.727E-5	-6.123E-5
29.197	6.727E-5	-6.137E-5
29.297	6.713E-5	-6.151E-5
29.397	6.705E-5	-6.186E-5
29.497	6.703E-5	-6.156E-5
29.597	6.696E-5	-6.095E-5
29.697	6.722E-5	-6.085E-5
29.797	6.739E-5	-6.112E-5
29.897	6.736E-5	-6.137E-5
29.997	6.718E-5	-6.128E-5
30.097	6.704E-5	-6.089E-5
30.197	6.736E-5	-6.073E-5
30.297	6.752E-5	-6.116E-5
30.397	6.742E-5	-6.143E-5
30.497	6.754E-5	-6.174E-5
30.597	6.750E-5	-6.165E-5
30.697	6.729E-5	-6.142E-5
30.797	6.721E-5	-6.150E-5
30.897	6.703E-5	-6.123E-5
30.997	6.684E-5	-6.118E-5
31.097	6.688E-5	-6.166E-5
31.197	6.688E-5	-6.155E-5
31.297	6.688E-5	-6.143E-5
31.397	6.658E-5	-6.166E-5
31.497	6.649E-5	-6.158E-5
31.597	6.652E-5	-6.169E-5
31.697	6.682E-5	-6.224E-5
31.797	6.713E-5	-6.254E-5
31.897	6.714E-5	-6.239E-5
31.997	6.725E-5	-6.252E-5
32.097	6.710E-5	-6.276E-5
32.197	6.715E-5	-6.243E-5
32.297	6.713E-5	-6.232E-5
32.397	6.704E-5	-6.240E-5
32.497	6.730E-5	-6.223E-5
32.597	6.687E-5	-6.218E-5
32.697	6.664E-5	-6.214E-5
32.797	6.686E-5	-6.225E-5
32.897	6.723E-5	-6.221E-5
32.997	6.739E-5	-6.222E-5
33.097	6.753E-5	-6.206E-5
33.197	6.714E-5	-6.206E-5
33.297	6.711E-5	-6.218E-5
33.397	6.727E-5	-6.217E-5
33.497	6.747E-5	-6.268E-5
33.597	6.721E-5	-6.287E-5
33.697	6.697E-5	-6.289E-5
33.797	6.687E-5	-6.286E-5
33.897	6.651E-5	-6.276E-5
33.997	6.626E-5	-6.254E-5
34.097	6.624E-5	-6.268E-5
34.197	6.648E-5	-6.291E-5
34.297	6.676E-5	-6.321E-5
34.397	6.677E-5	-6.340E-5
34.497	6.666E-5	-6.344E-5
34.597	6.674E-5	-6.327E-5
34.697	6.686E-5	-6.325E-5
34.797	6.676E-5	-6.319E-5
34.897	6.719E-5	-6.350E-5
34.997	6.728E-5	-6.399E-5
35.096	6.722E-5	-6.395E-5
35.196	6.685E-5	-6.412E-5
35.296	6.684E-5	-6.434E-5
35.396	6.676E-5	-6.444E-5
35.496	6.665E-5	-6.446E-5
35.596	6.663E-5	-6.459E-5
35.696	6.663E-5	-6.444E-5
35.796	6.653E-5	-6.467E-5
35.896	6.660E-5	-6.474E-5
35.996	6.635E-5	-6.467E-5
36.096	6.615E-5	-6.453E-5
36.196	6.616E-5	-6.454E-5
36.296	6.637E-5	-6.441E-5
36.396	6.636E-5	-6.422E-5
36.496	6.628E-5	-6.395E-5
36.596	6.611E-5	-6.398E-5
36.696	6.613E-5	-6.392E-5
36.796	6.654E-5	-6.374E-5
36.896	6.672E-5	-6.377E-5
36.996	6.686E-5	-6.353E-5
37.096	6.687E-5	-6.303E-5
37.196	6.689E-5	-6.271E-5
37.296	6.652E-5	-6.251E-5
37.396	6.653E-5	-6.227E-5
37.496	6.654E-5	-6.228E-5
37.596	6.674E-5	-6.233E-5
37.696	6.677E-5	-6.212E-5
37.796	6.676E-5	-6.212E-5
37.896	6.700E-5	-6.214E-5
37.996	6.677E-5	-6.259E-5
38.096	6.698E-5	-6.264E-5
38.196	6.731E-5	-6.257E-5
38.296	6.751E-5	-6.226E-5
38.396	6.756E-5	-6.209E-5
38.496	6.778E-5	-6.213E-5
38.596	6.766E-5	-6.223E-5
38.696	6.753E-5	-6.226E-5
38.796	6.788E-5	-6.201E-5
38.896	6.818E-5	-6.199E-5
38.996	6.834E-5	-6.165E-5
39.096	6.853E-5	-6.170E-5
39.196	6.852E-5	-6.139E-5
39.296	6.854E-5	-6.153E-5
39.396	6.855E-5	-6.151E-5
39.496	6.869E-5	-6.181E-5
39.596	6.877E-5	-6.187E-5
39.696	6.890E-5	-6.179E-5
39.796	6.898E-5	-6.180E-5
39.896	6.900E-5	-6.184E-5
39.996	6.906E-5	-6.216E-5
40.096	6.929E-5	-6.215E-5
40.196	6.953E-5	-6.194E-5
40.296	6.955E-5	-6.182E-5
40.396	6.938E-5	-6.168E-5
40.496	6.930E-5	-6.160E-5
40.596	6.929E-5	-6.162E-5
40.696	6.902E-5	-6.202E-5
40.796	6.908E-5	-6.231E-5
40.896	6.908E-5	-6.205E-5
40.996	6.908E-5	-6.195E-5
41.096	6.926E-5	-6.190E-5
41.196	6.930E-5	-6.178E-5
41.296	6.920E-5	-6.166E-5
41.396	6.929E-5	-6.157E-5
41.496	6.924E-5	-6.166E-5
41.596	6.904E-5	-6.202E-5
41.696	6.929E-5	-6.203E-5
41.796	6.930E-5	-6.216E-5
41.896	6.932E-5	-6.225E-5
41.996	6.947E-5	-6.232E-5
42.096	6.976E-5	-6.216E-5
42.196	6.972E-5	-6.228E-5
42.296	6.964E-5	-6.235E-5
42.396	6.962E-5	-6.254E-5
42.496	6.997E-5	-6.266E-5
42.596	6.985E-5	-6.295E-5
42.696	6.994E-5	-6.303E-5
42.796	6.970E-5	-6.292E-5
42.896	6.975E-5	-6.269E-5
42.996	6.989E-5	-6.277E-5
43.096	6.988E-5	-6.267E-5
43.196	6.962E-5	-6.286E-5
43.296	6.962E-5	-6.271E-5
43.396	6.954E-5	-6.305E-5
43.496	6.935E-5	-6.333E-5
43.596	6.973E-5	-6.338E-5
43.696	6.976E-5	-6.336E-5
43.796	6.983E-5	-6.333E-5
43.896	6.990E-5	-6.350E-5
43.996	6.986E-5	-6.350E-5
44.096	6.976E-5	-6.338E-5
44.196	6.982E-5	-6.378E-5
44.296	6.996E-5	-6.380E-5
44.396	6.969E-5	-6.380E-5
44.496	6.952E-5	-6.398E-5
44.596	6.988E-5	-6.409E-5
44.696	7.003E-5	-6.417E-5
44.796	6.997E-5	-6.392E-5
44.896	7.024E-5	-6.362E-5
44.996	7.038E-5	-6.341E-5
45.095	7.043E-5	-6.318E-5
45.195	7.042E-5	-6.307E-5
45.295	7.036E-5	-6.329E-5
45.395	7.055E-5	-6.354E-5
45.495	7.061E-5	-6.387E-5
45.595	7.038E-5	-6.371E-5
45.695	7.048E-5	-6.379E-5
45.795	7.039E-5	-6.370E-5
45.895	7.022E-5	-6.340E-5
45.995	7.006E-5	-6.340E-5
46.095	6.991E-5	-6.309E-5
46.195	6.991E-5	-6.302E-5
46.295	6.961E-5	-6.314E-5
46.395	6.915E-5	-6.312E-5
46.495	6.917E-5	-6.338E-5
46.595	6.901E-5	-6.362E-5
46.695	6.917E-5	-6.356E-5
46.795	6.952E-5	-6.343E-5
46.895	6.994E-5	-6.367E-5
46.995	6.962E-5	-6.401E-5
47.095	6.961E-5	-6.411E-5
47.195	6.952E-5	-6.413E-5
47.295	6.984E-5	-6.421E-5
47.395	7.001E-5	-6.417E-5
47.495	7.031E-5	-6.411E-5
47.595	7.077E-5	-6.438E-5
47.695	7.106E-5	-6.395E-5
47.795	7.108E-5	-6.410E-5
47.895	7.092E-5	-6.411E-5
47.995	7.115E-5	-6.417E-5
48.095	7.140E-5	-6.378E-5
48.195	7.159E-5	-6.362E-5
48.295	7.146E-5	-6.389E-5
48.395	7.157E-5	-6.390E-5
48.495	7.195E-5	-6.396E-5
48.595	7.169E-5	-6.430E-5
48.695	7.168E-5	-6.443E-5
48.795	7.195E-5	-6.453E-5
48.895	7.207E-5	-6.446E-5
48.995	7.191E-5	-6.453E-5
49.095	7.176E-5	-6.458E-5
49.195	7.167E-5	-6.472E-5
49.295	7.166E-5	-6.461E-5
49.395	7.150E-5	-6.471E-5
49.495	7.149E-5	-6.451E-5
49.595	7.140E-5	-6.458E-5
49.695	7.133E-5	-6.497E-5
49.795	7.170E-5	-6.500E-5
49.895	7.176E-5	-6.494E-5
49.995	7.181E-5	-6.502E-5
50.095	7.201E-5	-6.508E-5
50.195	7.173E-5	-6.476E-5
50.295	7.160E-5	-6.512E-5
50.395	7.103E-5	-6.453E-5
50.495	7.088E-5	-6.441E-5
50.595	7.098E-5	-6.465E-5
50.695	7.117E-5	-6.448E-5
50.795	7.124E-5	-6.440E-5
50.895	7.148E-5	-6.443E-5
50.995	7.128E-5	-6.466E-5
51.095	7.139E-5	-6.453E-5
51.195	7.119E-5	-6.474E-5
51.295	7.133E-5	-6.475E-5
51.395	7.144E-5	-6.487E-5
51.495	7.155E-5	-6.463E-5
51.595	7.140E-5	-6.457E-5
51.695	7.171E-5	-6.447E-5
51.795	7.176E-5	-6.477E-5
51.895	7.165E-5	-6.517E-5
51.995	7.150E-5	-6.537E-5
52.095	7.200E-5	-6.522E-5
52.195	7.223E-5	-6.527E-5
52.295	7.231E-5	-6.573E-5
52.395	7.249E-5	-6.622E-5
52.495	7.275E-5	-6.667E-5
52.595	7.277E-5	-6.675E-5
52.695	7.260E-5	-6.682E-5
52.795	7.276E-5	-6.661E-5
52.895	7.251E-5	-6.664E-5
52.995	7.247E-5	-6.685E-5
53.095	7.263E-5	-6.687E-5
53.195	7.267E-5	-6.710E-5
53.295	7.273E-5	-6.684E-5
53.395	7.267E-5	-6.716E-5
53.495	7.239E-5	-6.720E-5
53.595	7.241E-5	-6.715E-5
53.695	7.245E-5	-6.690E-5
53.795	7.252E-5	-6.673E-5
53.895	7.254E-5	-6.655E-5
53.995	7.265E-5	-6.662E-5
54.095	7.267E-5	-6.658E-5
54.195	7.259E-5	-6.647E-5
54.295	7.262E-5	-6.647E-5
54.395	7.243E-5	-6.618E-5
54.495	7.254E-5	-6.619E-5
54.595	7.304E-5	-6.639E-5
54.695	7.338E-5	-6.672E-5
54.795	7.317E-5	-6.696E-5
54.895	7.325E-5	-6.725E-5
54.995	7.318E-5	-6.724E-5
55.094	7.318E-5	-6.719E-5
55.194	7.336E-5	-6.719E-5
55.294	7.362E-5	-6.731E-5
55.394	7.363E-5	-6.723E-5
55.494	7.365E-5	-6.724E-5
55.594	7.364E-5	-6.700E-5
55.694	7.403E-5	-6.714E-5
55.794	7.444E-5	-6.749E-5
55.894	7.410E-5	-6.727E-5
55.994	7.417E-5	-6.666E-5
56.094	7.398E-5	-6.660E-5
56.194	7.403E-5	-6.659E-5
56.294	7.408E-5	-6.676E-5
56.394	7.384E-5	-6.651E-5
56.494	7.373E-5	-6.643E-5
56.594	7.348E-5	-6.646E-5
56.694	7.327E-5	-6.648E-5
56.794	7.312E-5	-6.655E-5
56.894	7.322E-5	-6.673E-5
56.994	7.284E-5	-6.678E-5
57.094	7.293E-5	-6.712E-5
57.194	7.298E-5	-6.760E-5
57.294	7.289E-5	-6.759E-5
57.394	7.297E-5	-6.740E-5
57.494	7.322E-5	-6.693E-5
57.594	7.366E-5	-6.684E-5
57.694	7.378E-5	-6.703E-5
57.794	7.350E-5	-6.693E-5
57.894	7.320E-5	-6.652E-5
57.994	7.421E-5	-6.751E-5
58.094	7.485E-5	-6.848E-5
58.194	7.510E-5	-6.722E-5
58.294	7.430E-5	-6.747E-5
58.394	7.450E-5	-6.793E-5
58.494	7.478E-5	-6.769E-5
58.594	7.476E-5	-6.771E-5
58.694	7.454E-5	-6.822E-5
58.794	7.451E-5	-6.822E-5
58.894	7.465E-5	-6.918E-5
58.994	7.486E-5	-6.897E-5
59.094	7.473E-5	-6.914E-5
59.194	7.480E-5	-6.907E-5
59.294	7.486E-5	-6.901E-5
59.394	7.460E-5	-6.883E-5
59.494	7.463E-5	-6.893E-5
59.594	7.474E-5	-6.916E-5
59.694	7.515E-5	-6.957E-5
59.794	7.542E-5	-6.942E-5
59.894	7.538E-5	-6.941E-5
59.994	7.542E-5	-6.937E-5
60.094	7.571E-5	-6.937E-5
60.194	7.592E-5	-6.920E-5
60.294	7.595E-5	-6.905E-5
60.394	7.606E-5	-6.910E-5
60.494	7.611E-5	-6.901E-5
60.594	7.621E-5	-6.891E-5
60.694	7.633E-5	-6.894E-5
60.794	7.616E-5	-6.903E-5
60.894	7.616E-5	-6.888E-5
60.994	7.610E-5	-6.923E-5
61.094	7.555E-5	-6.903E-5
61.194	7.505E-5	-6.853E-5
61.294	7.515E-5	-6.903E-5
61.394	7.530E-5	-6.943E-5
61.494	7.595E-5	-6.948E-5
61.594	7.570E-5	-6.943E-5
61.694	7.575E-5	-6.923E-5
61.794	7.560E-5	-6.933E-5
61.894	7.580E-5	-6.938E-5
61.994	7.595E-5	-6.958E-5
62.094	7.610E-5	-7.023E-5
62.194	7.630E-5	-6.988E-5
62.294	7.625E-5	-6.988E-5
62.394	7.645E-5	-6.958E-5
62.494	7.647E-5	-6.946E-5
62.594	7.657E-5	-6.959E-5
62.694	7.674E-5	-6.972E-5
62.794	7.671E-5	-6.968E-5
62.894	7.665E-5	-6.975E-5
62.994	7.684E-5	-6.967E-5
63.094	7.707E-5	-6.994E-5
63.194	7.693E-5	-6.982E-5
63.294	7.722E-5	-6.962E-5
63.394	7.722E-5	-6.956E-5
63.494	7.718E-5	-6.950E-5
63.594	7.731E-5	-6.979E-5
63.694	7.721E-5	-6.973E-5
63.794	7.717E-5	-6.986E-5
63.894	7.717E-5	-6.989E-5
63.994	7.742E-5	-6.995E-5
64.094	7.719E-5	-6.981E-5
64.194	7.695E-5	-6.961E-5
64.294	7.711E-5	-6.981E-5
64.394	7.720E-5	-6.992E-5
64.494	7.678E-5	-7.014E-5
64.594	7.657E-5	-7.017E-5
64.694	7.657E-5	-7.022E-5
64.794	7.661E-5	-7.015E-5
64.894	7.688E-5	-7.016E-5
64.994	7.707E-5	-7.004E-5
65.093	7.701E-5	-6.990E-5
65.193	7.692E-5	-7.005E-5
65.293	7.715E-5	-7.023E-5
65.393	7.723E-5	-7.050E-5
65.493	7.732E-5	-7.045E-5
65.593	7.768E-5	-7.047E-5
65.693	7.751E-5	-7.029E-5
65.793	7.744E-5	-7.004E-5
65.893	7.756E-5	-7.037E-5
65.993	7.760E-5	-7.047E-5
66.093	7.758E-5	-7.063E-5
66.193	7.763E-5	-7.081E-5
66.293	7.774E-5	-7.099E-5
66.393	7.772E-5	-7.081E-5
66.493	7.773E-5	-7.077E-5
66.593	7.771E-5	-7.060E-5
66.693	7.786E-5	-7.056E-5
66.793	7.783E-5	-7.079E-5
66.893	7.782E-5	-7.098E-5
66.993	7.779E-5	-7.080E-5
67.093	7.794E-5	-7.097E-5
67.193	7.783E-5	-7.110E-5
67.293	7.804E-5	-7.130E-5
67.393	7.819E-5	-7.128E-5
67.493	7.841E-5	-7.123E-5
67.593	7.834E-5	-7.173E-5
67.693	7.880E-5	-7.174E-5
67.793	7.863E-5	-7.175E-5
67.893	7.850E-5	-7.162E-5
67.993	7.860E-5	-7.179E-5
68.093	7.875E-5	-7.206E-5
68.193	7.889E-5	-7.173E-5
68.293	7.879E-5	-7.161E-5
68.393	7.894E-5	-7.160E-5
68.493	7.892E-5	-7.180E-5
68.593	7.897E-5	-7.189E-5
68.693	7.874E-5	-7.151E-5
68.793	7.878E-5	-7.159E-5
68.893	7.916E-5	-7.166E-5
68.993	7.919E-5	-7.185E-5
69.093	7.909E-5	-7.198E-5
69.193	7.907E-5	-7.211E-5
69.293	7.926E-5	-7.213E-5
69.393	7.928E-5	-7.187E-5
69.493	7.908E-5	-7.207E-5
69.593	7.930E-5	-7.206E-5
69.693	7.930E-5	-7.196E-5
69.793	7.935E-5	-7.209E-5
69.893	7.940E-5	-7.224E-5
69.993	7.956E-5	-7.210E-5
70.093	7.957E-5	-7.189E-5
70.193	8.009E-5	-7.187E-5
70.293	8.009E-5	-7.156E-5
70.393	8.002E-5	-7.144E-5
70.493	8.001E-5	-7.151E-5
70.593	8.001E-5	-7.160E-5
70.693	8.020E-5	-7.148E-5
70.793	8.024E-5	-7.166E-5
70.893	8.053E-5	-7.161E-5
70.993	8.073E-5	-7.172E-5
71.093	8.096E-5	-7.194E-5
71.193	8.105E-5	-7.193E-5
71.293	8.063E-5	-7.198E-5
71.393	8.046E-5	-7.197E-5
71.493	8.013E-5	-7.197E-5
71.593	8.051E-5	-7.159E-5
71.693	8.083E-5	-7.186E-5
71.793	8.087E-5	-7.187E-5
71.893	8.085E-5	-7.197E-5
71.993	8.077E-5	-7.188E-5
72.093	8.086E-5	-7.198E-5
72.193	8.103E-5	-7.210E-5
72.293	8.104E-5	-7.226E-5
72.393	8.069E-5	-7.215E-5
72.493	8.087E-5	-7.232E-5
72.593	8.115E-5	-7.243E-5
72.693	8.130E-5	-7.238E-5
72.793	8.083E-5	-7.245E-5
72.893	8.089E-5	-7.253E-5
72.993	8.076E-5	-7.258E-5
73.093	8.065E-5	-7.242E-5
73.193	8.076E-5	-7.239E-5
73.293	8.077E-5	-7.205E-5
73.393	8.039E-5	-7.174E-5
73.493	8.029E-5	-7.187E-5
73.593	8.020E-5	-7.162E-5
73.693	8.014E-5	-7.156E-5
73.793	8.027E-5	-7.172E-5
73.893	8.066E-5	-7.182E-5
73.993	8.055E-5	-7.160E-5
74.093	8.024E-5	-7.136E-5
74.193	8.005E-5	-7.123E-5
74.293	8.011E-5	-7.123E-5
74.393	8.046E-5	-7.133E-5
74.493	8.051E-5	-7.113E-5
74.593	8.080E-5	-7.085E-5
74.693	8.094E-5	-7.081E-5
74.793	8.123E-5	-7.037E-5
74.893	8.137E-5	-6.989E-5
74.993	8.161E-5	-6.960E-5
75.092	8.141E-5	-6.920E-5
75.192	8.152E-5	-6.897E-5
75.292	8.146E-5	-6.929E-5
75.392	8.145E-5	-6.962E-5
75.492	8.130E-5	-6.990E-5
75.592	8.140E-5	-6.972E-5
75.692	8.136E-5	-6.997E-5
75.792	8.156E-5	-7.002E-5
75.892	8.157E-5	-7.019E-5
75.992	8.171E-5	-7.019E-5
76.092	8.179E-5	-6.994E-5
76.192	8.189E-5	-7.015E-5
76.292	8.188E-5	-7.010E-5
76.392	8.208E-5	-6.971E-5
76.492	8.232E-5	-6.966E-5
76.592	8.235E-5	-6.963E-5
76.692	8.272E-5	-6.931E-5
76.792	8.291E-5	-6.918E-5
76.892	8.307E-5	-6.911E-5
76.992	8.311E-5	-6.949E-5
77.092	8.313E-5	-6.952E-5
77.192	8.298E-5	-6.943E-5
77.292	8.313E-5	-6.955E-5
77.392	8.328E-5	-6.979E-5
77.492	8.314E-5	-7.028E-5
77.592	8.322E-5	-7.059E-5
77.692	8.343E-5	-7.047E-5
77.792	8.340E-5	-7.070E-5
77.892	8.340E-5	-7.087E-5
77.992	8.342E-5	-7.092E-5
78.092	8.366E-5	-7.045E-5
78.192	8.360E-5	-7.022E-5
78.292	8.324E-5	-7.018E-5
78.392	8.306E-5	-7.018E-5
78.492	8.307E-5	-7.020E-5
78.592	8.312E-5	-7.006E-5
78.692	8.296E-5	-7.011E-5
78.792	8.286E-5	-7.040E-5
78.892	8.285E-5	-7.051E-5
78.992	8.311E-5	-7.015E-5
79.092	8.343E-5	-7.010E-5
79.192	8.364E-5	-7.005E-5
79.292	8.365E-5	-7.030E-5
79.392	8.359E-5	-7.028E-5
79.492	8.359E-5	-7.007E-5
79.592	8.389E-5	-7.008E-5
79.692	8.418E-5	-7.008E-5
79.792	8.399E-5	-7.015E-5
79.892	8.423E-5	-7.048E-5
79.992	8.422E-5	-7.044E-5
80.092	8.426E-5	-7.021E-5
80.192	8.430E-5	-7.020E-5
80.292	8.424E-5	-7.022E-5
80.392	8.401E-5	-7.012E-5
80.492	8.396E-5	-6.982E-5
80.592	8.428E-5	-7.030E-5
80.692	8.411E-5	-7.025E-5
80.792	8.419E-5	-7.007E-5
80.892	8.400E-5	-7.027E-5
80.992	8.409E-5	-7.045E-5
81.092	8.432E-5	-7.063E-5
81.192	8.444E-5	-7.094E-5
81.292	8.483E-5	-7.114E-5
81.392	8.501E-5	-7.105E-5
81.492	8.528E-5	-7.119E-5
81.592	8.513E-5	-7.094E-5
81.692	8.497E-5	-7.095E-5
81.792	8.497E-5	-7.105E-5
81.892	8.521E-5	-7.112E-5
81.992	8.528E-5	-7.127E-5
82.092	8.534E-5	-7.132E-5
82.192	8.500E-5	-7.154E-5
82.292	8.465E-5	-7.159E-5
82.392	8.475E-5	-7.145E-5
82.492	8.468E-5	-7.119E-5
82.592	8.464E-5	-7.130E-5
82.692	8.492E-5	-7.122E-5
82.792	8.511E-5	-7.121E-5
82.892	8.561E-5	-7.125E-5
82.992	8.564E-5	-7.119E-5
83.092	8.524E-5	-7.149E-5
83.192	8.528E-5	-7.196E-5
83.292	8.562E-5	-7.230E-5
83.392	8.588E-5	-7.224E-5
83.492	8.603E-5	-7.206E-5
83.592	8.605E-5	-7.194E-5
83.692	8.636E-5	-7.198E-5
83.792	8.665E-5	-7.179E-5
83.892	8.711E-5	-7.194E-5
83.992	8.687E-5	-7.203E-5
84.092	8.668E-5	-7.218E-5
84.192	8.650E-5	-7.223E-5
84.292	8.641E-5	-7.223E-5
84.392	8.642E-5	-7.217E-5
84.492	8.641E-5	-7.178E-5
84.592	8.620E-5	-7.202E-5
84.692	8.641E-5	-7.246E-5
84.792	8.662E-5	-7.210E-5
84.892	8.700E-5	-7.172E-5
84.992	8.741E-5	-7.199E-5
85.091	8.726E-5	-7.192E-5
85.191	8.738E-5	-7.143E-5
85.291	8.755E-5	-7.149E-5
85.391	8.731E-5	-7.154E-5
85.491	8.733E-5	-7.198E-5
85.591	8.752E-5	-7.204E-5
85.691	8.774E-5	-7.169E-5
85.791	8.804E-5	-7.160E-5
85.891	8.805E-5	-7.150E-5
85.991	8.810E-5	-7.155E-5
86.091	8.791E-5	-7.158E-5
86.191	8.802E-5	-7.117E-5
86.291	8.837E-5	-7.089E-5
86.391	8.842E-5	-7.135E-5
86.491	8.852E-5	-7.161E-5
86.591	8.877E-5	-7.164E-5
86.691	8.895E-5	-7.138E-5
86.791	8.900E-5	-7.112E-5
86.891	8.944E-5	-7.095E-5
86.991	8.953E-5	-7.082E-5
87.091	8.990E-5	-7.074E-5
87.191	9.030E-5	-7.105E-5
87.291	9.021E-5	-7.159E-5
87.391	9.005E-5	-7.194E-5
87.491	8.995E-5	-7.176E-5
87.591	9.008E-5	-7.198E-5
87.691	9.026E-5	-7.203E-5
87.791	9.008E-5	-7.188E-5
87.891	9.019E-5	-7.195E-5
87.991	9.029E-5	-7.220E-5
88.091	9.006E-5	-7.234E-5
88.191	8.979E-5	-7.233E-5
88.291	8.972E-5	-7.183E-5
88.391	8.955E-5	-7.161E-5
88.491	8.949E-5	-7.144E-5
88.591	8.939E-5	-7.126E-5
88.691	8.931E-5	-7.136E-5
88.791	8.944E-5	-7.158E-5
88.891	8.941E-5	-7.147E-5
88.991	8.951E-5	-7.128E-5
89.091	8.954E-5	-7.132E-5
89.191	8.997E-5	-7.132E-5
89.291	8.990E-5	-7.126E-5
89.391	8.993E-5	-7.108E-5
89.491	9.018E-5	-7.135E-5
89.591	9.069E-5	-7.102E-5
89.691	9.069E-5	-7.079E-5
89.791	9.108E-5	-7.064E-5
89.891	9.091E-5	-7.078E-5
89.991	9.033E-5	-7.113E-5
90.091	9.039E-5	-7.148E-5
90.191	9.018E-5	-7.110E-5
90.291	9.013E-5	-7.094E-5
90.391	9.002E-5	-7.050E-5
90.491	9.015E-5	-7.044E-5
90.591	9.036E-5	-7.048E-5
90.691	9.004E-5	-7.046E-5
90.791	8.961E-5	-7.091E-5
90.891	8.931E-5	-7.107E-5
90.991	8.913E-5	-7.137E-5
91.091	8.955E-5	-7.197E-5
91.191	9.009E-5	-7.236E-5
91.291	9.030E-5	-7.230E-5
91.391	9.018E-5	-7.234E-5
91.491	9.052E-5	-7.224E-5
91.591	9.046E-5	-7.229E-5
91.691	9.077E-5	-7.207E-5
91.791	9.104E-5	-7.180E-5
91.891	9.157E-5	-7.217E-5
91.991	9.157E-5	-7.254E-5
92.091	9.153E-5	-7.260E-5
92.191	9.160E-5	-7.248E-5
92.291	9.149E-5	-7.260E-5
92.391	9.128E-5	-7.320E-5
92.491	9.130E-5	-7.318E-5
92.591	9.162E-5	-7.308E-5
92.691	9.171E-5	-7.276E-5
92.791	9.134E-5	-7.259E-5
92.891	9.142E-5	-7.183E-5
92.991	9.192E-5	-7.178E-5
93.091	9.187E-5	-7.197E-5
93.191	9.186E-5	-7.202E-5
93.291	9.187E-5	-7.178E-5
93.391	9.192E-5	-7.167E-5
93.491	9.192E-5	-7.178E-5
93.591	9.238E-5	-7.150E-5
93.691	9.262E-5	-7.087E-5
93.791	9.221E-5	-7.060E-5
93.891	9.187E-5	-7.088E-5
93.991	9.172E-5	-7.110E-5
94.091	9.168E-5	-7.111E-5
94.191	9.166E-5	-7.074E-5
94.291	9.189E-5	-7.061E-5
94.391	9.191E-5	-7.017E-5
94.491	9.209E-5	-7.012E-5
94.591	9.218E-5	-7.023E-5
94.691	9.226E-5	-7.060E-5
94.791	9.216E-5	-7.066E-5
94.891	9.219E-5	-7.077E-5
94.991	9.217E-5	-7.075E-5
95.090	9.215E-5	-7.077E-5
95.190	9.209E-5	-7.093E-5
95.290	9.244E-5	-7.117E-5
95.390	9.204E-5	-7.093E-5
95.490	9.210E-5	-7.085E-5
95.590	9.202E-5	-7.088E-5
95.690	9.219E-5	-7.064E-5
95.790	9.220E-5	-7.049E-5
95.890	9.242E-5	-7.056E-5
95.990	9.258E-5	-7.067E-5
96.090	9.266E-5	-7.089E-5
96.190	9.242E-5	-7.087E-5
96.290	9.219E-5	-7.073E-5
96.390	9.231E-5	-7.060E-5
96.490	9.212E-5	-7.073E-5
96.590	9.238E-5	-7.099E-5
96.690	9.230E-5	-7.067E-5
96.790	9.244E-5	-7.088E-5
96.890	9.229E-5	-7.107E-5
96.990	9.239E-5	-7.117E-5
97.090	9.240E-5	-7.104E-5
97.190	9.217E-5	-7.148E-5
97.290	9.222E-5	-7.138E-5
97.390	9.197E-5	-7.158E-5
97.490	9.217E-5	-7.188E-5
97.590	9.227E-5	-7.143E-5
97.690	9.202E-5	-7.198E-5
97.790	9.207E-5	-7.198E-5
97.890	9.172E-5	-7.228E-5
97.990	9.187E-5	-7.228E-5
98.090	9.212E-5	-7.223E-5
98.190	9.210E-5	-7.170E-5
98.290	9.200E-5	-7.176E-5
98.390	9.147E-5	-7.213E-5
98.490	9.177E-5	-7.208E-5
98.590	9.132E-5	-7.248E-5
98.690	9.142E-5	-7.250E-5
98.790	9.160E-5	-7.226E-5
98.890	9.172E-5	-7.225E-5
98.990	9.179E-5	-7.215E-5
99.090	9.162E-5	-7.214E-5
99.190	9.142E-5	-7.178E-5
99.290	9.167E-5	-7.204E-5
99.390	9.163E-5	-7.233E-5
99.490	9.167E-5	-7.293E-5
99.590	9.172E-5	-7.323E-5
99.690	9.144E-5	-7.329E-5
99.790	9.197E-5	-7.368E-5
99.890	9.171E-5	-7.365E-5
99.990	9.171E-5	-7.373E-5
100.090	9.168E-5	-7.351E-5
100.190	9.170E-5	-7.341E-5
100.290	9.149E-5	-7.341E-5
100.390	9.154E-5	-7.350E-5
100.490	9.145E-5	-7.367E-5
100.590	9.156E-5	-7.364E-5
100.690	9.151E-5	-7.338E-5
100.790	9.168E-5	-7.345E-5
100.890	9.183E-5	-7.369E-5
100.990	9.193E-5	-7.406E-5
101.090	9.207E-5	-7.428E-5
101.190	9.193E-5	-7.404E-5
101.290	9.195E-5	-7.389E-5
101.390	9.252E-5	-7.423E-5
101.490	9.277E-5	-7.513E-5
101.590	9.312E-5	-7.523E-5
101.690	9.312E-5	-7.483E-5
101.790	9.307E-5	-7.463E-5
101.890	9.287E-5	-7.458E-5
101.990	9.282E-5	-7.403E-5
102.090	9.322E-5	-7.403E-5
102.190	9.287E-5	-7.323E-5
102.290	9.352E-5	-7.328E-5
102.390	9.372E-5	-7.338E-5
102.490	9.362E-5	-7.223E-5
102.590	9.332E-5	-7.218E-5
102.690	9.272E-5	-7.198E-5
102.790	9.317E-5	-7.178E-5
102.890	9.362E-5	-7.153E-5
102.990	9.347E-5	-7.243E-5
103.090	9.317E-5	-7.248E-5
103.190	9.212E-5	-7.203E-5
103.290	9.212E-5	-7.263E-5
103.390	9.282E-5	-7.258E-5
103.490	9.252E-5	-7.288E-5
103.590	9.177E-5	-7.198E-5
103.690	9.197E-5	-7.228E-5
103.790	9.212E-5	-7.138E-5
103.890	9.142E-5	-7.088E-5
103.990	9.212E-5	-7.103E-5
104.090	9.192E-5	-7.073E-5
104.190	9.197E-5	-7.048E-5
104.290	9.203E-5	-7.045E-5
104.390	9.197E-5	-7.087E-5
104.490	9.183E-5	-7.098E-5
104.590	9.173E-5	-7.102E-5
104.690	9.193E-5	-7.138E-5
104.790	9.223E-5	-7.160E-5
104.890	9.218E-5	-7.126E-5
104.990	9.344E-5	-7.064E-5
105.089	9.324E-5	-7.098E-5
105.189	9.303E-5	-7.097E-5
105.289	9.313E-5	-7.089E-5
105.389	9.326E-5	-7.101E-5
105.489	9.382E-5	-7.143E-5
105.589	9.427E-5	-7.123E-5
105.689	9.351E-5	-7.073E-5
105.789	9.322E-5	-7.012E-5
105.889	9.342E-5	-7.003E-5
105.989	9.287E-5	-6.993E-5
106.089	9.244E-5	-6.940E-5
106.189	9.238E-5	-6.963E-5
106.289	9.241E-5	-6.983E-5
106.389	9.254E-5	-6.995E-5
106.489	9.261E-5	-7.015E-5
106.589	9.296E-5	-7.041E-5
106.689	9.332E-5	-7.078E-5
106.789	9.292E-5	-7.098E-5
106.889	9.312E-5	-7.118E-5
106.989	9.262E-5	-7.143E-5
107.089	9.322E-5	-7.183E-5
107.189	9.277E-5	-7.143E-5
107.289	9.297E-5	-7.183E-5
107.389	9.272E-5	-7.203E-5
107.489	9.272E-5	-7.238E-5
107.589	9.217E-5	-7.213E-5
107.689	9.187E-5	-7.203E-5
107.789	9.242E-5	-7.278E-5
107.889	9.312E-5	-7.278E-5
107.989	9.312E-5	-7.248E-5
108.089	9.287E-5	-7.263E-5
108.189	9.330E-5	-7.225E-5
108.289	9.316E-5	-7.251E-5
108.389	9.306E-5	-7.241E-5
108.489	9.328E-5	-7.228E-5
108.589	9.274E-5	-7.192E-5
108.689	9.301E-5	-7.168E-5
108.789	9.241E-5	-7.160E-5
108.889	9.237E-5	-7.096E-5
108.989	9.237E-5	-7.100E-5
109.089	9.237E-5	-7.128E-5
109.189	9.225E-5	-7.096E-5
109.289	9.237E-5	-7.128E-5
109.389	9.216E-5	-7.165E-5
109.489	9.229E-5	-7.159E-5
109.589	9.235E-5	-7.130E-5
109.689	9.205E-5	-7.143E-5
109.789	9.209E-5	-7.133E-5
109.889	9.234E-5	-7.112E-5
109.989	9.236E-5	-7.118E-5
110.089	9.232E-5	-7.113E-5
110.189	9.222E-5	-7.114E-5
110.289	9.228E-5	-7.121E-5
110.389	9.221E-5	-7.129E-5
110.489	9.250E-5	-7.119E-5
110.589	9.244E-5	-7.152E-5
110.689	9.222E-5	-7.131E-5
110.789	9.228E-5	-7.160E-5
110.889	9.240E-5	-7.141E-5
110.989	9.241E-5	-7.157E-5
111.089	9.253E-5	-7.160E-5
111.189	9.236E-5	-7.183E-5
111.289	9.242E-5	-7.192E-5
111.389	9.211E-5	-7.200E-5
111.489	9.209E-5	-7.184E-5
111.589	9.251E-5	-7.179E-5
111.689	9.233E-5	-7.202E-5
111.789	9.249E-5	-7.175E-5
111.889	9.284E-5	-7.145E-5
111.989	9.317E-5	-7.127E-5
112.089	9.319E-5	-7.126E-5
112.189	9.299E-5	-7.115E-5
112.289	9.305E-5	-7.107E-5
112.389	9.301E-5	-7.105E-5
112.489	9.322E-5	-7.068E-5
112.589	9.336E-5	-7.049E-5
112.689	9.302E-5	-7.063E-5
112.789	9.302E-5	-7.071E-5
112.889	9.296E-5	-7.070E-5
112.989	9.297E-5	-7.037E-5
113.089	9.273E-5	-6.993E-5
113.189	9.299E-5	-7.024E-5
113.289	9.310E-5	-6.990E-5
113.389	9.300E-5	-6.975E-5
113.489	9.303E-5	-6.952E-5
113.589	9.325E-5	-6.912E-5
113.689	9.334E-5	-6.866E-5
113.789	9.311E-5	-6.822E-5
113.889	9.337E-5	-6.831E-5
113.989	9.289E-5	-6.858E-5
114.089	9.259E-5	-6.830E-5
114.189	9.261E-5	-6.817E-5
114.289	9.294E-5	-6.832E-5
114.389	9.324E-5	-6.826E-5
114.489	9.355E-5	-6.803E-5
114.589	9.397E-5	-6.799E-5
114.689	9.389E-5	-6.851E-5
114.789	9.401E-5	-6.848E-5
114.889	9.426E-5	-6.830E-5
114.989	9.432E-5	-6.827E-5
115.088	9.418E-5	-6.829E-5
115.188	9.450E-5	-6.802E-5
115.288	9.453E-5	-6.775E-5
115.388	9.464E-5	-6.788E-5
115.488	9.474E-5	-6.786E-5
115.588	9.480E-5	-6.780E-5
115.688	9.486E-5	-6.759E-5
115.788	9.490E-5	-6.749E-5
115.888	9.508E-5	-6.729E-5
115.988	9.524E-5	-6.737E-5
116.088	9.511E-5	-6.680E-5
116.188	9.478E-5	-6.655E-5
116.288	9.453E-5	-6.657E-5
116.388	9.477E-5	-6.653E-5
116.488	9.488E-5	-6.609E-5
116.588	9.490E-5	-6.599E-5
116.688	9.450E-5	-6.579E-5
116.788	9.441E-5	-6.555E-5
116.888	9.444E-5	-6.565E-5
116.988	9.402E-5	-6.577E-5
117.088	9.371E-5	-6.580E-5
117.188	9.423E-5	-6.542E-5
117.288	9.448E-5	-6.513E-5
117.388	9.449E-5	-6.525E-5
117.488	9.424E-5	-6.564E-5
117.588	9.430E-5	-6.603E-5
117.688	9.419E-5	-6.612E-5
117.788	9.411E-5	-6.591E-5
117.888	9.399E-5	-6.590E-5
117.988	9.365E-5	-6.602E-5
118.088	9.377E-5	-6.643E-5
118.188	9.414E-5	-6.639E-5
118.288	9.378E-5	-6.611E-5
118.388	9.407E-5	-6.658E-5
118.488	9.434E-5	-6.679E-5
118.588	9.401E-5	-6.677E-5
118.688	9.395E-5	-6.668E-5
118.788	9.370E-5	-6.642E-5
118.888	9.351E-5	-6.634E-5
118.988	9.320E-5	-6.661E-5
119.088	9.328E-5	-6.648E-5
119.188	9.332E-5	-6.621E-5
119.288	9.345E-5	-6.616E-5
119.388	9.329E-5	-6.552E-5
119.488	9.357E-5	-6.544E-5
119.588	9.363E-5	-6.541E-5
119.688	9.387E-5	-6.540E-5
119.788	9.401E-5	-6.569E-5
119.888	9.398E-5	-6.550E-5
119.988	9.403E-5	-6.550E-5
120.088	9.403E-5	-6.564E-5
120.188	9.449E-5	-6.560E-5
120.288	9.502E-5	-6.549E-5
120.388	9.520E-5	-6.530E-5
120.488	9.522E-5	-6.542E-5
120.588	9.537E-5	-6.574E-5
120.688	9.574E-5	-6.567E-5
120.788	9.602E-5	-6.563E-5
120.888	9.596E-5	-6.581E-5
120.988	9.576E-5	-6.580E-5
121.088	9.551E-5	-6.537E-5
121.188	9.596E-5	-6.544E-5
121.288	9.630E-5	-6.567E-5
121.388	9.657E-5	-6.567E-5
121.488	9.667E-5	-6.539E-5
121.588	9.692E-5	-6.599E-5
121.688	9.742E-5	-6.624E-5
121.788	9.719E-5	-6.608E-5
121.888	9.730E-5	-6.623E-5
121.988	9.743E-5	-6.621E-5
122.088	9.764E-5	-6.654E-5
122.188	9.813E-5	-6.684E-5
122.288	9.764E-5	-6.715E-5
122.388	9.768E-5	-6.739E-5
122.488	9.813E-5	-6.711E-5
122.588	9.813E-5	-6.747E-5
122.688	9.831E-5	-6.675E-5
122.788	9.843E-5	-6.674E-5
122.888	9.829E-5	-6.671E-5
122.988	9.819E-5	-6.700E-5
123.088	9.829E-5	-6.709E-5
123.188	9.832E-5	-6.715E-5
123.288	9.845E-5	-6.727E-5
123.388	9.821E-5	-6.719E-5
123.488	9.809E-5	-6.703E-5
123.588	9.785E-5	-6.672E-5
123.688	9.770E-5	-6.681E-5
123.788	9.768E-5	-6.686E-5
123.888	9.757E-5	-6.681E-5
123.988	9.779E-5	-6.701E-5
124.088	9.778E-5	-6.710E-5
124.188	9.789E-5	-6.726E-5
124.288	9.769E-5	-6.728E-5
124.388	9.769E-5	-6.719E-5
124.488	9.767E-5	-6.691E-5
124.588	9.791E-5	-6.687E-5
124.688	9.804E-5	-6.679E-5
124.788	9.797E-5	-6.677E-5
124.888	9.788E-5	-6.722E-5
124.988	9.792E-5	-6.738E-5
125.087	9.791E-5	-6.713E-5
125.187	9.770E-5	-6.682E-5
125.287	9.738E-5	-6.680E-5
125.387	9.747E-5	-6.686E-5
125.487	9.781E-5	-6.662E-5
125.587	9.796E-5	-6.629E-5
125.687	9.815E-5	-6.625E-5
125.787	9.848E-5	-6.597E-5
125.887	9.867E-5	-6.615E-5
125.987	9.920E-5	-6.609E-5
126.087	9.899E-5	-6.616E-5
126.187	9.883E-5	-6.620E-5
126.287	9.896E-5	-6.622E-5
126.387	9.895E-5	-6.598E-5
126.487	9.896E-5	-6.596E-5
126.587	9.899E-5	-6.573E-5
126.687	9.887E-5	-6.552E-5
126.787	9.900E-5	-6.563E-5
126.887	9.869E-5	-6.558E-5
126.987	9.889E-5	-6.567E-5
127.087	9.892E-5	-6.561E-5
127.187	9.889E-5	-6.541E-5
127.287	9.917E-5	-6.543E-5
127.387	9.917E-5	-6.537E-5
127.487	9.945E-5	-6.513E-5
127.587	9.942E-5	-6.533E-5
127.687	9.920E-5	-6.533E-5
127.787	9.920E-5	-6.533E-5
127.887	9.949E-5	-6.520E-5
127.987	9.995E-5	-6.491E-5
128.087	9.973E-5	-6.488E-5
128.187	9.947E-5	-6.475E-5
128.287	9.938E-5	-6.461E-5
128.387	9.953E-5	-6.446E-5
128.487	9.921E-5	-6.448E-5
128.587	9.953E-5	-6.422E-5
128.687	9.996E-5	-6.453E-5
128.787	1.002E-4	-6.439E-5
128.887	9.998E-5	-6.406E-5
128.987	9.985E-5	-6.373E-5
129.087	9.895E-5	-6.400E-5
129.187	9.828E-5	-6.422E-5
129.287	9.819E-5	-6.446E-5
129.387	9.804E-5	-6.462E-5
129.487	9.757E-5	-6.469E-5
129.587	9.683E-5	-6.461E-5
129.687	9.675E-5	-6.439E-5
129.787	9.724E-5	-6.443E-5
129.887	9.786E-5	-6.381E-5
129.987	9.741E-5	-6.439E-5
130.087	9.724E-5	-6.439E-5
130.187	9.730E-5	-6.446E-5
130.287	9.774E-5	-6.431E-5
130.387	9.688E-5	-6.448E-5
130.487	9.772E-5	-6.450E-5
130.587	9.755E-5	-6.454E-5
130.687	9.757E-5	-6.442E-5
130.787	9.771E-5	-6.447E-5
130.887	9.771E-5	-6.444E-5
130.987	9.725E-5	-6.436E-5
131.087	9.713E-5	-6.400E-5
131.187	9.676E-5	-6.396E-5
131.287	9.667E-5	-6.408E-5
131.387	9.644E-5	-6.421E-5
131.487	9.648E-5	-6.425E-5
131.587	9.616E-5	-6.430E-5
131.687	9.594E-5	-6.426E-5
131.787	9.615E-5	-6.414E-5
131.887	9.630E-5	-6.388E-5
131.987	9.616E-5	-6.398E-5
132.087	9.617E-5	-6.410E-5
132.187	9.605E-5	-6.388E-5
132.287	9.596E-5	-6.375E-5
132.387	9.600E-5	-6.381E-5
132.487	9.620E-5	-6.377E-5
132.587	9.669E-5	-6.384E-5
132.687	9.672E-5	-6.354E-5
132.787	9.694E-5	-6.383E-5
132.887	9.697E-5	-6.390E-5
132.987	9.667E-5	-6.373E-5
133.087	9.649E-5	-6.375E-5
133.187	9.657E-5	-6.385E-5
133.287	9.652E-5	-6.399E-5
133.387	9.648E-5	-6.430E-5
133.487	9.694E-5	-6.420E-5
133.587	9.699E-5	-6.447E-5
133.687	9.692E-5	-6.452E-5
133.787	9.724E-5	-6.430E-5
133.887	9.751E-5	-6.411E-5
133.987	9.771E-5	-6.377E-5
134.087	9.817E-5	-6.409E-5
134.187	9.796E-5	-6.419E-5
134.287	9.817E-5	-6.419E-5
134.387	9.825E-5	-6.421E-5
134.487	9.827E-5	-6.428E-5
134.587	9.857E-5	-6.438E-5
134.687	9.855E-5	-6.417E-5
134.787	9.850E-5	-6.395E-5
134.887	9.875E-5	-6.399E-5
134.987	9.904E-5	-6.387E-5
135.086	9.919E-5	-6.395E-5
135.186	9.947E-5	-6.443E-5
135.286	9.948E-5	-6.460E-5
135.386	9.979E-5	-6.470E-5
135.486	9.988E-5	-6.488E-5
135.586	9.965E-5	-6.494E-5
135.686	9.963E-5	-6.504E-5
135.786	9.985E-5	-6.506E-5
135.886	1.004E-4	-6.506E-5
135.986	1.006E-4	-6.497E-5
136.086	1.007E-4	-6.469E-5
136.186	1.010E-4	-6.484E-5
136.286	1.010E-4	-6.467E-5
136.386	1.008E-4	-6.455E-5
136.486	1.007E-4	-6.440E-5
136.586	1.007E-4	-6.467E-5
136.686	1.006E-4	-6.495E-5
136.786	1.004E-4	-6.484E-5
136.886	1.004E-4	-6.483E-5
136.986	9.991E-5	-6.452E-5
137.086	1.001E-4	-6.466E-5
137.186	1.006E-4	-6.487E-5
137.286	1.004E-4	-6.477E-5
137.386	1.007E-4	-6.477E-5
137.486	1.004E-4	-6.466E-5
137.586	1.008E-4	-6.480E-5
137.686	1.008E-4	-6.515E-5
137.786	1.011E-4	-6.506E-5
137.886	1.013E-4	-6.526E-5
137.986	1.009E-4	-6.529E-5
138.086	1.006E-4	-6.513E-5
138.186	1.004E-4	-6.496E-5
138.286	1.008E-4	-6.465E-5
138.386	1.013E-4	-6.501E-5
138.486	1.014E-4	-6.457E-5
138.586	1.010E-4	-6.446E-5
138.686	1.011E-4	-6.456E-5
138.786	1.012E-4	-6.468E-5
138.886	1.014E-4	-6.456E-5
138.986	1.017E-4	-6.435E-5
139.086	1.018E-4	-6.426E-5
139.186	1.017E-4	-6.407E-5
139.286	1.016E-4	-6.417E-5
139.386	1.018E-4	-6.488E-5
139.486	1.021E-4	-6.489E-5
139.586	1.026E-4	-6.590E-5
139.686	1.018E-4	-6.590E-5
139.786	1.019E-4	-6.651E-5
139.886	1.018E-4	-6.654E-5
139.986	1.021E-4	-6.624E-5
140.086	1.017E-4	-6.497E-5
140.186	1.014E-4	-6.546E-5
140.286	1.012E-4	-6.577E-5
140.386	1.015E-4	-6.564E-5
140.486	1.020E-4	-6.595E-5
140.586	1.018E-4	-6.555E-5
140.686	1.015E-4	-6.479E-5
140.786	1.015E-4	-6.519E-5
140.886	1.021E-4	-6.555E-5
140.986	1.022E-4	-6.546E-5
141.086	1.021E-4	-6.550E-5
141.186	1.023E-4	-6.524E-5
141.286	1.023E-4	-6.488E-5
141.386	1.023E-4	-6.510E-5
141.486	1.023E-4	-6.524E-5
141.586	1.026E-4	-6.550E-5
141.686	1.024E-4	-6.541E-5
141.786	1.028E-4	-6.533E-5
141.886	1.025E-4	-6.504E-5
141.986	1.017E-4	-6.470E-5
142.086	1.018E-4	-6.430E-5
142.186	1.021E-4	-6.429E-5
142.286	1.020E-4	-6.440E-5
142.386	1.021E-4	-6.463E-5
142.486	1.021E-4	-6.517E-5
142.586	1.022E-4	-6.561E-5
142.686	1.019E-4	-6.526E-5
142.786	1.019E-4	-6.510E-5
142.886	1.019E-4	-6.518E-5
142.986	1.022E-4	-6.480E-5
143.086	1.025E-4	-6.488E-5
143.186	1.025E-4	-6.501E-5
143.286	1.024E-4	-6.515E-5
143.386	1.019E-4	-6.513E-5
143.486	1.022E-4	-6.519E-5
143.586	1.023E-4	-6.546E-5
143.686	1.026E-4	-6.550E-5
143.786	1.030E-4	-6.557E-5
143.886	1.033E-4	-6.559E-5
143.986	1.030E-4	-6.626E-5
144.086	1.032E-4	-6.626E-5
144.186	1.035E-4	-6.596E-5
144.286	1.040E-4	-6.579E-5
144.386	1.043E-4	-6.595E-5
144.486	1.040E-4	-6.602E-5
144.586	1.040E-4	-6.609E-5
144.686	1.040E-4	-6.641E-5
144.786	1.035E-4	-6.626E-5
144.886	1.035E-4	-6.639E-5
144.986	1.035E-4	-6.651E-5
145.085	1.038E-4	-6.651E-5
145.185	1.037E-4	-6.646E-5
145.285	1.035E-4	-6.636E-5
145.385	1.022E-4	-6.577E-5
145.485	1.031E-4	-6.646E-5
145.585	1.025E-4	-6.680E-5
145.685	1.021E-4	-6.679E-5
145.785	1.021E-4	-6.705E-5
145.885	1.017E-4	-6.689E-5
145.985	1.025E-4	-6.657E-5
146.085	1.019E-4	-6.640E-5
146.185	1.017E-4	-6.626E-5
146.285	1.017E-4	-6.631E-5
146.385	1.019E-4	-6.603E-5
146.485	1.021E-4	-6.556E-5
146.585	1.021E-4	-6.555E-5
146.685	1.020E-4	-6.573E-5
146.785	1.021E-4	-6.561E-5
146.885	1.023E-4	-6.554E-5
146.985	1.024E-4	-6.558E-5
147.085	1.022E-4	-6.560E-5
147.185	1.023E-4	-6.560E-5
147.285	1.023E-4	-6.610E-5
147.385	1.024E-4	-6.600E-5
147.485	1.020E-4	-6.562E-5
147.585	1.019E-4	-6.545E-5
147.685	1.020E-4	-6.538E-5
147.785	1.023E-4	-6.543E-5
147.885	1.024E-4	-6.529E-5
147.985	1.027E-4	-6.508E-5
148.085	1.029E-4	-6.512E-5
148.185	1.032E-4	-6.563E-5
148.285	1.032E-4	-6.607E-5
148.385	1.027E-4	-6.618E-5
148.485	1.027E-4	-6.637E-5
148.585	1.024E-4	-6.666E-5
148.685	1.022E-4	-6.669E-5
148.785	1.017E-4	-6.699E-5
148.885	1.018E-4	-6.680E-5
148.985	1.022E-4	-6.690E-5
149.085	1.023E-4	-6.694E-5
149.185	1.024E-4	-6.677E-5
149.285	1.022E-4	-6.644E-5
149.385	1.022E-4	-6.636E-5
149.485	1.022E-4	-6.620E-5
149.585	1.024E-4	-6.599E-5
149.685	1.026E-4	-6.580E-5
149.785	1.027E-4	-6.545E-5
149.885	1.030E-4	-6.516E-5
149.985	1.029E-4	-6.516E-5
150.085	1.030E-4	-6.501E-5
150.185	1.031E-4	-6.510E-5
150.285	1.033E-4	-6.483E-5
150.385	1.035E-4	-6.484E-5
150.485	1.036E-4	-6.460E-5
150.585	1.038E-4	-6.482E-5
150.685	1.038E-4	-6.478E-5
150.785	1.040E-4	-6.517E-5
150.885	1.044E-4	-6.555E-5
150.985	1.042E-4	-6.585E-5
151.085	1.038E-4	-6.612E-5
151.185	1.038E-4	-6.650E-5
151.285	1.038E-4	-6.680E-5
151.385	1.035E-4	-6.703E-5
151.485	1.034E-4	-6.698E-5
151.585	1.036E-4	-6.663E-5
151.685	1.035E-4	-6.665E-5
151.785	1.034E-4	-6.681E-5
151.885	1.036E-4	-6.654E-5
151.985	1.036E-4	-6.654E-5
152.085	1.036E-4	-6.658E-5
152.185	1.035E-4	-6.653E-5
152.285	1.036E-4	-6.657E-5
152.385	1.039E-4	-6.682E-5
152.485	1.037E-4	-6.738E-5
152.585	1.043E-4	-6.733E-5
152.685	1.044E-4	-6.703E-5
152.785	1.043E-4	-6.677E-5
152.885	1.046E-4	-6.681E-5
152.985	1.046E-4	-6.677E-5
153.085	1.043E-4	-6.669E-5
153.185	1.041E-4	-6.677E-5
153.285	1.043E-4	-6.672E-5
153.385	1.045E-4	-6.680E-5
153.485	1.052E-4	-6.683E-5
153.585	1.051E-4	-6.661E-5
153.685	1.048E-4	-6.666E-5
153.785	1.048E-4	-6.669E-5
153.885	1.047E-4	-6.699E-5
153.985	1.046E-4	-6.795E-5
154.085	1.048E-4	-6.795E-5
154.185	1.051E-4	-6.759E-5
154.285	1.053E-4	-6.758E-5
154.385	1.056E-4	-6.735E-5
154.485	1.060E-4	-6.762E-5
154.585		-6.753E-5
154.685	1.066E-4	-6.711E-5
154.785	1.065E-4	-6.742E-5
154.885	1.069E-4	-6.733E-5
154.985	1.073E-4	-6.735E-5
155.084	1.078E-4	-6.681E-5
155.184	1.074E-4	-6.681E-5
155.284	1.074E-4	-6.663E-5
155.384	1.077E-4	-6.679E-5
155.484	1.079E-4	-6.680E-5
155.584	1.079E-4	-6.705E-5
155.684	1.077E-4	-6.704E-5
155.784	1.079E-4	-6.705E-5
155.884	1.079E-4	-6.711E-5
155.984	1.079E-4	-6.707E-5
156.084	1.077E-4	-6.686E-5
