0.000	-1.832E-5	4.651E-6
0.100	-1.783E-5	4.740E-6
0.200	-1.783E-5	5.108E-6
0.300	-1.758E-5	5.147E-6
0.400	-1.760E-5	5.115E-6
0.500	-1.730E-5	5.131E-6
0.600	-1.777E-5	5.456E-6
0.700	-1.763E-5	5.654E-6
0.800	-1.758E-5	5.696E-6
0.900	-1.727E-5	5.386E-6
1.000	-1.715E-5	5.308E-6
1.100	-1.710E-5	5.101E-6
1.200	-1.707E-5	4.648E-6
1.300	-1.683E-5	4.752E-6
1.400	-1.684E-5	5.121E-6
1.500	-1.699E-5	5.187E-6
1.600	-1.720E-5	5.360E-6
1.700	-1.724E-5	5.408E-6
1.800	-1.745E-5	5.499E-6
1.900	-1.723E-5	5.720E-6
2.000	-1.679E-5	5.464E-6
2.100	-1.631E-5	5.891E-6
2.200	-1.588E-5	6.132E-6
2.300	-1.585E-5	6.172E-6
2.400	-1.534E-5	6.167E-6
2.500	-1.510E-5	6.160E-6
2.600	-1.510E-5	5.542E-6
2.700	-1.500E-5	5.421E-6
2.800	-1.478E-5	5.397E-6
2.900	-1.455E-5	5.031E-6
3.000	-1.428E-5	4.856E-6
3.100	-1.429E-5	4.751E-6
3.200	-1.452E-5	4.756E-6
3.300	-1.431E-5	4.784E-6
3.400	-1.391E-5	4.829E-6
3.500	-1.396E-5	4.435E-6
3.600	-1.377E-5	4.164E-6
3.700	-1.381E-5	4.230E-6
3.800	-1.365E-5	3.976E-6
3.900	-1.323E-5	3.738E-6
4.000	-1.339E-5	3.713E-6
4.100	-1.339E-5	3.831E-6
4.200	-1.363E-5	4.072E-6
4.300	-1.363E-5	4.033E-6
4.400	-1.367E-5	4.235E-6
4.500	-1.364E-5	4.421E-6
4.600	-1.350E-5	4.611E-6
4.700	-1.325E-5	5.150E-6
4.800	-1.366E-5	5.419E-6
4.900	-1.359E-5	5.148E-6
5.000	-1.302E-5	5.090E-6
5.099	-1.302E-5	4.894E-6
5.199	-1.305E-5	4.437E-6
5.299	-1.287E-5	4.426E-6
5.399	-1.293E-5	4.197E-6
5.499	-1.302E-5	4.351E-6
5.599	-1.333E-5	4.404E-6
5.699	-1.350E-5	4.158E-6
5.799	-1.319E-5	4.398E-6
5.899	-1.281E-5	4.284E-6
5.999	-1.270E-5	4.085E-6
6.099	-1.255E-5	4.189E-6
6.199	-1.261E-5	4.358E-6
6.299	-1.233E-5	4.448E-6
6.399	-1.203E-5	4.599E-6
6.499	-1.203E-5	4.642E-6
6.599	-1.126E-5	4.646E-6
6.699	-1.120E-5	4.638E-6
6.799	-1.102E-5	4.850E-6
6.899	-1.075E-5	4.661E-6
6.999	-1.038E-5	4.263E-6
7.099	-1.036E-5	4.170E-6
7.199	-1.013E-5	3.887E-6
7.299	-9.855E-6	3.366E-6
7.399	-9.798E-6	3.083E-6
7.499	-9.600E-6	2.910E-6
7.599	-9.370E-6	2.840E-6
7.699	-9.341E-6	2.763E-6
7.799	-9.227E-6	2.893E-6
7.899	-8.609E-6	3.031E-6
7.999	-8.516E-6	2.374E-6
8.099	-8.165E-6	1.978E-6
8.199	-7.813E-6	1.755E-6
8.299	-8.039E-6	1.791E-6
8.399	-8.056E-6	2.187E-6
8.499	-8.327E-6	2.339E-6
8.599	-8.331E-6	2.310E-6
8.699	-8.246E-6	2.238E-6
8.799	-8.184E-6	2.033E-6
8.899	-7.876E-6	1.885E-6
8.999	-7.631E-6	1.964E-6
9.099	-6.861E-6	1.993E-6
9.199	-6.367E-6	1.988E-6
9.299	-6.121E-6	1.932E-6
9.399	-5.964E-6	2.023E-6
9.499	-6.123E-6	2.053E-6
9.599	-6.200E-6	1.782E-6
9.699	-6.643E-6	2.154E-6
9.799	-6.076E-6	2.538E-6
9.899	-6.058E-6	2.275E-6
9.999	-6.125E-6	2.073E-6
10.099	-6.348E-6	2.154E-6
10.199	-6.323E-6	2.121E-6
10.299	-6.321E-6	1.866E-6
10.399	-6.339E-6	1.650E-6
10.499	-6.228E-6	1.546E-6
10.599	-6.117E-6	1.326E-6
10.699	-5.352E-6	1.629E-6
10.799	-5.634E-6	1.475E-6
10.899	-5.367E-6	1.372E-6
10.999	-5.331E-6	1.091E-6
11.099	-5.340E-6	6.649E-7
11.199	-5.186E-6	2.596E-7
11.299	-5.108E-6	3.310E-7
11.399	-5.114E-6	1.384E-7
11.499	-5.141E-6	-2.745E-7
11.599	-5.099E-6	-5.107E-7
11.699	-4.953E-6	-9.152E-7
11.799	-5.363E-6	-1.229E-6
11.899	-4.857E-6	-1.618E-6
11.999	-4.837E-6	-1.498E-6
12.099	-4.998E-6	-9.452E-7
12.199	-4.432E-6	-6.621E-7
12.299	-4.043E-6	-8.037E-7
12.399	-4.486E-6	-1.833E-6
12.499	-4.378E-6	-1.658E-6
12.599	-3.900E-6	-1.631E-6
12.699	-3.408E-6	-1.718E-6
12.799	-3.131E-6	-1.811E-6
12.899	-2.521E-6	-1.830E-6
12.999	-2.132E-6	-1.511E-6
13.099	-2.238E-6	-1.759E-6
13.199	-1.424E-6	-1.299E-6
13.299	-8.227E-7	-1.441E-6
13.399	-1.177E-6	-1.122E-6
13.499	-9.289E-7	-1.688E-6
13.599	-5.042E-7	-2.078E-6
13.699	-9.289E-7	-2.290E-6
13.799	-4.689E-7	-1.794E-6
13.899	-4.335E-7	-1.441E-6
13.999	6.192E-8	-1.830E-6
14.099	6.635E-7	-1.794E-6
14.199	5.573E-7	-1.759E-6
14.299	1.088E-6	-1.688E-6
14.399	1.442E-6	-1.618E-6
14.499	2.008E-6	-1.830E-6
14.599	2.468E-6	-1.794E-6
14.699	2.610E-6	-1.405E-6
14.799	2.822E-6	-1.016E-6
14.899	3.176E-6	-1.193E-6
14.999	3.420E-6	-1.336E-6
15.098	3.674E-6	-1.579E-6
15.198	4.191E-6	-1.701E-6
15.298	4.496E-6	-1.538E-6
15.398	4.683E-6	-1.630E-6
15.498	4.668E-6	-1.573E-6
15.598	2.633E-6	-3.312E-6
15.698	4.457E-6	-1.857E-6
15.798	4.891E-6	-2.086E-6
15.898	4.713E-6	-2.293E-6
15.998	4.707E-6	-2.136E-6
16.098	5.207E-6	-1.890E-6
16.198	5.193E-6	-1.803E-6
16.298	5.429E-6	-2.079E-6
16.398	5.487E-6	-2.081E-6
16.498	5.447E-6	-1.918E-6
16.598	5.291E-6	-1.567E-6
16.698	5.709E-6	-1.821E-6
16.798	5.829E-6	-1.938E-6
16.898	6.010E-6	-1.671E-6
16.998	6.080E-6	-2.063E-6
17.098	6.002E-6	-2.008E-6
17.198	5.892E-6	-1.925E-6
17.298	6.024E-6	-1.608E-6
17.398	5.970E-6	-1.450E-6
17.498	5.948E-6	-1.198E-6
17.598	5.956E-6	-1.037E-6
17.698	5.945E-6	-1.130E-6
17.798	6.178E-6	-9.577E-7
17.898	6.291E-6	-1.109E-6
17.998	6.503E-6	-1.041E-6
18.098	6.495E-6	-7.495E-7
18.198	6.471E-6	-1.064E-6
18.298	6.143E-6	-1.226E-6
18.398	5.474E-6	-1.462E-6
18.498	5.174E-6	-1.821E-6
18.598	4.798E-6	-2.068E-6
18.698	5.401E-6	-2.190E-6
18.798	5.752E-6	-2.056E-6
18.898	5.895E-6	-1.564E-6
18.998	5.939E-6	-1.447E-6
19.098	6.215E-6	-1.726E-6
19.198	6.016E-6	-1.804E-6
19.298	6.248E-6	-1.802E-6
19.398	6.252E-6	-1.846E-6
19.498	6.086E-6	-1.598E-6
19.598	6.289E-6	-1.422E-6
19.698	6.490E-6	-1.069E-6
19.798	6.443E-6	-1.046E-6
19.898	6.542E-6	-1.061E-6
19.998	6.697E-6	-1.542E-6
20.098	6.699E-6	-1.664E-6
20.198	6.458E-6	-1.514E-6
20.298	6.384E-6	-1.527E-6
20.398	6.252E-6	-1.542E-6
20.498	6.396E-6	-1.458E-6
20.598	6.454E-6	-1.444E-6
20.698	6.127E-6	-1.039E-6
20.798	6.093E-6	-6.730E-7
20.898	5.695E-6	-4.470E-7
20.998	5.315E-6	-1.939E-7
21.098	5.217E-6	-4.068E-7
21.198	5.299E-6	-4.007E-7
21.298	5.226E-6	-6.459E-7
21.398	5.696E-6	-1.956E-7
21.498	5.510E-6	5.789E-7
21.598	5.302E-6	1.198E-6
21.698	5.609E-6	1.055E-6
21.798	5.597E-6	1.106E-6
21.898	5.421E-6	9.659E-7
21.998	5.266E-6	9.911E-7
22.098	5.243E-6	7.229E-7
22.198	5.411E-6	5.941E-7
22.298	5.895E-6	6.740E-7
22.398	5.936E-6	6.569E-7
22.498	6.151E-6	6.704E-7
22.598	6.307E-6	4.324E-7
22.698	6.458E-6	1.904E-7
22.798	6.455E-6	2.574E-7
22.898	6.462E-6	9.260E-7
22.998	6.418E-6	9.689E-7
23.098	6.205E-6	9.537E-7
23.198	6.502E-6	1.046E-6
23.298	6.670E-6	1.465E-6
23.398	6.272E-6	1.820E-6
23.498	6.197E-6	1.799E-6
23.598	6.461E-6	1.703E-6
23.698	6.669E-6	1.810E-6
23.798	6.595E-6	1.828E-6
23.898	6.558E-6	2.075E-6
23.998	6.456E-6	2.315E-6
24.098	6.318E-6	2.317E-6
24.198	6.539E-6	2.538E-6
24.298	7.026E-6	2.337E-6
24.398	7.111E-6	2.340E-6
24.498	7.345E-6	2.362E-6
24.598	7.122E-6	2.369E-6
24.698	7.077E-6	2.658E-6
24.798	7.192E-6	2.520E-6
24.898	7.544E-6	2.478E-6
24.998	7.982E-6	2.609E-6
25.097	8.358E-6	2.887E-6
25.197	8.899E-6	2.567E-6
25.297	8.749E-6	2.469E-6
25.397	8.973E-6	2.547E-6
25.497	9.034E-6	3.051E-6
25.597	9.095E-6	3.527E-6
25.697	8.969E-6	3.626E-6
25.797	8.868E-6	3.670E-6
25.897	9.209E-6	3.697E-6
25.997	9.366E-6	3.850E-6
26.097	9.205E-6	3.671E-6
26.197	9.146E-6	3.578E-6
26.297	9.241E-6	3.239E-6
26.397	9.767E-6	3.325E-6
26.497	9.879E-6	3.128E-6
26.597	9.866E-6	2.622E-6
26.697	9.952E-6	2.541E-6
26.797	1.001E-5	2.541E-6
26.897	1.040E-5	2.387E-6
26.997	1.052E-5	2.262E-6
27.097	1.005E-5	1.936E-6
27.197	1.048E-5	1.799E-6
27.297	1.047E-5	1.503E-6
27.397	1.050E-5	1.488E-6
27.497	1.072E-5	1.418E-6
27.597	1.103E-5	1.169E-6
27.697	1.110E-5	1.488E-6
27.797	1.139E-5	1.426E-6
27.897	1.128E-5	1.305E-6
27.997	1.131E-5	1.332E-6
28.097	1.138E-5	1.470E-6
28.197	1.175E-5	1.619E-6
28.297	1.136E-5	1.071E-6
28.397	1.105E-5	9.167E-7
28.497	1.124E-5	1.220E-6
28.597	1.147E-5	1.311E-6
28.697	1.129E-5	9.555E-7
28.797	1.119E-5	9.237E-7
28.897	1.075E-5	1.217E-6
28.997	1.091E-5	1.547E-6
29.097	1.092E-5	1.217E-6
29.197	1.114E-5	1.563E-6
29.297	1.128E-5	1.712E-6
29.397	1.169E-5	1.830E-6
29.497	1.214E-5	2.246E-6
29.597	1.200E-5	2.589E-6
29.697	1.185E-5	2.917E-6
29.797	1.199E-5	2.873E-6
29.897	1.207E-5	2.794E-6
29.997	1.233E-5	2.391E-6
30.097	1.212E-5	2.301E-6
30.197	1.226E-5	2.308E-6
30.297	1.259E-5	2.408E-6
30.397	1.264E-5	2.342E-6
30.497	1.275E-5	2.584E-6
30.597	1.304E-5	2.442E-6
30.697	1.324E-5	2.793E-6
30.797	1.327E-5	2.840E-6
30.897	1.367E-5	2.839E-6
30.997	1.339E-5	3.048E-6
31.097	1.316E-5	3.112E-6
31.197	1.328E-5	3.199E-6
31.297	1.388E-5	3.461E-6
31.397	1.387E-5	3.550E-6
31.497	1.387E-5	3.213E-6
31.597	1.412E-5	2.718E-6
31.697	1.425E-5	3.106E-6
31.797	1.441E-5	3.451E-6
31.897	1.493E-5	3.497E-6
31.997	1.507E-5	3.505E-6
32.097	1.498E-5	3.899E-6
32.197	1.486E-5	3.880E-6
32.297	1.479E-5	4.102E-6
32.397	1.503E-5	4.368E-6
32.497	1.527E-5	4.507E-6
32.597	1.573E-5	4.736E-6
32.697	1.584E-5	4.679E-6
32.797	1.612E-5	4.722E-6
32.897	1.627E-5	4.728E-6
32.997	1.654E-5	4.609E-6
33.097	1.656E-5	4.537E-6
33.197	1.660E-5	4.368E-6
33.297	1.684E-5	4.466E-6
33.397	1.716E-5	4.253E-6
33.497	1.720E-5	4.503E-6
33.597	1.725E-5	4.650E-6
33.697	1.719E-5	4.931E-6
33.797	1.718E-5	5.194E-6
33.897	1.743E-5	5.097E-6
33.997	1.747E-5	4.950E-6
34.097	1.743E-5	5.084E-6
34.197	1.756E-5	5.102E-6
34.297	1.763E-5	5.100E-6
34.397	1.756E-5	4.859E-6
34.497	1.754E-5	4.976E-6
34.597	1.778E-5	5.009E-6
34.697	1.791E-5	4.628E-6
34.797	1.801E-5	4.487E-6
34.897	1.843E-5	4.491E-6
34.997	1.858E-5	4.600E-6
35.096	1.860E-5	4.455E-6
35.196	1.888E-5	4.227E-6
35.296	1.902E-5	4.337E-6
35.396	1.861E-5	4.603E-6
35.496	1.851E-5	4.729E-6
35.596	1.867E-5	4.909E-6
35.696	1.869E-5	5.226E-6
35.796	1.836E-5	5.403E-6
35.896	1.861E-5	5.292E-6
35.996	1.854E-5	5.472E-6
36.096	1.844E-5	5.422E-6
36.196	1.859E-5	5.369E-6
36.296	1.869E-5	5.516E-6
36.396	1.861E-5	5.713E-6
36.496	1.863E-5	5.341E-6
36.596	1.907E-5	5.486E-6
36.696	1.940E-5	5.758E-6
36.796	1.952E-5	6.271E-6
36.896	1.944E-5	6.300E-6
36.996	1.947E-5	6.591E-6
37.096	1.953E-5	6.489E-6
37.196	1.927E-5	6.221E-6
37.296	1.904E-5	6.490E-6
37.396	1.933E-5	7.024E-6
37.496	1.970E-5	6.929E-6
37.596	2.048E-5	6.827E-6
37.696	2.084E-5	6.626E-6
37.796	2.092E-5	6.796E-6
37.896	2.106E-5	7.017E-6
37.996	2.106E-5	7.275E-6
38.096	2.113E-5	7.734E-6
38.196	2.082E-5	7.767E-6
38.296	2.056E-5	7.850E-6
38.396	2.057E-5	7.877E-6
38.496	2.061E-5	7.967E-6
38.596	2.046E-5	8.322E-6
38.696	2.006E-5	8.489E-6
38.796	2.007E-5	8.412E-6
38.896	1.958E-5	8.392E-6
38.996	1.914E-5	8.344E-6
39.096	1.929E-5	8.015E-6
39.196	1.967E-5	7.869E-6
39.296	1.958E-5	7.878E-6
39.396	1.977E-5	7.753E-6
39.496	2.008E-5	7.688E-6
39.596	2.088E-5	7.851E-6
39.696	2.086E-5	7.529E-6
39.796	2.061E-5	7.736E-6
39.896	2.077E-5	8.114E-6
39.996	2.095E-5	8.059E-6
40.096	2.107E-5	8.216E-6
40.196	2.105E-5	8.369E-6
40.296	2.086E-5	8.510E-6
40.396	2.087E-5	8.226E-6
40.496	2.071E-5	8.487E-6
40.596	2.053E-5	8.654E-6
40.696	2.069E-5	8.914E-6
40.796	2.058E-5	9.117E-6
40.896	2.042E-5	8.904E-6
40.996	2.072E-5	9.186E-6
41.096	2.066E-5	9.336E-6
41.196	2.036E-5	9.274E-6
41.296	1.993E-5	9.004E-6
41.396	2.010E-5	8.839E-6
41.496	2.007E-5	8.874E-6
41.596	2.008E-5	8.903E-6
41.696	2.006E-5	9.114E-6
41.796	2.011E-5	9.153E-6
41.896	2.030E-5	8.946E-6
41.996	2.032E-5	9.080E-6
42.096	2.036E-5	9.433E-6
42.196	2.061E-5	9.781E-6
42.296	2.029E-5	9.716E-6
42.396	2.041E-5	9.597E-6
42.496	2.058E-5	1.003E-5
42.596	2.121E-5	1.012E-5
42.696	2.166E-5	1.066E-5
42.796	2.194E-5	1.043E-5
42.896	2.234E-5	1.038E-5
42.996	2.255E-5	1.041E-5
43.096	2.248E-5	1.024E-5
43.196	2.269E-5	1.027E-5
43.296	2.287E-5	9.733E-6
43.396	2.310E-5	9.597E-6
43.496	2.353E-5	9.532E-6
43.596	2.382E-5	9.181E-6
43.696	2.383E-5	9.264E-6
43.796	2.417E-5	9.272E-6
43.896	2.407E-5	9.523E-6
43.996	2.422E-5	9.287E-6
44.096	2.472E-5	8.887E-6
44.196	2.503E-5	8.670E-6
44.296	2.523E-5	8.948E-6
44.396	2.551E-5	9.139E-6
44.496	2.574E-5	8.651E-6
44.596	2.610E-5	8.436E-6
44.696	2.603E-5	8.212E-6
44.796	2.588E-5	8.485E-6
44.896	2.586E-5	8.733E-6
44.996	2.588E-5	8.675E-6
45.095	2.585E-5	8.659E-6
45.195	2.598E-5	8.853E-6
45.295	2.597E-5	8.780E-6
45.395	2.607E-5	8.922E-6
45.495	2.611E-5	8.873E-6
45.595	2.589E-5	8.631E-6
45.695	2.574E-5	8.656E-6
45.795	2.540E-5	8.398E-6
45.895	2.537E-5	8.502E-6
45.995	2.535E-5	8.889E-6
46.095	2.538E-5	8.583E-6
46.195	2.522E-5	8.261E-6
46.295	2.523E-5	8.503E-6
46.395	2.550E-5	8.538E-6
46.495	2.560E-5	8.895E-6
46.595	2.532E-5	8.950E-6
46.695	2.543E-5	8.888E-6
46.795	2.579E-5	8.634E-6
46.895	2.590E-5	8.413E-6
46.995	2.611E-5	8.401E-6
47.095	2.619E-5	8.192E-6
47.195	2.618E-5	7.784E-6
47.295	2.630E-5	8.021E-6
47.395	2.663E-5	8.241E-6
47.495	2.693E-5	8.509E-6
47.595	2.692E-5	8.764E-6
47.695	2.693E-5	8.289E-6
47.795	2.709E-5	7.711E-6
47.895	2.713E-5	7.645E-6
47.995	2.716E-5	7.595E-6
48.095	2.779E-5	7.491E-6
48.195	2.803E-5	7.718E-6
48.295	2.823E-5	7.672E-6
48.395	2.826E-5	7.752E-6
48.495	2.765E-5	8.014E-6
48.595	2.745E-5	8.021E-6
48.695	2.752E-5	7.983E-6
48.795	2.753E-5	7.879E-6
48.895	2.746E-5	8.045E-6
48.995	2.775E-5	8.126E-6
49.095	2.739E-5	8.187E-6
49.195	2.726E-5	8.429E-6
49.295	2.724E-5	8.521E-6
49.395	2.729E-5	8.990E-6
49.495	2.716E-5	8.873E-6
49.595	2.679E-5	8.766E-6
49.695	2.638E-5	8.998E-6
49.795	2.626E-5	9.390E-6
49.895	2.602E-5	9.539E-6
49.995	2.600E-5	9.660E-6
50.095	2.590E-5	1.040E-5
50.195	2.612E-5	1.066E-5
50.295	2.608E-5	1.068E-5
50.395	2.596E-5	1.068E-5
50.495	2.574E-5	1.067E-5
50.595	2.588E-5	1.029E-5
50.695	2.590E-5	1.010E-5
50.795	2.570E-5	1.023E-5
50.895	2.589E-5	9.954E-6
50.995	2.587E-5	1.019E-5
51.095	2.589E-5	1.039E-5
51.195	2.592E-5	1.060E-5
51.295	2.589E-5	1.054E-5
51.395	2.567E-5	1.055E-5
51.495	2.567E-5	1.072E-5
51.595	2.573E-5	1.084E-5
51.695	2.558E-5	1.102E-5
51.795	2.551E-5	1.102E-5
51.895	2.570E-5	1.106E-5
51.995	2.565E-5	1.080E-5
52.095	2.578E-5	1.046E-5
52.195	2.587E-5	1.056E-5
52.295	2.634E-5	1.027E-5
52.395	2.645E-5	1.028E-5
52.495	2.651E-5	1.047E-5
52.595	2.661E-5	1.078E-5
52.695	2.668E-5	1.078E-5
52.795	2.660E-5	1.109E-5
52.895	2.655E-5	1.152E-5
52.995	2.676E-5	1.151E-5
53.095	2.689E-5	1.131E-5
53.195	2.691E-5	1.106E-5
53.295	2.685E-5	1.105E-5
53.395	2.716E-5	1.100E-5
53.495	2.731E-5	1.074E-5
53.595	2.726E-5	1.082E-5
53.695	2.708E-5	1.054E-5
53.795	2.754E-5	1.054E-5
53.895	2.754E-5	1.057E-5
53.995	2.775E-5	1.028E-5
54.095	2.798E-5	1.052E-5
54.195	2.829E-5	1.060E-5
54.295	2.822E-5	1.072E-5
54.395	2.801E-5	1.137E-5
54.495	2.827E-5	1.170E-5
54.595	2.819E-5	1.173E-5
54.695	2.822E-5	1.156E-5
54.795	2.823E-5	1.153E-5
54.895	2.832E-5	1.153E-5
54.995	2.817E-5	1.144E-5
55.094	2.843E-5	1.192E-5
55.194	2.845E-5	1.221E-5
55.294	2.865E-5	1.214E-5
55.394	2.862E-5	1.244E-5
55.494	2.844E-5	1.228E-5
55.594	2.857E-5	1.233E-5
55.694	2.865E-5	1.246E-5
55.794	2.902E-5	1.242E-5
55.894	2.921E-5	1.255E-5
55.994	2.950E-5	1.245E-5
56.094	2.944E-5	1.219E-5
56.194	2.934E-5	1.243E-5
56.294	2.967E-5	1.243E-5
56.394	2.945E-5	1.269E-5
56.494	2.934E-5	1.314E-5
56.594	2.932E-5	1.340E-5
56.694	2.942E-5	1.318E-5
56.794	2.935E-5	1.317E-5
56.894	2.978E-5	1.355E-5
56.994	2.989E-5	1.346E-5
57.094	2.991E-5	1.343E-5
57.194	3.013E-5	1.342E-5
57.294	2.998E-5	1.350E-5
57.394	3.000E-5	1.394E-5
57.494	2.962E-5	1.413E-5
57.594	2.944E-5	1.429E-5
57.694	2.932E-5	1.446E-5
57.794	2.941E-5	1.484E-5
57.894	2.950E-5	1.487E-5
57.994	3.003E-5	1.446E-5
58.094	2.984E-5	1.506E-5
58.194	2.997E-5	1.515E-5
58.294	3.006E-5	1.532E-5
58.394	2.983E-5	1.543E-5
58.494	2.954E-5	1.553E-5
58.594	2.940E-5	1.535E-5
58.694	2.925E-5	1.520E-5
58.794	2.928E-5	1.508E-5
58.894	2.951E-5	1.429E-5
58.994	2.972E-5	1.470E-5
59.094	3.017E-5	1.459E-5
59.194	3.043E-5	1.407E-5
59.294	3.055E-5	1.395E-5
59.394	3.089E-5	1.380E-5
59.494	3.072E-5	1.371E-5
59.594	3.102E-5	1.361E-5
59.694	3.131E-5	1.367E-5
59.794	3.129E-5	1.383E-5
59.894	3.133E-5	1.406E-5
59.994	3.156E-5	1.405E-5
60.094	3.159E-5	1.401E-5
60.194	3.182E-5	1.379E-5
60.294	3.180E-5	1.365E-5
60.394	3.159E-5	1.366E-5
60.494	3.112E-5	1.343E-5
60.594	3.094E-5	1.328E-5
60.694	3.128E-5	1.313E-5
60.794	3.131E-5	1.331E-5
60.894	3.116E-5	1.354E-5
60.994	3.103E-5	1.328E-5
61.094	3.115E-5	1.327E-5
61.194	3.116E-5	1.297E-5
61.294	3.151E-5	1.294E-5
61.394	3.168E-5	1.277E-5
61.494	3.145E-5	1.313E-5
61.594	3.154E-5	1.337E-5
61.694	3.156E-5	1.343E-5
61.794	3.153E-5	1.344E-5
61.894	3.150E-5	1.356E-5
61.994	3.157E-5	1.344E-5
62.094	3.180E-5	1.341E-5
62.194	3.192E-5	1.323E-5
62.294	3.166E-5	1.293E-5
62.394	3.158E-5	1.314E-5
62.494	3.139E-5	1.334E-5
62.594	3.145E-5	1.371E-5
62.694	3.147E-5	1.405E-5
62.794	3.144E-5	1.424E-5
62.894	3.111E-5	1.450E-5
62.994	3.118E-5	1.466E-5
63.094	3.116E-5	1.493E-5
63.194	3.132E-5	1.496E-5
63.294	3.139E-5	1.494E-5
63.394	3.124E-5	1.512E-5
63.494	3.106E-5	1.509E-5
63.594	3.113E-5	1.529E-5
63.694	3.118E-5	1.544E-5
63.794	3.100E-5	1.539E-5
63.894	3.117E-5	1.574E-5
63.994	3.125E-5	1.586E-5
64.094	3.116E-5	1.582E-5
64.194	3.113E-5	1.572E-5
64.294	3.068E-5	1.567E-5
64.394	3.063E-5	1.569E-5
64.494	3.043E-5	1.546E-5
64.594	3.019E-5	1.566E-5
64.694	2.996E-5	1.578E-5
64.794	3.011E-5	1.616E-5
64.894	2.989E-5	1.595E-5
64.994	3.018E-5	1.575E-5
65.093	3.014E-5	1.550E-5
65.193	3.011E-5	1.521E-5
65.293	2.989E-5	1.531E-5
65.393	2.983E-5	1.533E-5
65.493	2.987E-5	1.530E-5
65.593	3.010E-5	1.529E-5
65.693	3.010E-5	1.535E-5
65.793	3.009E-5	1.560E-5
65.893	3.020E-5	1.553E-5
65.993	3.014E-5	1.570E-5
66.093	3.010E-5	1.595E-5
66.193	3.031E-5	1.598E-5
66.293	2.999E-5	1.593E-5
66.393	2.979E-5	1.583E-5
66.493	2.973E-5	1.535E-5
66.593	2.965E-5	1.543E-5
66.693	2.976E-5	1.572E-5
66.793	3.016E-5	1.564E-5
66.893	3.016E-5	1.543E-5
66.993	3.003E-5	1.522E-5
67.093	3.019E-5	1.508E-5
67.193	3.040E-5	1.525E-5
67.293	3.051E-5	1.533E-5
67.393	3.045E-5	1.537E-5
67.493	3.047E-5	1.534E-5
67.593	3.006E-5	1.524E-5
67.693	2.974E-5	1.521E-5
67.793	2.967E-5	1.508E-5
67.893	2.993E-5	1.495E-5
67.993	3.006E-5	1.505E-5
68.093	3.025E-5	1.519E-5
68.193	3.014E-5	1.523E-5
68.293	3.021E-5	1.540E-5
68.393	3.006E-5	1.511E-5
68.493	2.984E-5	1.511E-5
68.593	2.989E-5	1.512E-5
68.693	2.990E-5	1.519E-5
68.793	2.969E-5	1.505E-5
68.893	2.967E-5	1.493E-5
68.993	2.970E-5	1.504E-5
69.093	2.963E-5	1.535E-5
69.193	2.985E-5	1.546E-5
69.293	2.987E-5	1.553E-5
69.393	2.948E-5	1.562E-5
69.493	2.926E-5	1.544E-5
69.593	2.915E-5	1.532E-5
69.693	2.891E-5	1.547E-5
69.793	2.862E-5	1.531E-5
69.893	2.860E-5	1.537E-5
69.993	2.875E-5	1.539E-5
70.093	2.840E-5	1.540E-5
70.193	2.854E-5	1.536E-5
70.293	2.892E-5	1.542E-5
70.393	2.870E-5	1.594E-5
70.493	2.874E-5	1.551E-5
70.593	2.873E-5	1.522E-5
70.693	2.862E-5	1.526E-5
70.793	2.868E-5	1.513E-5
70.893	2.874E-5	1.520E-5
70.993	2.872E-5	1.510E-5
71.093	2.863E-5	1.487E-5
71.193	2.874E-5	1.453E-5
71.293	2.885E-5	1.431E-5
71.393	2.885E-5	1.414E-5
71.493	2.896E-5	1.402E-5
71.593	2.882E-5	1.422E-5
71.693	2.874E-5	1.426E-5
71.793	2.852E-5	1.402E-5
71.893	2.852E-5	1.386E-5
71.993	2.866E-5	1.379E-5
72.093	2.873E-5	1.364E-5
72.193	2.876E-5	1.364E-5
72.293	2.915E-5	1.345E-5
72.393	2.928E-5	1.359E-5
72.493	2.911E-5	1.350E-5
72.593	2.916E-5	1.340E-5
72.693	2.956E-5	1.372E-5
72.793	2.957E-5	1.372E-5
72.893	2.929E-5	1.332E-5
72.993	2.923E-5	1.353E-5
73.093	2.924E-5	1.351E-5
73.193	2.948E-5	1.352E-5
73.293	2.962E-5	1.348E-5
73.393	2.950E-5	1.342E-5
73.493	2.924E-5	1.349E-5
73.593	2.893E-5	1.338E-5
73.693	2.832E-5	1.363E-5
73.793	2.809E-5	1.345E-5
73.893	2.831E-5	1.347E-5
73.993	2.846E-5	1.338E-5
74.093	2.852E-5	1.325E-5
74.193	2.850E-5	1.321E-5
74.293	2.854E-5	1.315E-5
74.393	2.855E-5	1.299E-5
74.493	2.829E-5	1.269E-5
74.593	2.838E-5	1.272E-5
74.693	2.838E-5	1.256E-5
74.793	2.824E-5	1.281E-5
74.893	2.811E-5	1.312E-5
74.993	2.829E-5	1.306E-5
75.092	2.848E-5	1.306E-5
75.192	2.833E-5	1.309E-5
75.292	2.824E-5	1.276E-5
75.392	2.802E-5	1.289E-5
75.492	2.791E-5	1.290E-5
75.592	2.776E-5	1.308E-5
75.692	2.776E-5	1.307E-5
75.792	2.757E-5	1.321E-5
75.892	2.759E-5	1.313E-5
75.992	2.761E-5	1.272E-5
76.092	2.761E-5	1.249E-5
76.192	2.765E-5	1.225E-5
76.292	2.785E-5	1.212E-5
76.392	2.785E-5	1.211E-5
76.492	2.856E-5	1.207E-5
76.592	2.870E-5	1.226E-5
76.692	2.885E-5	1.259E-5
76.792	2.863E-5	1.286E-5
76.892	2.864E-5	1.308E-5
76.992	2.858E-5	1.325E-5
77.092	2.887E-5	1.326E-5
77.192	2.891E-5	1.314E-5
77.292	2.900E-5	1.278E-5
77.392	2.929E-5	1.236E-5
77.492	2.935E-5	1.201E-5
77.592	2.942E-5	1.188E-5
77.692	2.925E-5	1.186E-5
77.792	2.900E-5	1.180E-5
77.892	2.903E-5	1.160E-5
77.992	2.912E-5	1.174E-5
78.092	2.900E-5	1.198E-5
78.192	2.881E-5	1.214E-5
78.292	2.884E-5	1.235E-5
78.392	2.881E-5	1.262E-5
78.492	2.877E-5	1.286E-5
78.592	2.873E-5	1.302E-5
78.692	2.881E-5	1.323E-5
78.792	2.873E-5	1.339E-5
78.892	2.871E-5	1.346E-5
78.992	2.873E-5	1.344E-5
79.092	2.876E-5	1.313E-5
79.192	2.864E-5	1.261E-5
79.292	2.895E-5	1.214E-5
79.392	2.928E-5	1.197E-5
79.492	2.946E-5	1.197E-5
79.592	2.954E-5	1.197E-5
79.692	2.968E-5	1.197E-5
79.792	2.953E-5	1.199E-5
79.892	2.968E-5	1.196E-5
79.992	2.992E-5	1.201E-5
80.092	2.997E-5	1.199E-5
80.192	2.998E-5	1.173E-5
80.292	3.011E-5	1.170E-5
80.392	3.028E-5	1.162E-5
80.492	3.018E-5	1.143E-5
80.592	3.015E-5	1.145E-5
80.692	3.003E-5	1.162E-5
80.792	3.036E-5	1.163E-5
80.892	3.054E-5	1.172E-5
80.992	3.047E-5	1.156E-5
81.092	3.075E-5	1.130E-5
81.192	3.075E-5	1.140E-5
81.292	3.076E-5	1.121E-5
81.392	3.099E-5	1.127E-5
81.492	3.119E-5	1.142E-5
81.592	3.100E-5	1.172E-5
81.692	3.104E-5	1.196E-5
81.792	3.096E-5	1.227E-5
81.892	3.091E-5	1.192E-5
81.992	3.117E-5	1.166E-5
82.092	3.136E-5	1.159E-5
82.192	3.135E-5	1.180E-5
82.292	3.099E-5	1.188E-5
82.392	3.079E-5	1.173E-5
82.492	3.076E-5	1.156E-5
82.592	3.100E-5	1.156E-5
82.692	3.091E-5	1.145E-5
82.792	3.075E-5	1.110E-5
82.892	3.103E-5	1.110E-5
82.992	3.151E-5	1.105E-5
83.092	3.170E-5	1.122E-5
83.192	3.175E-5	1.124E-5
83.292	3.170E-5	1.122E-5
83.392	3.158E-5	1.132E-5
83.492	3.156E-5	1.157E-5
83.592	3.130E-5	1.153E-5
83.692	3.093E-5	1.148E-5
83.792	3.086E-5	1.154E-5
83.892	3.091E-5	1.149E-5
83.992	3.086E-5	1.123E-5
84.092	3.106E-5	1.143E-5
84.192	3.105E-5	1.146E-5
84.292	3.126E-5	1.150E-5
84.392	3.122E-5	1.136E-5
84.492	3.137E-5	1.152E-5
84.592	3.164E-5	1.185E-5
84.692	3.165E-5	1.191E-5
84.792	3.144E-5	1.185E-5
84.892	3.137E-5	1.203E-5
84.992	3.150E-5	1.193E-5
85.091	3.160E-5	1.218E-5
85.191	3.178E-5	1.219E-5
85.291	3.185E-5	1.222E-5
85.391	3.222E-5	1.228E-5
85.491	3.220E-5	1.224E-5
85.591	3.236E-5	1.226E-5
85.691	3.212E-5	1.237E-5
85.791	3.223E-5	1.247E-5
85.891	3.251E-5	1.276E-5
85.991	3.262E-5	1.250E-5
86.091	3.277E-5	1.283E-5
86.191	3.293E-5	1.263E-5
86.291	3.324E-5	1.273E-5
86.391	3.309E-5	1.290E-5
86.491	3.297E-5	1.300E-5
86.591	3.285E-5	1.301E-5
86.691	3.283E-5	1.300E-5
86.791	3.255E-5	1.299E-5
86.891	3.230E-5	1.306E-5
86.991	3.266E-5	1.339E-5
87.091	3.267E-5	1.336E-5
87.191	3.267E-5	1.338E-5
87.291	3.289E-5	1.323E-5
87.391	3.303E-5	1.347E-5
87.491	3.351E-5	1.337E-5
87.591	3.351E-5	1.347E-5
87.691	3.352E-5	1.337E-5
87.791	3.334E-5	1.357E-5
87.891	3.329E-5	1.362E-5
87.991	3.330E-5	1.396E-5
88.091	3.326E-5	1.427E-5
88.191	3.369E-5	1.438E-5
88.291	3.381E-5	1.455E-5
88.391	3.385E-5	1.436E-5
88.491	3.406E-5	1.464E-5
88.591	3.408E-5	1.457E-5
88.691	3.402E-5	1.424E-5
88.791	3.394E-5	1.437E-5
88.891	3.409E-5	1.442E-5
88.991	3.417E-5	1.467E-5
89.091	3.426E-5	1.469E-5
89.191	3.435E-5	1.463E-5
89.291	3.442E-5	1.463E-5
89.391	3.418E-5	1.448E-5
89.491	3.446E-5	1.450E-5
89.591	3.468E-5	1.454E-5
89.691	3.458E-5	1.462E-5
89.791	3.453E-5	1.465E-5
89.891	3.489E-5	1.480E-5
89.991	3.526E-5	1.472E-5
90.091	3.544E-5	1.512E-5
90.191	3.558E-5	1.521E-5
90.291	3.577E-5	1.538E-5
90.391	3.554E-5	1.539E-5
90.491	3.530E-5	1.559E-5
90.591	3.543E-5	1.569E-5
90.691	3.520E-5	1.559E-5
90.791	3.517E-5	1.532E-5
90.891	3.539E-5	1.509E-5
90.991	3.605E-5	1.466E-5
91.091	3.608E-5	1.448E-5
91.191	3.611E-5	1.425E-5
91.291	3.593E-5	1.423E-5
91.391	3.612E-5	1.423E-5
91.491	3.620E-5	1.363E-5
91.591	3.621E-5	1.323E-5
91.691	3.618E-5	1.328E-5
91.791	3.606E-5	1.311E-5
91.891	3.618E-5	1.297E-5
91.991	3.619E-5	1.277E-5
92.091	3.634E-5	1.271E-5
92.191	3.623E-5	1.255E-5
92.291	3.595E-5	1.244E-5
92.391	3.622E-5	1.211E-5
92.491	3.608E-5	1.209E-5
92.591	3.657E-5	1.218E-5
92.691	3.663E-5	1.250E-5
92.791	3.690E-5	1.257E-5
92.891	3.735E-5	1.288E-5
92.991	3.754E-5	1.314E-5
93.091	3.806E-5	1.337E-5
93.191	3.834E-5	1.363E-5
93.291	3.846E-5	1.359E-5
93.391	3.875E-5	1.386E-5
93.491	3.866E-5	1.396E-5
93.591	3.880E-5	1.423E-5
93.691	3.889E-5	1.435E-5
93.791	3.860E-5	1.461E-5
93.891	3.847E-5	1.500E-5
93.991	3.859E-5	1.499E-5
94.091	3.892E-5	1.535E-5
94.191	3.906E-5	1.561E-5
94.291	3.914E-5	1.588E-5
94.391	3.926E-5	1.572E-5
94.491	3.919E-5	1.530E-5
94.591	3.912E-5	1.546E-5
94.691	3.921E-5	1.551E-5
94.791	3.947E-5	1.534E-5
94.891	3.952E-5	1.530E-5
94.991	3.970E-5	1.524E-5
95.090	3.960E-5	1.499E-5
95.190	3.948E-5	1.503E-5
95.290	3.935E-5	1.487E-5
95.390	3.951E-5	1.479E-5
95.490	3.950E-5	1.474E-5
95.590	3.926E-5	1.478E-5
95.690	3.948E-5	1.501E-5
95.790	3.968E-5	1.503E-5
95.890	3.954E-5	1.444E-5
95.990	3.952E-5	1.460E-5
96.090	3.968E-5	1.449E-5
96.190	3.952E-5	1.416E-5
96.290	3.952E-5	1.394E-5
96.390	3.948E-5	1.402E-5
96.490	3.974E-5	1.420E-5
96.590	3.992E-5	1.397E-5
96.690	3.983E-5	1.377E-5
96.790	4.011E-5	1.360E-5
96.890	4.033E-5	1.333E-5
96.990	4.039E-5	1.344E-5
97.090	4.026E-5	1.330E-5
97.190	3.973E-5	1.264E-5
97.290	3.991E-5	1.247E-5
97.390	3.991E-5	1.247E-5
97.490	3.983E-5	1.243E-5
97.590	3.968E-5	1.221E-5
97.690	4.018E-5	1.237E-5
97.790	4.014E-5	1.242E-5
97.890	4.043E-5	1.251E-5
97.990	4.045E-5	1.284E-5
98.090	4.088E-5	1.263E-5
98.190	4.103E-5	1.214E-5
98.290	4.106E-5	1.207E-5
98.390	4.121E-5	1.199E-5
98.490	4.109E-5	1.181E-5
98.590	4.094E-5	1.170E-5
98.690	4.125E-5	1.181E-5
98.790	4.156E-5	1.200E-5
98.890	4.187E-5	1.189E-5
98.990	4.202E-5	1.178E-5
99.090	4.196E-5	1.159E-5
99.190	4.192E-5	1.132E-5
99.290	4.183E-5	1.123E-5
99.390	4.171E-5	1.146E-5
99.490	4.195E-5	1.174E-5
99.590	4.189E-5	1.233E-5
99.690	4.185E-5	1.244E-5
99.790	4.166E-5	1.282E-5
99.890	4.179E-5	1.294E-5
99.990	4.192E-5	1.286E-5
100.090	4.207E-5	1.294E-5
100.190	4.206E-5	1.295E-5
100.290	4.178E-5	1.283E-5
100.390	4.139E-5	1.287E-5
100.490	4.127E-5	1.286E-5
100.590	4.117E-5	1.287E-5
100.690	4.134E-5	1.310E-5
100.790	4.155E-5	1.300E-5
100.890	4.152E-5	1.313E-5
100.990	4.155E-5	1.305E-5
101.090	4.165E-5	1.296E-5
101.190	4.206E-5	1.320E-5
101.290	4.187E-5	1.297E-5
101.390	4.196E-5	1.300E-5
101.490	4.221E-5	1.304E-5
101.590	4.211E-5	1.271E-5
101.690	4.176E-5	1.243E-5
101.790	4.179E-5	1.213E-5
101.890	4.200E-5	1.211E-5
101.990	4.196E-5	1.206E-5
102.090	4.191E-5	1.208E-5
102.190	4.157E-5	1.232E-5
102.290	4.149E-5	1.248E-5
102.390	4.153E-5	1.233E-5
102.490	4.155E-5	1.233E-5
102.590	4.152E-5	1.243E-5
102.690	4.143E-5	1.243E-5
102.790	4.116E-5	1.276E-5
102.890	4.128E-5	1.297E-5
102.990	4.125E-5	1.320E-5
103.090	4.151E-5	1.349E-5
103.190	4.154E-5	1.391E-5
103.290	4.131E-5	1.388E-5
103.390	4.133E-5	1.399E-5
103.490	4.174E-5	1.420E-5
103.590	4.230E-5	1.448E-5
103.690	4.228E-5	1.449E-5
103.790	4.196E-5	1.461E-5
103.890	4.159E-5	1.475E-5
103.990	4.137E-5	1.499E-5
104.090	4.120E-5	1.479E-5
104.190	4.115E-5	1.473E-5
104.290	4.116E-5	1.498E-5
104.390	4.118E-5	1.503E-5
104.490	4.125E-5	1.492E-5
104.590	4.134E-5	1.474E-5
104.690	4.096E-5	1.473E-5
104.790	4.091E-5	1.496E-5
104.890	4.107E-5	1.511E-5
104.990	4.104E-5	1.478E-5
105.089	4.060E-5	1.423E-5
105.189	4.064E-5	1.425E-5
105.289	4.065E-5	1.447E-5
105.389	4.061E-5	1.460E-5
105.489	4.067E-5	1.467E-5
105.589	4.066E-5	1.479E-5
105.689	4.081E-5	1.479E-5
105.789	4.119E-5	1.478E-5
105.889	4.076E-5	1.476E-5
105.989	4.074E-5	1.472E-5
106.089	4.079E-5	1.416E-5
106.189	4.091E-5	1.369E-5
106.289	4.129E-5	1.375E-5
106.389	4.154E-5	1.391E-5
106.489	4.175E-5	1.422E-5
106.589	4.203E-5	1.460E-5
106.689	4.153E-5	1.477E-5
106.789	4.119E-5	1.464E-5
106.889	4.105E-5	1.476E-5
106.989	4.108E-5	1.453E-5
107.089	4.117E-5	1.473E-5
107.189	4.126E-5	1.480E-5
107.289	4.128E-5	1.478E-5
107.389	4.129E-5	1.490E-5
107.489	4.104E-5	1.449E-5
107.589	4.096E-5	1.426E-5
107.689	4.084E-5	1.419E-5
107.789	4.107E-5	1.424E-5
107.889	4.102E-5	1.422E-5
107.989	4.102E-5	1.433E-5
108.089	4.084E-5	1.420E-5
108.189	4.102E-5	1.366E-5
108.289	4.104E-5	1.345E-5
108.389	4.129E-5	1.326E-5
108.489	4.119E-5	1.310E-5
108.589	4.121E-5	1.286E-5
108.689	4.133E-5	1.285E-5
108.789	4.165E-5	1.299E-5
108.889	4.182E-5	1.327E-5
108.989	4.185E-5	1.323E-5
109.089	4.193E-5	1.347E-5
109.189	4.203E-5	1.348E-5
109.289	4.222E-5	1.364E-5
109.389	4.221E-5	1.357E-5
109.489	4.240E-5	1.372E-5
109.589	4.240E-5	1.333E-5
109.689	4.217E-5	1.329E-5
109.789	4.203E-5	1.348E-5
109.889	4.195E-5	1.352E-5
109.989	4.191E-5	1.380E-5
110.089	4.232E-5	1.392E-5
110.189	4.194E-5	1.357E-5
110.289	4.180E-5	1.338E-5
110.389	4.198E-5	1.367E-5
110.489	4.214E-5	1.401E-5
110.589	4.192E-5	1.400E-5
110.689	4.193E-5	1.418E-5
110.789	4.190E-5	1.422E-5
110.889	4.168E-5	1.428E-5
110.989	4.190E-5	1.377E-5
111.089	4.208E-5	1.350E-5
111.189	4.219E-5	1.343E-5
111.289	4.240E-5	1.322E-5
111.389	4.241E-5	1.295E-5
111.489	4.242E-5	1.271E-5
111.589	4.218E-5	1.261E-5
111.689	4.196E-5	1.241E-5
111.789	4.212E-5	1.237E-5
111.889	4.218E-5	1.267E-5
111.989	4.221E-5	1.256E-5
112.089	4.210E-5	1.244E-5
112.189	4.217E-5	1.250E-5
112.289	4.231E-5	1.244E-5
112.389	4.213E-5	1.200E-5
112.489	4.204E-5	1.171E-5
112.589	4.221E-5	1.148E-5
112.689	4.241E-5	1.139E-5
112.789	4.283E-5	1.170E-5
112.889	4.308E-5	1.169E-5
112.989	4.338E-5	1.136E-5
113.089	4.316E-5	1.135E-5
113.189	4.322E-5	1.195E-5
113.289	4.307E-5	1.205E-5
113.389	4.304E-5	1.197E-5
113.489	4.317E-5	1.156E-5
113.589	4.307E-5	1.162E-5
113.689	4.305E-5	1.144E-5
113.789	4.295E-5	1.138E-5
113.889	4.341E-5	1.129E-5
113.989	4.368E-5	1.124E-5
114.089	4.380E-5	1.113E-5
114.189	4.341E-5	1.073E-5
114.289	4.321E-5	1.045E-5
114.389	4.345E-5	1.068E-5
114.489	4.344E-5	1.067E-5
114.589	4.345E-5	1.072E-5
114.689	4.297E-5	1.073E-5
114.789	4.265E-5	1.097E-5
114.889	4.251E-5	1.071E-5
114.989	4.253E-5	1.100E-5
115.088	4.244E-5	1.136E-5
115.188	4.241E-5	1.125E-5
115.288	4.250E-5	1.146E-5
115.388	4.240E-5	1.143E-5
115.488	4.237E-5	1.144E-5
115.588	4.241E-5	1.111E-5
115.688	4.253E-5	1.113E-5
115.788	4.216E-5	1.111E-5
115.888	4.214E-5	1.125E-5
115.988	4.177E-5	1.122E-5
116.088	4.159E-5	1.140E-5
116.188	4.170E-5	1.129E-5
116.288	4.164E-5	1.126E-5
116.388	4.180E-5	1.135E-5
116.488	4.239E-5	1.092E-5
116.588	4.242E-5	1.069E-5
116.688	4.231E-5	1.065E-5
116.788	4.216E-5	1.051E-5
116.888	4.183E-5	1.035E-5
116.988	4.196E-5	1.018E-5
117.088	4.190E-5	9.470E-6
117.188	4.177E-5	9.645E-6
117.288	4.140E-5	9.992E-6
117.388	4.161E-5	1.011E-5
117.488	4.140E-5	1.006E-5
117.588	4.123E-5	1.014E-5
117.688	4.117E-5	1.048E-5
117.788	4.141E-5	1.050E-5
117.888	4.139E-5	1.066E-5
117.988	4.150E-5	1.049E-5
118.088	4.153E-5	1.034E-5
118.188	4.155E-5	1.018E-5
118.288	4.137E-5	9.970E-6
118.388	4.195E-5	9.944E-6
118.488	4.214E-5	9.971E-6
118.588	4.190E-5	9.891E-6
118.688	4.174E-5	9.650E-6
118.788	4.179E-5	9.474E-6
118.888	4.207E-5	9.447E-6
118.988	4.226E-5	9.421E-6
119.088	4.202E-5	9.204E-6
119.188	4.190E-5	8.811E-6
119.288	4.158E-5	8.565E-6
119.388	4.150E-5	8.070E-6
119.488	4.142E-5	7.669E-6
119.588	4.178E-5	7.266E-6
119.688	4.169E-5	7.266E-6
119.788	4.157E-5	7.338E-6
119.888	4.145E-5	7.205E-6
119.988	4.166E-5	7.443E-6
120.088	4.162E-5	7.687E-6
120.188	4.211E-5	7.968E-6
120.288	4.222E-5	8.000E-6
120.388	4.237E-5	7.754E-6
120.488	4.234E-5	7.533E-6
120.588	4.245E-5	7.211E-6
120.688	4.236E-5	6.866E-6
120.788	4.202E-5	6.741E-6
120.888	4.201E-5	6.387E-6
120.988	4.197E-5	5.990E-6
121.088	4.167E-5	5.733E-6
121.188	4.163E-5	5.602E-6
121.288	4.162E-5	5.602E-6
121.388	4.174E-5	5.683E-6
121.488	4.190E-5	6.082E-6
121.588	4.194E-5	6.009E-6
121.688	4.210E-5	5.944E-6
121.788	4.215E-5	5.991E-6
121.888	4.209E-5	6.057E-6
121.988	4.195E-5	5.669E-6
122.088	4.185E-5	5.766E-6
122.188	4.164E-5	5.696E-6
122.288	4.151E-5	6.214E-6
122.388	4.160E-5	6.295E-6
122.488	4.166E-5	6.479E-6
122.588	4.161E-5	6.445E-6
122.688	4.165E-5	6.388E-6
122.788	4.127E-5	6.983E-6
122.888	4.122E-5	6.956E-6
122.988	4.171E-5	6.869E-6
123.088	4.163E-5	6.875E-6
123.188	4.142E-5	6.486E-6
123.288	4.110E-5	6.700E-6
123.388	4.086E-5	7.029E-6
123.488	4.088E-5	7.361E-6
123.588	4.074E-5	7.470E-6
123.688	4.041E-5	7.442E-6
123.788	4.000E-5	7.269E-6
123.888	3.988E-5	7.165E-6
123.988	4.011E-5	7.482E-6
124.088	4.019E-5	7.787E-6
124.188	4.037E-5	7.924E-6
124.288	4.063E-5	7.937E-6
124.388	4.081E-5	8.194E-6
124.488	4.094E-5	8.760E-6
124.588	4.102E-5	9.109E-6
124.688	4.083E-5	9.702E-6
124.788	4.089E-5	9.797E-6
124.888	4.130E-5	1.000E-5
124.988	4.132E-5	9.829E-6
125.087	4.091E-5	9.838E-6
125.187	4.074E-5	9.997E-6
125.287	4.064E-5	1.005E-5
125.387	4.100E-5	9.800E-6
125.487	4.110E-5	9.855E-6
125.587	4.104E-5	1.046E-5
125.687	4.061E-5	1.058E-5
125.787	4.022E-5	1.044E-5
125.887	4.016E-5	9.926E-6
125.987	4.015E-5	9.951E-6
126.087	4.017E-5	9.735E-6
126.187	4.007E-5	9.856E-6
126.287	3.951E-5	9.995E-6
126.387	3.958E-5	1.008E-5
126.487	3.972E-5	9.851E-6
126.587	3.969E-5	9.709E-6
126.687	3.940E-5	9.733E-6
126.787	3.933E-5	9.925E-6
126.887	3.904E-5	9.985E-6
126.987	3.910E-5	1.010E-5
127.087	3.889E-5	1.036E-5
127.187	3.871E-5	1.033E-5
127.287	3.874E-5	1.056E-5
127.387	3.879E-5	1.051E-5
127.487	3.869E-5	1.057E-5
127.587	3.847E-5	1.055E-5
127.687	3.792E-5	1.071E-5
127.787	3.776E-5	1.062E-5
127.887	3.775E-5	1.006E-5
127.987	3.789E-5	1.020E-5
128.087	3.753E-5	1.077E-5
128.187	3.706E-5	1.051E-5
128.287	3.710E-5	1.057E-5
128.387	3.719E-5	1.043E-5
128.487	3.756E-5	1.023E-5
128.587	3.781E-5	9.969E-6
128.687	3.777E-5	9.901E-6
128.787	3.801E-5	1.001E-5
128.887	3.803E-5	9.941E-6
128.987	3.826E-5	9.890E-6
129.087	3.759E-5	9.773E-6
129.187	3.755E-5	1.022E-5
129.287	3.751E-5	1.041E-5
129.387	3.755E-5	1.066E-5
129.487	3.779E-5	1.076E-5
129.587	3.777E-5	1.042E-5
129.687	3.767E-5	1.037E-5
129.787	3.753E-5	1.036E-5
129.887	3.757E-5	1.059E-5
129.987	3.757E-5	1.036E-5
130.087	3.740E-5	1.007E-5
130.187	3.766E-5	1.003E-5
130.287	3.787E-5	1.001E-5
130.387	3.765E-5	1.023E-5
130.487	3.754E-5	1.037E-5
130.587	3.728E-5	1.037E-5
130.687	3.712E-5	1.032E-5
130.787	3.713E-5	1.018E-5
130.887	3.690E-5	1.019E-5
130.987	3.691E-5	1.018E-5
131.087	3.729E-5	1.040E-5
131.187	3.736E-5	1.040E-5
131.287	3.730E-5	1.037E-5
131.387	3.716E-5	1.059E-5
131.487	3.741E-5	1.093E-5
131.587	3.741E-5	1.112E-5
131.687	3.742E-5	1.134E-5
131.787	3.752E-5	1.175E-5
131.887	3.803E-5	1.141E-5
131.987	3.823E-5	1.128E-5
132.087	3.860E-5	1.155E-5
132.187	3.823E-5	1.163E-5
132.287	3.842E-5	1.134E-5
132.387	3.841E-5	1.141E-5
132.487	3.841E-5	1.156E-5
132.587	3.864E-5	1.146E-5
132.687	3.858E-5	1.159E-5
132.787	3.848E-5	1.178E-5
132.887	3.876E-5	1.175E-5
132.987	3.883E-5	1.173E-5
133.087	3.887E-5	1.175E-5
133.187	3.897E-5	1.149E-5
133.287	3.920E-5	1.104E-5
133.387	3.932E-5	1.107E-5
133.487	3.928E-5	1.119E-5
133.587	3.944E-5	1.139E-5
133.687	3.961E-5	1.120E-5
133.787	3.957E-5	1.155E-5
133.887	3.950E-5	1.151E-5
133.987	3.927E-5	1.192E-5
134.087	3.903E-5	1.205E-5
134.187	3.902E-5	1.205E-5
134.287	3.892E-5	1.226E-5
134.387	3.860E-5	1.206E-5
134.487	3.832E-5	1.197E-5
134.587	3.845E-5	1.173E-5
134.687	3.807E-5	1.157E-5
134.787	3.777E-5	1.137E-5
134.887	3.763E-5	1.094E-5
134.987	3.791E-5	1.111E-5
135.086	3.816E-5	1.128E-5
135.186	3.818E-5	1.101E-5
135.286	3.832E-5	1.061E-5
135.386	3.818E-5	1.078E-5
135.486	3.831E-5	1.089E-5
135.586	3.840E-5	1.102E-5
135.686	3.858E-5	1.112E-5
135.786	3.851E-5	1.131E-5
135.886	3.840E-5	1.112E-5
135.986	3.847E-5	1.098E-5
136.086	3.854E-5	1.067E-5
136.186	3.829E-5	1.060E-5
136.286	3.789E-5	1.057E-5
136.386	3.760E-5	1.047E-5
136.486	3.792E-5	1.042E-5
136.586	3.828E-5	9.964E-6
136.686	3.831E-5	9.607E-6
136.786	3.846E-5	9.773E-6
136.886	3.826E-5	1.020E-5
136.986	3.858E-5	1.039E-5
137.086	3.851E-5	1.034E-5
137.186	3.857E-5	1.019E-5
137.286	3.855E-5	1.039E-5
137.386	3.880E-5	1.017E-5
137.486	3.882E-5	1.015E-5
137.586	3.880E-5	1.030E-5
137.686	3.872E-5	1.029E-5
137.786	3.857E-5	1.034E-5
137.886	3.869E-5	1.048E-5
137.986	3.864E-5	1.017E-5
138.086	3.868E-5	1.014E-5
138.186	3.865E-5	1.015E-5
138.286	3.864E-5	1.018E-5
138.386	3.871E-5	1.022E-5
138.486	3.843E-5	1.063E-5
138.586	3.860E-5	1.079E-5
138.686	3.882E-5	1.058E-5
138.786	3.899E-5	1.080E-5
138.886	3.907E-5	1.103E-5
138.986	3.932E-5	1.073E-5
139.086	3.952E-5	1.110E-5
139.186	3.945E-5	1.088E-5
139.286	3.961E-5	1.079E-5
139.386	3.977E-5	1.076E-5
139.486	4.006E-5	1.050E-5
139.586	4.001E-5	1.034E-5
139.686	3.981E-5	1.019E-5
139.786	3.963E-5	1.010E-5
139.886	3.961E-5	9.861E-6
139.986	3.954E-5	9.768E-6
140.086	3.932E-5	9.656E-6
140.186	3.925E-5	9.599E-6
140.286	3.933E-5	9.640E-6
140.386	3.932E-5	9.570E-6
140.486	3.926E-5	9.386E-6
140.586	3.928E-5	9.244E-6
140.686	3.883E-5	9.066E-6
140.786	3.884E-5	8.897E-6
140.886	3.860E-5	8.774E-6
140.986	3.853E-5	8.674E-6
141.086	3.859E-5	8.471E-6
141.186	3.840E-5	8.289E-6
141.286	3.842E-5	8.159E-6
141.386	3.833E-5	8.213E-6
141.486	3.834E-5	8.141E-6
141.586	3.803E-5	7.973E-6
141.686	3.807E-5	7.614E-6
141.786	3.794E-5	7.449E-6
141.886	3.780E-5	7.745E-6
141.986	3.752E-5	8.094E-6
142.086	3.753E-5	8.153E-6
142.186	3.757E-5	8.056E-6
142.286	3.754E-5	8.262E-6
142.386	3.756E-5	8.409E-6
142.486	3.753E-5	8.391E-6
142.586	3.758E-5	8.671E-6
142.686	3.733E-5	8.733E-6
142.786	3.748E-5	8.714E-6
142.886	3.765E-5	8.595E-6
142.986	3.745E-5	8.773E-6
143.086	3.739E-5	8.569E-6
143.186	3.702E-5	8.620E-6
143.286	3.708E-5	8.513E-6
143.386	3.715E-5	8.217E-6
143.486	3.715E-5	7.864E-6
143.586	3.735E-5	7.772E-6
143.686	3.731E-5	7.491E-6
143.786	3.720E-5	7.258E-6
143.886	3.717E-5	7.407E-6
143.986	3.725E-5	7.178E-6
144.086	3.720E-5	7.158E-6
144.186	3.701E-5	7.158E-6
144.286	3.692E-5	7.224E-6
144.386	3.684E-5	7.156E-6
144.486	3.662E-5	7.092E-6
144.586	3.657E-5	7.099E-6
144.686	3.677E-5	6.886E-6
144.786	3.678E-5	6.873E-6
144.886	3.698E-5	6.923E-6
144.986	3.702E-5	6.728E-6
145.085	3.679E-5	6.230E-6
145.185	3.676E-5	6.089E-6
145.285	3.685E-5	6.224E-6
145.385	3.681E-5	6.303E-6
145.485	3.700E-5	6.508E-6
145.585	3.689E-5	6.249E-6
145.685	3.680E-5	6.126E-6
145.785	3.674E-5	6.174E-6
145.885	3.664E-5	6.216E-6
145.985	3.656E-5	6.083E-6
146.085	3.667E-5	5.967E-6
146.185	3.650E-5	5.958E-6
146.285	3.665E-5	5.797E-6
146.385	3.662E-5	5.823E-6
146.485	3.643E-5	5.832E-6
146.585	3.657E-5	5.798E-6
146.685	3.693E-5	5.845E-6
146.785	3.672E-5	5.691E-6
146.885	3.644E-5	5.932E-6
146.985	3.637E-5	5.775E-6
147.085	3.657E-5	5.775E-6
147.185	3.657E-5	5.984E-6
147.285	3.656E-5	6.468E-6
147.385	3.654E-5	6.506E-6
147.485	3.653E-5	6.496E-6
147.585	3.636E-5	6.534E-6
147.685	3.620E-5	6.437E-6
147.785	3.600E-5	6.306E-6
147.885	3.574E-5	6.727E-6
147.985	3.554E-5	6.724E-6
148.085	3.549E-5	6.904E-6
148.185	3.550E-5	6.984E-6
148.285	3.505E-5	6.791E-6
148.385	3.472E-5	7.092E-6
148.485	3.451E-5	7.215E-6
148.585	3.447E-5	7.022E-6
148.685	3.435E-5	6.945E-6
148.785	3.446E-5	6.750E-6
148.885	3.427E-5	6.718E-6
148.985	3.419E-5	6.856E-6
149.085	3.409E-5	6.992E-6
149.185	3.365E-5	7.215E-6
149.285	3.356E-5	7.448E-6
149.385	3.331E-5	7.673E-6
149.485	3.327E-5	7.535E-6
149.585	3.349E-5	7.798E-6
149.685	3.362E-5	8.024E-6
149.785	3.383E-5	7.791E-6
149.885	3.390E-5	7.270E-6
149.985	3.383E-5	7.004E-6
150.085	3.395E-5	6.677E-6
150.185	3.437E-5	6.874E-6
150.285	3.427E-5	6.906E-6
150.385	3.411E-5	7.112E-6
150.485	3.413E-5	7.153E-6
150.585	3.422E-5	7.347E-6
150.685	3.430E-5	7.391E-6
150.785	3.459E-5	6.876E-6
150.885	3.478E-5	6.840E-6
150.985	3.490E-5	6.604E-6
151.085	3.464E-5	6.497E-6
151.185	3.440E-5	6.492E-6
151.285	3.464E-5	6.459E-6
151.385	3.457E-5	6.247E-6
151.485	3.466E-5	6.180E-6
151.585	3.458E-5	6.362E-6
151.685	3.442E-5	6.201E-6
151.785	3.439E-5	6.446E-6
151.885	3.450E-5	6.684E-6
151.985	3.457E-5	6.719E-6
152.085	3.410E-5	6.687E-6
152.185	3.381E-5	6.734E-6
152.285	3.358E-5	6.494E-6
152.385	3.418E-5	6.466E-6
152.485	3.414E-5	6.472E-6
152.585	3.353E-5	6.507E-6
152.685	3.360E-5	6.737E-6
152.785	3.367E-5	6.726E-6
152.885	3.372E-5	7.174E-6
152.985	3.364E-5	7.482E-6
153.085	3.339E-5	7.635E-6
153.185	3.350E-5	8.139E-6
153.285	3.353E-5	8.118E-6
153.385	3.326E-5	7.845E-6
153.485	3.351E-5	7.841E-6
153.585	3.396E-5	7.823E-6
153.685	3.364E-5	7.841E-6
153.785	3.365E-5	7.830E-6
153.885	3.361E-5	7.830E-6
153.985	3.345E-5	8.156E-6
154.085	3.342E-5	7.905E-6
154.185	3.339E-5	7.976E-6
154.285	3.332E-5	8.110E-6
154.385	3.336E-5	8.189E-6
154.485	3.342E-5	8.245E-6
154.585	3.339E-5	8.530E-6
154.685	3.342E-5	8.506E-6
154.785	3.326E-5	8.548E-6
154.885	3.287E-5	8.663E-6
154.985	3.269E-5	8.754E-6
155.084	3.273E-5	8.760E-6
155.184	3.279E-5	8.539E-6
155.284	3.294E-5	8.704E-6
155.384	3.300E-5	8.845E-6
155.484	3.294E-5	8.788E-6
155.584	3.290E-5	8.647E-6
155.684	3.278E-5	8.500E-6
155.784	3.292E-5	8.032E-6
155.884	3.303E-5	8.042E-6
155.984	3.326E-5	8.286E-6
156.084	3.350E-5	8.255E-6
