0.000	3.339E-5	-2.305E-5
0.100	3.354E-5	-2.298E-5
0.200	3.378E-5	-2.280E-5
0.300	3.402E-5	-2.233E-5
0.400	3.410E-5	-2.204E-5
0.500	3.430E-5	-2.190E-5
0.600	3.427E-5	-2.155E-5
0.700	3.426E-5	-2.118E-5
0.800	3.434E-5	-2.127E-5
0.900	3.440E-5	-2.091E-5
1.000	3.414E-5	-2.082E-5
1.100	3.413E-5	-2.076E-5
1.200	3.374E-5	-2.055E-5
1.300	3.364E-5	-2.062E-5
1.400	3.356E-5	-2.055E-5
1.500	3.338E-5	-2.064E-5
1.600	3.318E-5	-2.078E-5
1.700	3.273E-5	-2.105E-5
1.800	3.212E-5	-2.090E-5
1.900	3.216E-5	-2.077E-5
2.000	3.228E-5	-2.090E-5
2.100	3.208E-5	-2.067E-5
2.200	3.229E-5	-2.088E-5
2.300	3.283E-5	-2.042E-5
2.400	3.274E-5	-2.018E-5
2.500	3.227E-5	-2.020E-5
2.600	3.227E-5	-2.051E-5
2.700	3.295E-5	-2.077E-5
2.800	3.330E-5	-2.114E-5
2.900	3.335E-5	-2.129E-5
3.000	3.352E-5	-2.157E-5
3.100	3.363E-5	-2.154E-5
3.200	3.389E-5	-2.167E-5
3.300	3.391E-5	-2.163E-5
3.400	3.362E-5	-2.158E-5
3.500	3.343E-5	-2.140E-5
3.600	3.353E-5	-2.130E-5
3.700	3.352E-5	-2.153E-5
3.800	3.367E-5	-2.216E-5
3.900	3.374E-5	-2.244E-5
4.000	3.397E-5	-2.245E-5
4.100	3.440E-5	-2.194E-5
4.200	3.456E-5	-2.126E-5
4.300	3.431E-5	-2.146E-5
4.400	3.403E-5	-2.131E-5
4.500	3.377E-5	-2.124E-5
4.600	3.367E-5	-2.129E-5
4.700	3.399E-5	-2.106E-5
4.800	3.391E-5	-2.091E-5
4.900	3.399E-5	-2.083E-5
5.000	3.430E-5	-2.090E-5
5.099	3.445E-5	-2.104E-5
5.199	3.486E-5	-2.105E-5
5.299	3.514E-5	-2.101E-5
5.399	3.536E-5	-2.087E-5
5.499	3.561E-5	-2.107E-5
5.599	3.560E-5	-2.105E-5
5.699	3.568E-5	-2.088E-5
5.799	3.544E-5	-2.103E-5
5.899	3.517E-5	-2.061E-5
5.999	3.515E-5	-2.042E-5
6.099	3.513E-5	-2.034E-5
6.199	3.506E-5	-1.992E-5
6.299	3.492E-5	-1.963E-5
6.399	3.505E-5	-1.957E-5
6.499	3.535E-5	-1.952E-5
6.599	3.515E-5	-1.924E-5
6.699	3.489E-5	-1.923E-5
6.799	3.504E-5	-1.931E-5
6.899	3.553E-5	-1.951E-5
6.999	3.553E-5	-1.951E-5
7.099	3.554E-5	-1.939E-5
7.199	3.542E-5	-1.900E-5
7.299	3.566E-5	-1.899E-5
7.399	3.555E-5	-1.897E-5
7.499	3.569E-5	-1.924E-5
7.599	3.609E-5	-1.924E-5
7.699	3.618E-5	-1.928E-5
7.799	3.596E-5	-1.908E-5
7.899	3.557E-5	-1.927E-5
7.999	3.550E-5	-1.936E-5
8.099	3.569E-5	-1.962E-5
8.199	3.567E-5	-1.975E-5
8.299	3.558E-5	-1.978E-5
8.399	3.536E-5	-1.963E-5
8.499	3.536E-5	-1.953E-5
8.599	3.533E-5	-1.922E-5
8.699	3.537E-5	-1.968E-5
8.799	3.536E-5	-2.003E-5
8.899	3.517E-5	-2.065E-5
8.999	3.510E-5	-2.100E-5
9.099	3.538E-5	-2.126E-5
9.199	3.544E-5	-2.131E-5
9.299	3.588E-5	-2.127E-5
9.399	3.567E-5	-2.106E-5
9.499	3.541E-5	-2.128E-5
9.599	3.567E-5	-2.154E-5
9.699	3.566E-5	-2.133E-5
9.799	3.581E-5	-2.138E-5
9.899	3.605E-5	-2.106E-5
9.999	3.612E-5	-2.046E-5
10.099	3.627E-5	-2.016E-5
10.199	3.628E-5	-2.054E-5
10.299	3.635E-5	-2.058E-5
10.399	3.603E-5	-2.066E-5
10.499	3.600E-5	-2.094E-5
10.599	3.580E-5	-2.083E-5
10.699	3.614E-5	-2.078E-5
10.799	3.642E-5	-2.102E-5
10.899	3.622E-5	-2.080E-5
10.999	3.616E-5	-2.053E-5
11.099	3.586E-5	-2.020E-5
11.199	3.589E-5	-1.980E-5
11.299	3.590E-5	-1.980E-5
11.399	3.602E-5	-2.005E-5
11.499	3.644E-5	-2.000E-5
11.599	3.676E-5	-1.973E-5
11.699	3.717E-5	-1.960E-5
11.799	3.746E-5	-1.942E-5
11.899	3.712E-5	-1.906E-5
11.999	3.667E-5	-1.924E-5
12.099	3.647E-5	-1.948E-5
12.199	3.629E-5	-1.927E-5
12.299	3.644E-5	-1.938E-5
12.399	3.666E-5	-1.918E-5
12.499	3.692E-5	-1.889E-5
12.599	3.693E-5	-1.881E-5
12.699	3.703E-5	-1.871E-5
12.799	3.715E-5	-1.870E-5
12.899	3.754E-5	-1.896E-5
12.999	3.765E-5	-1.928E-5
13.099	3.807E-5	-1.941E-5
13.199	3.818E-5	-1.947E-5
13.299	3.812E-5	-1.954E-5
13.399	3.821E-5	-1.905E-5
13.499	3.831E-5	-1.918E-5
13.599	3.839E-5	-1.936E-5
13.699	3.872E-5	-1.953E-5
13.799	3.889E-5	-1.903E-5
13.899	3.896E-5	-1.854E-5
13.999	3.945E-5	-1.852E-5
14.099	3.973E-5	-1.828E-5
14.199	3.994E-5	-1.843E-5
14.299	3.990E-5	-1.829E-5
14.399	3.999E-5	-1.851E-5
14.499	4.031E-5	-1.863E-5
14.599	4.049E-5	-1.850E-5
14.699	4.060E-5	-1.850E-5
14.799	4.062E-5	-1.838E-5
14.899	4.059E-5	-1.827E-5
14.999	4.063E-5	-1.828E-5
15.098	4.062E-5	-1.816E-5
15.198	4.047E-5	-1.775E-5
15.298	4.058E-5	-1.724E-5
15.398	4.085E-5	-1.696E-5
15.498	4.074E-5	-1.658E-5
15.598	4.072E-5	-1.678E-5
15.698	4.084E-5	-1.657E-5
15.798	4.097E-5	-1.648E-5
15.898	4.097E-5	-1.662E-5
15.998	4.110E-5	-1.676E-5
16.098	4.128E-5	-1.675E-5
16.198	4.123E-5	-1.685E-5
16.298	4.111E-5	-1.713E-5
16.398	4.115E-5	-1.723E-5
16.498	4.123E-5	-1.727E-5
16.598	4.146E-5	-1.747E-5
16.698	4.191E-5	-1.751E-5
16.798	4.205E-5	-1.794E-5
16.898	4.195E-5	-1.835E-5
16.998	4.212E-5	-1.852E-5
17.098	4.227E-5	-1.836E-5
17.198	4.234E-5	-1.837E-5
17.298	4.263E-5	-1.836E-5
17.398	4.273E-5	-1.798E-5
17.498	4.306E-5	-1.765E-5
17.598	4.287E-5	-1.746E-5
17.698	4.270E-5	-1.739E-5
17.798	4.242E-5	-1.720E-5
17.898	4.249E-5	-1.720E-5
17.998	4.263E-5	-1.669E-5
18.098	4.238E-5	-1.608E-5
18.198	4.210E-5	-1.638E-5
18.298	4.194E-5	-1.636E-5
18.398	4.186E-5	-1.604E-5
18.498	4.219E-5	-1.533E-5
18.598	4.218E-5	-1.514E-5
18.698	4.262E-5	-1.480E-5
18.798	4.289E-5	-1.509E-5
18.898	4.292E-5	-1.498E-5
18.998	4.363E-5	-1.472E-5
19.098	4.365E-5	-1.448E-5
19.198	4.373E-5	-1.382E-5
19.298	4.319E-5	-1.341E-5
19.398	4.322E-5	-1.345E-5
19.498	4.307E-5	-1.394E-5
19.598	4.323E-5	-1.447E-5
19.698	4.312E-5	-1.472E-5
19.798	4.289E-5	-1.471E-5
19.898	4.292E-5	-1.453E-5
19.998	4.318E-5	-1.451E-5
20.098	4.324E-5	-1.422E-5
20.198	4.325E-5	-1.393E-5
20.298	4.299E-5	-1.396E-5
20.398	4.299E-5	-1.398E-5
20.498	4.297E-5	-1.422E-5
20.598	4.319E-5	-1.458E-5
20.698	4.327E-5	-1.433E-5
20.798	4.364E-5	-1.406E-5
20.898	4.383E-5	-1.396E-5
20.998	4.396E-5	-1.446E-5
21.098	4.387E-5	-1.450E-5
21.198	4.361E-5	-1.438E-5
21.298	4.390E-5	-1.437E-5
21.398	4.457E-5	-1.420E-5
21.498	4.479E-5	-1.409E-5
21.598	4.476E-5	-1.368E-5
21.698	4.500E-5	-1.334E-5
21.798	4.515E-5	-1.324E-5
21.898	4.506E-5	-1.369E-5
21.998	4.478E-5	-1.387E-5
22.098	4.470E-5	-1.353E-5
22.198	4.483E-5	-1.356E-5
22.298	4.462E-5	-1.409E-5
22.398	4.465E-5	-1.439E-5
22.498	4.488E-5	-1.424E-5
22.598	4.461E-5	-1.421E-5
22.698	4.472E-5	-1.374E-5
22.798	4.472E-5	-1.375E-5
22.898	4.526E-5	-1.359E-5
22.998	4.588E-5	-1.308E-5
23.098	4.629E-5	-1.316E-5
23.198	4.649E-5	-1.332E-5
23.298	4.649E-5	-1.351E-5
23.398	4.687E-5	-1.358E-5
23.498	4.676E-5	-1.357E-5
23.598	4.676E-5	-1.335E-5
23.698	4.675E-5	-1.319E-5
23.798	4.650E-5	-1.283E-5
23.898	4.633E-5	-1.233E-5
23.998	4.626E-5	-1.268E-5
24.098	4.664E-5	-1.273E-5
24.198	4.687E-5	-1.280E-5
24.298	4.673E-5	-1.296E-5
24.398	4.641E-5	-1.249E-5
24.498	4.624E-5	-1.248E-5
24.598	4.592E-5	-1.221E-5
24.698	4.582E-5	-1.204E-5
24.798	4.608E-5	-1.183E-5
24.898	4.611E-5	-1.168E-5
24.998	4.622E-5	-1.120E-5
25.097	4.638E-5	-1.128E-5
25.197	4.673E-5	-1.159E-5
25.297	4.666E-5	-1.190E-5
25.397	4.638E-5	-1.146E-5
25.497	4.635E-5	-1.135E-5
25.597	4.655E-5	-1.131E-5
25.697	4.661E-5	-1.157E-5
25.797	4.696E-5	-1.154E-5
25.897	4.727E-5	-1.147E-5
25.997	4.738E-5	-1.171E-5
26.097	4.763E-5	-1.191E-5
26.197	4.754E-5	-1.146E-5
26.297	4.742E-5	-1.094E-5
26.397	4.764E-5	-1.120E-5
26.497	4.764E-5	-1.130E-5
26.597	4.730E-5	-1.106E-5
26.697	4.732E-5	-1.133E-5
26.797	4.795E-5	-1.143E-5
26.897	4.843E-5	-1.159E-5
26.997	4.841E-5	-1.117E-5
27.097	4.838E-5	-1.058E-5
27.197	4.835E-5	-1.070E-5
27.297	4.837E-5	-1.091E-5
27.397	4.827E-5	-1.109E-5
27.497	4.853E-5	-1.098E-5
27.597	4.851E-5	-1.080E-5
27.697	4.826E-5	-1.073E-5
27.797	4.787E-5	-1.065E-5
27.897	4.774E-5	-1.081E-5
27.997	4.795E-5	-1.079E-5
28.097	4.791E-5	-1.091E-5
28.197	4.778E-5	-1.056E-5
28.297	4.763E-5	-1.038E-5
28.397	4.767E-5	-1.040E-5
28.497	4.762E-5	-1.045E-5
28.597	4.774E-5	-1.072E-5
28.697	4.743E-5	-1.077E-5
28.797	4.725E-5	-1.057E-5
28.897	4.751E-5	-1.059E-5
28.997	4.776E-5	-1.098E-5
29.097	4.781E-5	-1.106E-5
29.197	4.755E-5	-1.106E-5
29.297	4.738E-5	-1.106E-5
29.397	4.740E-5	-1.086E-5
29.497	4.752E-5	-1.080E-5
29.597	4.768E-5	-1.110E-5
29.697	4.742E-5	-1.083E-5
29.797	4.778E-5	-1.092E-5
29.897	4.770E-5	-1.106E-5
29.997	4.761E-5	-1.069E-5
30.097	4.787E-5	-1.070E-5
30.197	4.792E-5	-1.095E-5
30.297	4.823E-5	-1.138E-5
30.397	4.872E-5	-1.137E-5
30.497	4.878E-5	-1.140E-5
30.597	4.879E-5	-1.116E-5
30.697	4.897E-5	-1.129E-5
30.797	4.901E-5	-1.106E-5
30.897	4.896E-5	-1.110E-5
30.997	4.909E-5	-1.133E-5
31.097	4.912E-5	-1.114E-5
31.197	4.916E-5	-1.095E-5
31.297	4.928E-5	-1.056E-5
31.397	4.928E-5	-1.007E-5
31.497	4.930E-5	-9.883E-6
31.597	4.932E-5	-1.002E-5
31.697	4.913E-5	-9.901E-6
31.797	4.949E-5	-9.667E-6
31.897	4.953E-5	-9.531E-6
31.997	4.943E-5	-9.687E-6
32.097	4.918E-5	-9.555E-6
32.197	4.912E-5	-9.861E-6
32.297	4.919E-5	-9.952E-6
32.397	4.919E-5	-1.019E-5
32.497	4.953E-5	-1.024E-5
32.597	4.922E-5	-1.030E-5
32.697	4.924E-5	-1.050E-5
32.797	4.955E-5	-1.099E-5
32.897	4.942E-5	-1.106E-5
32.997	4.905E-5	-1.118E-5
33.097	4.897E-5	-1.109E-5
33.197	4.929E-5	-1.103E-5
33.297	4.951E-5	-1.137E-5
33.397	4.968E-5	-1.170E-5
33.497	5.002E-5	-1.178E-5
33.597	5.014E-5	-1.148E-5
33.697	5.024E-5	-1.100E-5
33.797	5.040E-5	-1.057E-5
33.897	5.081E-5	-1.013E-5
33.997	5.089E-5	-9.733E-6
34.097	5.118E-5	-9.893E-6
34.197	5.152E-5	-1.029E-5
34.297	5.154E-5	-1.002E-5
34.397	5.135E-5	-9.944E-6
34.497	5.158E-5	-9.934E-6
34.597	5.180E-5	-9.755E-6
34.697	5.202E-5	-9.694E-6
34.797	5.180E-5	-9.711E-6
34.897	5.180E-5	-9.980E-6
34.997	5.151E-5	-1.022E-5
35.096	5.143E-5	-1.043E-5
35.196	5.169E-5	-1.121E-5
35.296	5.193E-5	-1.141E-5
35.396	5.219E-5	-1.137E-5
35.496	5.225E-5	-1.099E-5
35.596	5.256E-5	-1.133E-5
35.696	5.255E-5	-1.124E-5
35.796	5.268E-5	-1.075E-5
35.896	5.258E-5	-1.069E-5
35.996	5.255E-5	-1.037E-5
36.096	5.280E-5	-1.017E-5
36.196	5.263E-5	-1.034E-5
36.296	5.260E-5	-1.020E-5
36.396	5.276E-5	-9.918E-6
36.496	5.305E-5	-1.033E-5
36.596	5.330E-5	-1.034E-5
36.696	5.346E-5	-1.040E-5
36.796	5.372E-5	-1.069E-5
36.896	5.398E-5	-1.045E-5
36.996	5.408E-5	-1.021E-5
37.096	5.416E-5	-1.030E-5
37.196	5.418E-5	-1.023E-5
37.296	5.381E-5	-1.036E-5
37.396	5.329E-5	-1.014E-5
37.496	5.332E-5	-9.865E-6
37.596	5.344E-5	-9.603E-6
37.696	5.378E-5	-9.441E-6
37.796	5.468E-5	-9.907E-6
37.896	5.482E-5	-1.024E-5
37.996	5.483E-5	-1.026E-5
38.096	5.486E-5	-1.082E-5
38.196	5.461E-5	-1.101E-5
38.296	5.459E-5	-1.082E-5
38.396	5.446E-5	-1.132E-5
38.496	5.441E-5	-1.120E-5
38.596	5.453E-5	-1.121E-5
38.696	5.457E-5	-1.147E-5
38.796	5.469E-5	-1.147E-5
38.896	5.495E-5	-1.122E-5
38.996	5.477E-5	-1.122E-5
39.096	5.451E-5	-1.120E-5
39.196	5.438E-5	-1.123E-5
39.296	5.458E-5	-1.120E-5
39.396	5.453E-5	-1.118E-5
39.496	5.408E-5	-1.121E-5
39.596	5.406E-5	-1.151E-5
39.696	5.430E-5	-1.124E-5
39.796	5.479E-5	-1.135E-5
39.896	5.497E-5	-1.129E-5
39.996	5.480E-5	-1.155E-5
40.096	5.471E-5	-1.130E-5
40.196	5.447E-5	-1.081E-5
40.296	5.415E-5	-1.069E-5
40.396	5.426E-5	-1.006E-5
40.496	5.426E-5	-9.894E-6
40.596	5.410E-5	-9.975E-6
40.696	5.421E-5	-9.805E-6
40.796	5.433E-5	-9.802E-6
40.896	5.436E-5	-1.016E-5
40.996	5.459E-5	-1.028E-5
41.096	5.495E-5	-1.021E-5
41.196	5.507E-5	-1.044E-5
41.296	5.468E-5	-1.070E-5
41.396	5.520E-5	-1.097E-5
41.496	5.561E-5	-1.107E-5
41.596	5.576E-5	-1.104E-5
41.696	5.614E-5	-1.045E-5
41.796	5.620E-5	-1.023E-5
41.896	5.624E-5	-1.009E-5
41.996	5.660E-5	-1.006E-5
42.096	5.642E-5	-1.008E-5
42.196	5.677E-5	-9.995E-6
42.296	5.687E-5	-1.007E-5
42.396	5.713E-5	-9.750E-6
42.496	5.735E-5	-9.559E-6
42.596	5.783E-5	-9.971E-6
42.696	5.783E-5	-1.067E-5
42.796	5.820E-5	-1.025E-5
42.896	5.824E-5	-1.036E-5
42.996	5.815E-5	-1.047E-5
43.096	5.785E-5	-1.030E-5
43.196	5.809E-5	-1.037E-5
43.296	5.790E-5	-9.839E-6
43.396	5.808E-5	-9.719E-6
43.496	5.819E-5	-1.002E-5
43.596	5.810E-5	-1.002E-5
43.696	5.835E-5	-9.784E-6
43.796	5.860E-5	-9.688E-6
43.896	5.886E-5	-9.594E-6
43.996	5.836E-5	-9.865E-6
44.096	5.812E-5	-9.834E-6
44.196	5.781E-5	-9.549E-6
44.296	5.766E-5	-9.337E-6
44.396	5.660E-5	-9.702E-6
44.496	5.675E-5	-9.731E-6
44.596	5.647E-5	-9.589E-6
44.696	5.619E-5	-9.409E-6
44.796	5.598E-5	-9.300E-6
44.896	5.571E-5	-9.146E-6
44.996	5.573E-5	-8.912E-6
45.095	5.560E-5	-8.842E-6
45.195	5.568E-5	-9.010E-6
45.295	5.534E-5	-9.474E-6
45.395	5.521E-5	-9.182E-6
45.495	5.532E-5	-8.973E-6
45.595	5.572E-5	-8.907E-6
45.695	5.610E-5	-9.193E-6
45.795	5.597E-5	-9.660E-6
45.895	5.630E-5	-9.681E-6
45.995	5.631E-5	-9.547E-6
46.095	5.637E-5	-9.475E-6
46.195	5.675E-5	-9.441E-6
46.295	5.684E-5	-9.188E-6
46.395	5.647E-5	-8.951E-6
46.495	5.620E-5	-9.124E-6
46.595	5.675E-5	-9.519E-6
46.695	5.720E-5	-9.811E-6
46.795	5.732E-5	-9.806E-6
46.895	5.775E-5	-9.887E-6
46.995	5.783E-5	-1.016E-5
47.095	5.775E-5	-1.008E-5
47.195	5.749E-5	-1.046E-5
47.295	5.733E-5	-1.033E-5
47.395	5.720E-5	-1.046E-5
47.495	5.760E-5	-1.069E-5
47.595	5.765E-5	-1.056E-5
47.695	5.762E-5	-1.059E-5
47.795	5.787E-5	-1.032E-5
47.895	5.815E-5	-1.032E-5
47.995	5.836E-5	-1.049E-5
48.095	5.836E-5	-1.017E-5
48.195	5.833E-5	-9.330E-6
48.295	5.816E-5	-8.944E-6
48.395	5.856E-5	-8.958E-6
48.495	5.866E-5	-8.806E-6
48.595	5.883E-5	-8.560E-6
48.695	5.886E-5	-8.245E-6
48.795	5.906E-5	-8.026E-6
48.895	5.898E-5	-8.169E-6
48.995	5.905E-5	-8.539E-6
49.095	5.921E-5	-8.473E-6
49.195	5.934E-5	-8.496E-6
49.295	5.912E-5	-9.316E-6
49.395	5.904E-5	-9.888E-6
49.495	5.953E-5	-1.008E-5
49.595	5.939E-5	-1.007E-5
49.695	5.959E-5	-1.062E-5
49.795	5.989E-5	-1.082E-5
49.895	6.009E-5	-1.072E-5
49.995	5.985E-5	-1.042E-5
50.095	5.978E-5	-1.058E-5
50.195	5.992E-5	-1.054E-5
50.295	5.988E-5	-1.057E-5
50.395	5.987E-5	-1.063E-5
50.495	6.000E-5	-1.045E-5
50.595	6.021E-5	-1.021E-5
50.695	6.028E-5	-1.009E-5
50.795	6.018E-5	-1.031E-5
50.895	6.013E-5	-1.005E-5
50.995	6.014E-5	-1.008E-5
51.095	5.987E-5	-1.008E-5
51.195	6.014E-5	-1.014E-5
51.295	6.013E-5	-9.828E-6
51.395	6.013E-5	-9.712E-6
51.495	6.040E-5	-9.580E-6
51.595	6.034E-5	-9.531E-6
51.695	6.001E-5	-9.698E-6
51.795	5.993E-5	-9.399E-6
51.895	6.019E-5	-9.135E-6
51.995	6.059E-5	-9.458E-6
52.095	6.066E-5	-9.782E-6
52.195	6.090E-5	-9.819E-6
52.295	6.129E-5	-9.533E-6
52.395	6.133E-5	-9.464E-6
52.495	6.152E-5	-9.296E-6
52.595	6.173E-5	-9.346E-6
52.695	6.180E-5	-9.834E-6
52.795	6.201E-5	-1.073E-5
52.895	6.233E-5	-1.092E-5
52.995	6.221E-5	-1.129E-5
53.095	6.227E-5	-1.110E-5
53.195	6.262E-5	-1.143E-5
53.295	6.276E-5	-1.111E-5
53.395	6.278E-5	-1.106E-5
53.495	6.269E-5	-1.093E-5
53.595	6.257E-5	-1.083E-5
53.695	6.261E-5	-1.085E-5
53.795	6.277E-5	-1.120E-5
53.895	6.278E-5	-1.131E-5
53.995	6.299E-5	-1.107E-5
54.095	6.330E-5	-1.134E-5
54.195	6.339E-5	-1.111E-5
54.295	6.327E-5	-1.114E-5
54.395	6.328E-5	-1.088E-5
54.495	6.367E-5	-1.053E-5
54.595	6.377E-5	-1.024E-5
54.695	6.367E-5	-1.028E-5
54.795	6.371E-5	-1.031E-5
54.895	6.393E-5	-1.023E-5
54.995	6.385E-5	-1.014E-5
55.094	6.415E-5	-1.032E-5
55.194	6.407E-5	-1.047E-5
55.294	6.394E-5	-1.105E-5
55.394	6.397E-5	-1.108E-5
55.494	6.414E-5	-1.115E-5
55.594	6.419E-5	-1.098E-5
55.694	6.420E-5	-1.105E-5
55.794	6.416E-5	-1.130E-5
55.894	6.421E-5	-1.150E-5
55.994	6.431E-5	-1.166E-5
56.094	6.444E-5	-1.169E-5
56.194	6.412E-5	-1.153E-5
56.294	6.388E-5	-1.179E-5
56.394	6.364E-5	-1.124E-5
56.494	6.354E-5	-1.124E-5
56.594	6.414E-5	-1.157E-5
56.694	6.395E-5	-1.132E-5
56.794	6.395E-5	-1.108E-5
56.894	6.390E-5	-1.084E-5
56.994	6.410E-5	-1.100E-5
57.094	6.428E-5	-1.119E-5
57.194	6.444E-5	-1.102E-5
57.294	6.456E-5	-1.052E-5
57.394	6.441E-5	-1.017E-5
57.494	6.454E-5	-1.019E-5
57.594	6.454E-5	-1.018E-5
57.694	6.453E-5	-9.785E-6
57.794	6.470E-5	-9.828E-6
57.894	6.440E-5	-9.690E-6
57.994	6.478E-5	-9.296E-6
58.094	6.391E-5	-1.042E-5
58.194	6.390E-5	-1.041E-5
58.294	6.341E-5	-1.046E-5
58.394	6.312E-5	-1.057E-5
58.494	6.323E-5	-1.055E-5
58.594	6.295E-5	-1.031E-5
58.694	6.285E-5	-1.031E-5
58.794	6.286E-5	-1.072E-5
58.894	6.311E-5	-1.099E-5
58.994	6.315E-5	-1.121E-5
59.094	6.319E-5	-1.111E-5
59.194	6.315E-5	-1.103E-5
59.294	6.305E-5	-1.082E-5
59.394	6.295E-5	-1.080E-5
59.494	6.279E-5	-1.144E-5
59.594	6.246E-5	-1.136E-5
59.694	6.211E-5	-1.119E-5
59.794	6.212E-5	-1.120E-5
59.894	6.246E-5	-1.117E-5
59.994	6.221E-5	-1.138E-5
60.094	6.251E-5	-1.130E-5
60.194	6.280E-5	-1.107E-5
60.294	6.255E-5	-1.084E-5
60.394	6.266E-5	-1.052E-5
60.494	6.240E-5	-1.025E-5
60.594	6.218E-5	-1.044E-5
60.694	6.251E-5	-1.032E-5
60.794	6.205E-5	-1.078E-5
60.894	6.210E-5	-1.078E-5
60.994	6.220E-5	-1.066E-5
61.094	6.189E-5	-1.099E-5
61.194	6.150E-5	-1.123E-5
61.294	6.109E-5	-1.125E-5
61.394	6.103E-5	-1.150E-5
61.494	6.107E-5	-1.143E-5
61.594	6.122E-5	-1.143E-5
61.694	6.136E-5	-1.110E-5
61.794	6.161E-5	-1.123E-5
61.894	6.140E-5	-1.107E-5
61.994	6.121E-5	-1.144E-5
62.094	6.132E-5	-1.198E-5
62.194	6.112E-5	-1.216E-5
62.294	6.088E-5	-1.232E-5
62.394	6.118E-5	-1.254E-5
62.494	6.200E-5	-1.247E-5
62.594	6.241E-5	-1.226E-5
62.694	6.238E-5	-1.206E-5
62.794	6.233E-5	-1.216E-5
62.894	6.193E-5	-1.223E-5
62.994	6.199E-5	-1.217E-5
63.094	6.242E-5	-1.216E-5
63.194	6.238E-5	-1.217E-5
63.294	6.191E-5	-1.237E-5
63.394	6.181E-5	-1.240E-5
63.494	6.219E-5	-1.251E-5
63.594	6.224E-5	-1.258E-5
63.694	6.203E-5	-1.222E-5
63.794	6.177E-5	-1.217E-5
63.894	6.236E-5	-1.218E-5
63.994	6.274E-5	-1.209E-5
64.094	6.304E-5	-1.194E-5
64.194	6.324E-5	-1.154E-5
64.294	6.287E-5	-1.172E-5
64.394	6.289E-5	-1.186E-5
64.494	6.288E-5	-1.212E-5
64.594	6.293E-5	-1.174E-5
64.694	6.293E-5	-1.151E-5
64.794	6.316E-5	-1.171E-5
64.894	6.365E-5	-1.169E-5
64.994	6.416E-5	-1.150E-5
65.093	6.424E-5	-1.165E-5
65.193	6.419E-5	-1.137E-5
65.293	6.387E-5	-1.129E-5
65.393	6.377E-5	-1.112E-5
65.493	6.387E-5	-1.108E-5
65.593	6.384E-5	-1.093E-5
65.693	6.381E-5	-1.114E-5
65.793	6.425E-5	-1.119E-5
65.893	6.453E-5	-1.121E-5
65.993	6.442E-5	-1.138E-5
66.093	6.437E-5	-1.134E-5
66.193	6.422E-5	-1.122E-5
66.293	6.419E-5	-1.108E-5
66.393	6.412E-5	-1.139E-5
66.493	6.409E-5	-1.168E-5
66.593	6.439E-5	-1.159E-5
66.693	6.464E-5	-1.145E-5
66.793	6.459E-5	-1.103E-5
66.893	6.456E-5	-1.113E-5
66.993	6.485E-5	-1.137E-5
67.093	6.493E-5	-1.122E-5
67.193	6.494E-5	-1.129E-5
67.293	6.489E-5	-1.129E-5
67.393	6.498E-5	-1.135E-5
67.493	6.540E-5	-1.132E-5
67.593	6.516E-5	-1.083E-5
67.693	6.494E-5	-1.048E-5
67.793	6.536E-5	-1.036E-5
67.893	6.540E-5	-9.961E-6
67.993	6.566E-5	-9.987E-6
68.093	6.590E-5	-1.023E-5
68.193	6.598E-5	-1.014E-5
68.293	6.589E-5	-1.008E-5
68.393	6.568E-5	-9.942E-6
68.493	6.558E-5	-1.004E-5
68.593	6.597E-5	-9.905E-6
68.693	6.608E-5	-9.806E-6
68.793	6.591E-5	-9.994E-6
68.893	6.621E-5	-9.981E-6
68.993	6.658E-5	-9.463E-6
69.093	6.659E-5	-9.272E-6
69.193	6.628E-5	-9.310E-6
69.293	6.655E-5	-8.980E-6
69.393	6.678E-5	-9.262E-6
69.493	6.661E-5	-9.396E-6
69.593	6.681E-5	-9.433E-6
69.693	6.673E-5	-9.882E-6
69.793	6.681E-5	-9.735E-6
69.893	6.677E-5	-9.541E-6
69.993	6.655E-5	-9.641E-6
70.093	6.673E-5	-9.643E-6
70.193	6.706E-5	-9.658E-6
70.293	6.709E-5	-9.938E-6
70.393	6.702E-5	-1.005E-5
70.493	6.713E-5	-1.017E-5
70.593	6.747E-5	-1.004E-5
70.693	6.801E-5	-9.977E-6
70.793	6.822E-5	-9.771E-6
70.893	6.826E-5	-9.648E-6
70.993	6.819E-5	-9.710E-6
71.093	6.810E-5	-9.796E-6
71.193	6.834E-5	-9.553E-6
71.293	6.847E-5	-9.612E-6
71.393	6.858E-5	-9.255E-6
71.493	6.822E-5	-9.458E-6
71.593	6.825E-5	-9.493E-6
71.693	6.866E-5	-9.647E-6
71.793	6.829E-5	-9.639E-6
71.893	6.817E-5	-9.572E-6
71.993	6.810E-5	-9.490E-6
72.093	6.830E-5	-8.946E-6
72.193	6.821E-5	-8.723E-6
72.293	6.818E-5	-9.050E-6
72.393	6.793E-5	-9.081E-6
72.493	6.770E-5	-9.429E-6
72.593	6.804E-5	-9.097E-6
72.693	6.821E-5	-8.850E-6
72.793	6.875E-5	-8.774E-6
72.893	6.876E-5	-8.578E-6
72.993	6.843E-5	-8.509E-6
73.093	6.857E-5	-8.569E-6
73.193	6.854E-5	-8.524E-6
73.293	6.822E-5	-8.566E-6
73.393	6.778E-5	-8.303E-6
73.493	6.796E-5	-8.035E-6
73.593	6.811E-5	-8.141E-6
73.693	6.835E-5	-7.808E-6
73.793	6.832E-5	-7.781E-6
73.893	6.867E-5	-7.299E-6
73.993	6.834E-5	-7.296E-6
74.093	6.836E-5	-7.662E-6
74.193	6.837E-5	-7.941E-6
74.293	6.802E-5	-8.306E-6
74.393	6.793E-5	-8.460E-6
74.493	6.807E-5	-8.415E-6
74.593	6.790E-5	-8.335E-6
74.693	6.830E-5	-8.266E-6
74.793	6.862E-5	-8.313E-6
74.893	6.885E-5	-7.779E-6
74.993	6.881E-5	-7.463E-6
75.092	6.885E-5	-7.818E-6
75.192	6.901E-5	-7.813E-6
75.292	6.908E-5	-7.550E-6
75.392	6.908E-5	-7.563E-6
75.492	6.904E-5	-7.154E-6
75.592	6.870E-5	-7.298E-6
75.692	6.858E-5	-7.129E-6
75.792	6.853E-5	-7.385E-6
75.892	6.840E-5	-7.531E-6
75.992	6.836E-5	-7.327E-6
76.092	6.800E-5	-7.084E-6
76.192	6.792E-5	-6.824E-6
76.292	6.852E-5	-7.556E-6
76.392	6.876E-5	-7.640E-6
76.492	6.910E-5	-7.647E-6
76.592	6.934E-5	-7.861E-6
76.692	6.974E-5	-7.833E-6
76.792	6.962E-5	-7.704E-6
76.892	6.967E-5	-8.190E-6
76.992	6.988E-5	-8.071E-6
77.092	6.985E-5	-8.189E-6
77.192	6.985E-5	-8.015E-6
77.292	6.987E-5	-8.170E-6
77.392	7.015E-5	-7.817E-6
77.492	7.033E-5	-7.811E-6
77.592	7.029E-5	-7.996E-6
77.692	7.040E-5	-7.890E-6
77.792	7.047E-5	-7.799E-6
77.892	7.033E-5	-7.692E-6
77.992	7.033E-5	-7.756E-6
78.092	7.031E-5	-7.892E-6
78.192	7.018E-5	-7.756E-6
78.292	7.026E-5	-7.680E-6
78.392	7.045E-5	-7.666E-6
78.492	7.045E-5	-7.755E-6
78.592	7.015E-5	-7.503E-6
78.692	7.021E-5	-7.580E-6
78.792	6.996E-5	-7.512E-6
78.892	6.967E-5	-7.549E-6
78.992	6.961E-5	-7.259E-6
79.092	6.991E-5	-7.258E-6
79.192	7.001E-5	-7.405E-6
79.292	7.059E-5	-7.548E-6
79.392	7.093E-5	-7.467E-6
79.492	7.133E-5	-7.878E-6
79.592	7.161E-5	-8.034E-6
79.692	7.136E-5	-8.061E-6
79.792	7.143E-5	-7.721E-6
79.892	7.146E-5	-7.540E-6
79.992	7.187E-5	-7.659E-6
80.092	7.223E-5	-7.683E-6
80.192	7.198E-5	-8.144E-6
80.292	7.198E-5	-8.262E-6
80.392	7.222E-5	-8.284E-6
80.492	7.248E-5	-7.939E-6
80.592	7.272E-5	-7.715E-6
80.692	7.291E-5	-7.930E-6
80.792	7.305E-5	-7.412E-6
80.892	7.297E-5	-7.282E-6
80.992	7.301E-5	-7.393E-6
81.092	7.319E-5	-7.045E-6
81.192	7.338E-5	-7.141E-6
81.292	7.353E-5	-7.020E-6
81.392	7.347E-5	-7.088E-6
81.492	7.366E-5	-7.635E-6
81.592	7.377E-5	-7.558E-6
81.692	7.380E-5	-7.434E-6
81.792	7.362E-5	-7.427E-6
81.892	7.351E-5	-7.518E-6
81.992	7.341E-5	-7.902E-6
82.092	7.332E-5	-7.682E-6
82.192	7.339E-5	-7.634E-6
82.292	7.337E-5	-7.904E-6
82.392	7.307E-5	-7.714E-6
82.492	7.335E-5	-7.414E-6
82.592	7.325E-5	-7.362E-6
82.692	7.309E-5	-7.401E-6
82.792	7.286E-5	-7.536E-6
82.892	7.306E-5	-7.913E-6
82.992	7.345E-5	-8.178E-6
83.092	7.374E-5	-8.220E-6
83.192	7.397E-5	-8.409E-6
83.292	7.409E-5	-8.416E-6
83.392	7.397E-5	-8.466E-6
83.492	7.384E-5	-8.180E-6
83.592	7.365E-5	-8.203E-6
83.692	7.369E-5	-8.682E-6
83.792	7.402E-5	-8.711E-6
83.892	7.450E-5	-8.784E-6
83.992	7.479E-5	-8.780E-6
84.092	7.498E-5	-9.186E-6
84.192	7.487E-5	-9.486E-6
84.292	7.499E-5	-9.679E-6
84.392	7.513E-5	-9.471E-6
84.492	7.522E-5	-9.279E-6
84.592	7.556E-5	-9.143E-6
84.692	7.571E-5	-9.408E-6
84.792	7.523E-5	-9.643E-6
84.892	7.501E-5	-9.663E-6
84.992	7.526E-5	-9.297E-6
85.091	7.528E-5	-9.194E-6
85.191	7.550E-5	-9.047E-6
85.291	7.535E-5	-9.055E-6
85.391	7.550E-5	-9.108E-6
85.491	7.549E-5	-9.147E-6
85.591	7.562E-5	-9.161E-6
85.691	7.538E-5	-9.074E-6
85.791	7.574E-5	-8.981E-6
85.891	7.598E-5	-8.879E-6
85.991	7.581E-5	-8.705E-6
86.091	7.568E-5	-8.696E-6
86.191	7.541E-5	-8.847E-6
86.291	7.522E-5	-8.885E-6
86.391	7.513E-5	-8.947E-6
86.491	7.535E-5	-8.789E-6
86.591	7.585E-5	-8.518E-6
86.691	7.575E-5	-8.181E-6
86.791	7.588E-5	-8.423E-6
86.891	7.599E-5	-8.844E-6
86.991	7.603E-5	-8.919E-6
87.091	7.605E-5	-9.085E-6
87.191	7.611E-5	-9.351E-6
87.291	7.617E-5	-9.857E-6
87.391	7.604E-5	-9.656E-6
87.491	7.565E-5	-9.376E-6
87.591	7.501E-5	-9.095E-6
87.691	7.484E-5	-8.901E-6
87.791	7.479E-5	-8.510E-6
87.891	7.472E-5	-8.181E-6
87.991	7.500E-5	-8.184E-6
88.091	7.538E-5	-8.157E-6
88.191	7.524E-5	-8.180E-6
88.291	7.537E-5	-8.207E-6
88.391	7.549E-5	-8.413E-6
88.491	7.543E-5	-8.147E-6
88.591	7.559E-5	-7.590E-6
88.691	7.587E-5	-7.670E-6
88.791	7.589E-5	-7.794E-6
88.891	7.573E-5	-7.857E-6
88.991	7.631E-5	-7.501E-6
89.091	7.616E-5	-7.206E-6
89.191	7.600E-5	-7.072E-6
89.291	7.595E-5	-6.812E-6
89.391	7.642E-5	-7.081E-6
89.491	7.639E-5	-6.855E-6
89.591	7.652E-5	-6.591E-6
89.691	7.646E-5	-6.262E-6
89.791	7.651E-5	-6.057E-6
89.891	7.668E-5	-5.784E-6
89.991	7.696E-5	-5.750E-6
90.091	7.666E-5	-5.669E-6
90.191	7.643E-5	-5.613E-6
90.291	7.701E-5	-5.536E-6
90.391	7.710E-5	-5.376E-6
90.491	7.759E-5	-5.504E-6
90.591	7.801E-5	-5.388E-6
90.691	7.810E-5	-5.413E-6
90.791	7.804E-5	-5.735E-6
90.891	7.792E-5	-5.880E-6
90.991	7.803E-5	-5.661E-6
91.091	7.794E-5	-5.316E-6
91.191	7.767E-5	-5.158E-6
91.291	7.742E-5	-5.046E-6
91.391	7.748E-5	-5.189E-6
91.491	7.761E-5	-5.034E-6
91.591	7.732E-5	-5.537E-6
91.691	7.760E-5	-5.936E-6
91.791	7.731E-5	-5.783E-6
91.891	7.726E-5	-5.701E-6
91.991	7.765E-5	-6.143E-6
92.091	7.775E-5	-6.171E-6
92.191	7.796E-5	-6.412E-6
92.291	7.779E-5	-6.317E-6
92.391	7.757E-5	-6.065E-6
92.491	7.745E-5	-6.287E-6
92.591	7.778E-5	-6.411E-6
92.691	7.802E-5	-6.313E-6
92.791	7.789E-5	-6.429E-6
92.891	7.816E-5	-6.646E-6
92.991	7.790E-5	-6.791E-6
93.091	7.763E-5	-6.858E-6
93.191	7.780E-5	-6.889E-6
93.291	7.779E-5	-6.637E-6
93.391	7.790E-5	-6.568E-6
93.491	7.778E-5	-6.653E-6
93.591	7.779E-5	-6.742E-6
93.691	7.800E-5	-6.974E-6
93.791	7.789E-5	-6.856E-6
93.891	7.788E-5	-6.687E-6
93.991	7.743E-5	-6.733E-6
94.091	7.777E-5	-6.669E-6
94.191	7.788E-5	-6.650E-6
94.291	7.816E-5	-6.708E-6
94.391	7.807E-5	-6.778E-6
94.491	7.824E-5	-6.406E-6
94.591	7.830E-5	-5.961E-6
94.691	7.802E-5	-6.025E-6
94.791	7.806E-5	-5.917E-6
94.891	7.856E-5	-5.521E-6
94.991	7.864E-5	-4.953E-6
95.090	7.801E-5	-4.799E-6
95.190	7.779E-5	-4.440E-6
95.290	7.806E-5	-4.560E-6
95.390	7.802E-5	-4.773E-6
95.490	7.774E-5	-4.853E-6
95.590	7.753E-5	-4.850E-6
95.690	7.767E-5	-4.742E-6
95.790	7.776E-5	-4.958E-6
95.890	7.761E-5	-4.808E-6
95.990	7.766E-5	-4.649E-6
96.090	7.778E-5	-4.341E-6
96.190	7.774E-5	-4.073E-6
96.290	7.767E-5	-3.767E-6
96.390	7.764E-5	-3.776E-6
96.490	7.740E-5	-3.831E-6
96.590	7.740E-5	-3.662E-6
96.690	7.727E-5	-3.759E-6
96.790	7.718E-5	-4.102E-6
96.890	7.687E-5	-3.945E-6
96.990	7.646E-5	-3.401E-6
97.090	7.634E-5	-3.358E-6
97.190	7.677E-5	-3.331E-6
97.290	7.690E-5	-3.627E-6
97.390	7.660E-5	-3.621E-6
97.490	7.645E-5	-3.823E-6
97.590	7.639E-5	-3.757E-6
97.690	7.668E-5	-3.705E-6
97.790	7.693E-5	-3.822E-6
97.890	7.729E-5	-3.914E-6
97.990	7.734E-5	-4.010E-6
98.090	7.686E-5	-3.877E-6
98.190	7.669E-5	-4.055E-6
98.290	7.669E-5	-4.017E-6
98.390	7.675E-5	-4.077E-6
98.490	7.673E-5	-3.923E-6
98.590	7.699E-5	-4.008E-6
98.690	7.717E-5	-4.193E-6
98.790	7.738E-5	-3.782E-6
98.890	7.769E-5	-3.695E-6
98.990	7.783E-5	-3.851E-6
99.090	7.757E-5	-3.988E-6
99.190	7.759E-5	-4.246E-6
99.290	7.796E-5	-4.419E-6
99.390	7.845E-5	-4.280E-6
99.490	7.857E-5	-4.134E-6
99.590	7.840E-5	-4.329E-6
99.690	7.891E-5	-4.357E-6
99.790	7.916E-5	-4.153E-6
99.890	7.892E-5	-3.951E-6
99.990	7.881E-5	-4.351E-6
100.090	7.878E-5	-4.407E-6
100.190	7.902E-5	-4.131E-6
100.290	7.883E-5	-4.677E-6
100.390	7.872E-5	-4.896E-6
100.490	7.845E-5	-5.205E-6
100.590	7.853E-5	-5.195E-6
100.690	7.847E-5	-4.925E-6
100.790	7.848E-5	-5.092E-6
100.890	7.827E-5	-5.156E-6
100.990	7.793E-5	-5.271E-6
101.090	7.837E-5	-6.285E-6
101.190	7.821E-5	-6.444E-6
101.290	7.826E-5	-6.196E-6
101.390	7.818E-5	-6.065E-6
101.490	7.775E-5	-6.426E-6
101.590	7.773E-5	-6.615E-6
101.690	7.787E-5	-6.815E-6
101.790	7.789E-5	-6.956E-6
101.890	7.769E-5	-6.740E-6
101.990	7.724E-5	-6.479E-6
102.090	7.699E-5	-6.946E-6
102.190	7.672E-5	-6.867E-6
102.290	7.681E-5	-6.507E-6
102.390	7.718E-5	-6.803E-6
102.490	7.724E-5	-6.655E-6
102.590	7.743E-5	-6.732E-6
102.690	7.751E-5	-6.772E-6
102.790	7.769E-5	-6.761E-6
102.890	7.788E-5	-6.430E-6
102.990	7.786E-5	-6.314E-6
103.090	7.746E-5	-6.201E-6
103.190	7.722E-5	-5.792E-6
103.290	7.736E-5	-5.821E-6
103.390	7.748E-5	-6.106E-6
103.490	7.769E-5	-6.550E-6
103.590	7.744E-5	-6.807E-6
103.690	7.745E-5	-7.051E-6
103.790	7.764E-5	-7.332E-6
103.890	7.759E-5	-7.765E-6
103.990	7.740E-5	-7.502E-6
104.090	7.766E-5	-7.689E-6
104.190	7.772E-5	-7.722E-6
104.290	7.740E-5	-7.501E-6
104.390	7.735E-5	-7.484E-6
104.490	7.721E-5	-7.191E-6
104.590	7.715E-5	-7.117E-6
104.690	7.750E-5	-7.200E-6
104.790	7.761E-5	-7.130E-6
104.890	7.796E-5	-7.183E-6
104.990	7.761E-5	-6.940E-6
105.089	7.767E-5	-7.440E-6
105.189	7.756E-5	-7.329E-6
105.289	7.772E-5	-7.476E-6
105.389	7.807E-5	-7.425E-6
105.489	7.834E-5	-7.372E-6
105.589	7.833E-5	-7.505E-6
105.689	7.850E-5	-7.581E-6
105.789	7.869E-5	-7.615E-6
105.889	7.883E-5	-7.620E-6
105.989	7.871E-5	-7.565E-6
106.089	7.806E-5	-8.056E-6
106.189	7.835E-5	-8.098E-6
106.289	7.839E-5	-7.911E-6
106.389	7.815E-5	-7.965E-6
106.489	7.843E-5	-8.469E-6
106.589	7.849E-5	-8.507E-6
106.689	7.890E-5	-8.441E-6
106.789	7.900E-5	-8.176E-6
106.889	7.921E-5	-8.148E-6
106.989	7.937E-5	-7.992E-6
107.089	7.949E-5	-8.639E-6
107.189	7.947E-5	-8.891E-6
107.289	7.933E-5	-8.963E-6
107.389	7.945E-5	-9.177E-6
107.489	7.939E-5	-8.988E-6
107.589	7.943E-5	-8.976E-6
107.689	7.928E-5	-8.831E-6
107.789	7.924E-5	-8.641E-6
107.889	7.944E-5	-8.556E-6
107.989	7.980E-5	-8.590E-6
108.089	7.977E-5	-8.544E-6
108.189	7.953E-5	-8.163E-6
108.289	7.950E-5	-7.830E-6
108.389	7.949E-5	-8.162E-6
108.489	7.947E-5	-8.156E-6
108.589	7.979E-5	-8.351E-6
108.689	8.019E-5	-8.306E-6
108.789	8.025E-5	-8.356E-6
108.889	7.997E-5	-8.693E-6
108.989	8.017E-5	-8.856E-6
109.089	8.115E-5	-8.430E-6
109.189	8.107E-5	-8.986E-6
109.289	8.080E-5	-9.003E-6
109.389	8.077E-5	-8.723E-6
109.489	8.079E-5	-8.510E-6
109.589	8.060E-5	-8.466E-6
109.689	8.034E-5	-8.482E-6
109.789	7.977E-5	-8.321E-6
109.889	7.954E-5	-8.363E-6
109.989	7.951E-5	-8.483E-6
110.089	7.972E-5	-8.430E-6
110.189	7.917E-5	-8.986E-6
110.289	7.914E-5	-9.637E-6
110.389	7.931E-5	-9.762E-6
110.489	7.947E-5	-1.004E-5
110.589	7.966E-5	-1.042E-5
110.689	7.945E-5	-1.074E-5
110.789	7.935E-5	-1.053E-5
110.889	7.926E-5	-1.074E-5
110.989	7.903E-5	-1.057E-5
111.089	7.905E-5	-1.090E-5
111.189	7.932E-5	-1.125E-5
111.289	7.928E-5	-1.111E-5
111.389	7.907E-5	-1.112E-5
111.489	7.882E-5	-1.126E-5
111.589	7.929E-5	-1.138E-5
111.689	7.960E-5	-1.129E-5
111.789	7.981E-5	-1.127E-5
111.889	7.983E-5	-1.105E-5
111.989	7.982E-5	-1.095E-5
112.089	8.000E-5	-1.051E-5
112.189	8.068E-5	-1.002E-5
112.289	8.076E-5	-1.081E-5
112.389	8.082E-5	-1.109E-5
112.489	8.123E-5	-1.132E-5
112.589	8.124E-5	-1.139E-5
112.689	8.127E-5	-1.173E-5
112.789	8.122E-5	-1.198E-5
112.889	8.127E-5	-1.217E-5
112.989	8.141E-5	-1.244E-5
113.089	8.134E-5	-1.261E-5
113.189	8.120E-5	-1.285E-5
113.289	8.141E-5	-1.285E-5
113.389	8.122E-5	-1.292E-5
113.489	8.108E-5	-1.299E-5
113.589	8.134E-5	-1.297E-5
113.689	8.173E-5	-1.310E-5
113.789	8.177E-5	-1.324E-5
113.889	8.152E-5	-1.306E-5
113.989	8.204E-5	-1.294E-5
114.089	8.225E-5	-1.294E-5
114.189	8.228E-5	-1.249E-5
114.289	8.230E-5	-1.249E-5
114.389	8.208E-5	-1.265E-5
114.489	8.255E-5	-1.285E-5
114.589	8.280E-5	-1.281E-5
114.689	8.315E-5	-1.278E-5
114.789	8.321E-5	-1.287E-5
114.889	8.318E-5	-1.256E-5
114.989	8.320E-5	-1.270E-5
115.088	8.338E-5	-1.220E-5
115.188	8.324E-5	-1.179E-5
115.288	8.355E-5	-1.170E-5
115.388	8.365E-5	-1.158E-5
115.488	8.370E-5	-1.168E-5
115.588	8.344E-5	-1.162E-5
115.688	8.321E-5	-1.184E-5
115.788	8.339E-5	-1.195E-5
115.888	8.317E-5	-1.186E-5
115.988	8.349E-5	-1.168E-5
116.088	8.352E-5	-1.169E-5
116.188	8.361E-5	-1.161E-5
116.288	8.344E-5	-1.154E-5
116.388	8.339E-5	-1.144E-5
116.488	8.340E-5	-1.144E-5
116.588	8.343E-5	-1.167E-5
116.688	8.344E-5	-1.150E-5
116.788	8.368E-5	-1.163E-5
116.888	8.411E-5	-1.196E-5
116.988	8.394E-5	-1.189E-5
117.088	8.325E-5	-1.250E-5
117.188	8.304E-5	-1.269E-5
117.288	8.313E-5	-1.292E-5
117.388	8.303E-5	-1.274E-5
117.488	8.300E-5	-1.276E-5
117.588	8.303E-5	-1.296E-5
117.688	8.273E-5	-1.371E-5
117.788	8.242E-5	-1.360E-5
117.888	8.278E-5	-1.359E-5
117.988	8.320E-5	-1.353E-5
118.088	8.306E-5	-1.353E-5
118.188	8.348E-5	-1.290E-5
118.288	8.383E-5	-1.294E-5
118.388	8.378E-5	-1.311E-5
118.488	8.384E-5	-1.282E-5
118.588	8.399E-5	-1.283E-5
118.688	8.410E-5	-1.281E-5
118.788	8.441E-5	-1.328E-5
118.888	8.457E-5	-1.383E-5
118.988	8.441E-5	-1.415E-5
119.088	8.449E-5	-1.352E-5
119.188	8.449E-5	-1.352E-5
119.288	8.452E-5	-1.375E-5
119.388	8.471E-5	-1.375E-5
119.488	8.487E-5	-1.375E-5
119.588	8.519E-5	-1.377E-5
119.688	8.525E-5	-1.375E-5
119.788	8.525E-5	-1.354E-5
119.888	8.499E-5	-1.351E-5
119.988	8.494E-5	-1.379E-5
120.088	8.497E-5	-1.366E-5
120.188	8.503E-5	-1.358E-5
120.288	8.527E-5	-1.363E-5
120.388	8.559E-5	-1.362E-5
120.488	8.578E-5	-1.371E-5
120.588	8.592E-5	-1.384E-5
120.688	8.597E-5	-1.418E-5
120.788	8.586E-5	-1.383E-5
120.888	8.560E-5	-1.391E-5
120.988	8.533E-5	-1.391E-5
121.088	8.551E-5	-1.389E-5
121.188	8.597E-5	-1.416E-5
121.288	8.600E-5	-1.415E-5
121.388	8.627E-5	-1.390E-5
121.488	8.639E-5	-1.366E-5
121.588	8.624E-5	-1.334E-5
121.688	8.648E-5	-1.337E-5
121.788	8.662E-5	-1.331E-5
121.888	8.664E-5	-1.320E-5
121.988	8.675E-5	-1.305E-5
122.088	8.714E-5	-1.310E-5
122.188	8.742E-5	-1.295E-5
122.288	8.741E-5	-1.296E-5
122.388	8.750E-5	-1.315E-5
122.488	8.724E-5	-1.305E-5
122.588	8.700E-5	-1.311E-5
122.688	8.552E-5	-1.304E-5
122.788	8.465E-5	-1.288E-5
122.888	8.536E-5	-1.296E-5
122.988	8.624E-5	-1.312E-5
123.088	8.623E-5	-1.280E-5
123.188	8.628E-5	-1.252E-5
123.288	8.652E-5	-1.246E-5
123.388	8.650E-5	-1.178E-5
123.488	8.645E-5	-1.177E-5
123.588	8.649E-5	-1.175E-5
123.688	8.650E-5	-1.194E-5
123.788	8.649E-5	-1.186E-5
123.888	8.651E-5	-1.184E-5
123.988	8.650E-5	-1.187E-5
124.088	8.629E-5	-1.178E-5
124.188	8.655E-5	-1.157E-5
124.288	8.680E-5	-1.197E-5
124.388	8.700E-5	-1.202E-5
124.488	8.724E-5	-1.203E-5
124.588	8.728E-5	-1.216E-5
124.688	8.706E-5	-1.215E-5
124.788	8.732E-5	-1.213E-5
124.888	8.768E-5	-1.211E-5
124.988	8.753E-5	-1.165E-5
125.087	8.756E-5	-1.149E-5
125.187	8.779E-5	-1.157E-5
125.287	8.831E-5	-1.139E-5
125.387	8.832E-5	-1.121E-5
125.487	8.854E-5	-1.130E-5
125.587	8.876E-5	-1.154E-5
125.687	8.880E-5	-1.142E-5
125.787	8.879E-5	-1.130E-5
125.887	8.865E-5	-1.102E-5
125.987	8.876E-5	-1.111E-5
126.087	8.907E-5	-1.100E-5
126.187	8.912E-5	-1.091E-5
126.287	8.902E-5	-1.094E-5
126.387	8.878E-5	-1.095E-5
126.487	8.861E-5	-1.102E-5
126.587	8.868E-5	-1.112E-5
126.687	8.877E-5	-1.141E-5
126.787	8.877E-5	-1.116E-5
126.887	8.900E-5	-1.105E-5
126.987	8.902E-5	-1.092E-5
127.087	8.904E-5	-1.050E-5
127.187	8.877E-5	-1.061E-5
127.287	8.906E-5	-1.066E-5
127.387	8.908E-5	-1.037E-5
127.487	8.907E-5	-1.011E-5
127.587	8.907E-5	-1.011E-5
127.687	8.900E-5	-1.038E-5
127.787	8.915E-5	-1.038E-5
127.887	8.886E-5	-1.105E-5
127.987	8.881E-5	-1.032E-5
128.087	8.852E-5	-1.014E-5
128.187	8.824E-5	-9.878E-6
128.287	8.828E-5	-1.001E-5
128.387	8.838E-5	-1.042E-5
128.487	8.846E-5	-1.002E-5
128.587	8.847E-5	-1.009E-5
128.687	8.848E-5	-9.895E-6
128.787	8.886E-5	-9.780E-6
128.887	8.885E-5	-1.000E-5
128.987	8.882E-5	-1.026E-5
129.087	8.960E-5	-1.004E-5
129.187	8.956E-5	-1.057E-5
129.287	8.936E-5	-1.093E-5
129.387	8.945E-5	-1.079E-5
129.487	8.934E-5	-1.103E-5
129.587	8.950E-5	-1.064E-5
129.687	8.969E-5	-1.065E-5
129.787	8.986E-5	-1.083E-5
129.887	9.063E-5	-1.065E-5
129.987	9.089E-5	-1.038E-5
130.087	9.075E-5	-1.016E-5
130.187	9.082E-5	-1.001E-5
130.287	9.137E-5	-1.020E-5
130.387	9.187E-5	-1.034E-5
130.487	9.225E-5	-1.065E-5
130.587	9.211E-5	-1.082E-5
130.687	9.219E-5	-1.128E-5
130.787	9.233E-5	-1.118E-5
130.887	9.300E-5	-1.104E-5
130.987	9.329E-5	-1.133E-5
131.087	9.351E-5	-1.155E-5
131.187	9.375E-5	-1.154E-5
131.287	9.397E-5	-1.173E-5
131.387	9.398E-5	-1.206E-5
131.487	9.403E-5	-1.166E-5
131.587	9.424E-5	-1.154E-5
131.687	9.400E-5	-1.165E-5
131.787	9.423E-5	-1.180E-5
131.887	9.426E-5	-1.185E-5
131.987	9.416E-5	-1.203E-5
132.087	9.405E-5	-1.215E-5
132.187	9.416E-5	-1.205E-5
132.287	9.475E-5	-1.238E-5
132.387	9.483E-5	-1.230E-5
132.487	9.473E-5	-1.185E-5
132.587	9.463E-5	-1.159E-5
132.687	9.458E-5	-1.185E-5
132.787	9.474E-5	-1.161E-5
132.887	9.506E-5	-1.137E-5
132.987	9.507E-5	-1.135E-5
133.087	9.379E-5	-1.169E-5
133.187	9.355E-5	-1.164E-5
133.287	9.354E-5	-1.166E-5
133.387	9.351E-5	-1.144E-5
133.487	9.350E-5	-1.146E-5
133.587	9.339E-5	-1.147E-5
133.687	9.350E-5	-1.146E-5
133.787	9.356E-5	-1.153E-5
133.887	9.373E-5	-1.160E-5
133.987	9.379E-5	-1.152E-5
134.087	9.382E-5	-1.158E-5
134.187	9.411E-5	-1.169E-5
134.287	9.434E-5	-1.193E-5
134.387	9.388E-5	-1.189E-5
134.487	9.379E-5	-1.145E-5
134.587	9.377E-5	-1.144E-5
134.687	9.393E-5	-1.119E-5
134.787	9.384E-5	-1.146E-5
134.887	9.416E-5	-1.140E-5
134.987	9.457E-5	-1.141E-5
135.086	9.449E-5	-1.122E-5
135.186	9.408E-5	-1.146E-5
135.286	9.402E-5	-1.141E-5
135.386	9.406E-5	-1.110E-5
135.486	9.400E-5	-1.044E-5
135.586	9.408E-5	-9.895E-6
135.686	9.432E-5	-9.788E-6
135.786	9.453E-5	-9.873E-6
135.886	9.443E-5	-9.783E-6
135.986	9.453E-5	-9.949E-6
136.086	9.459E-5	-9.924E-6
136.186	9.464E-5	-9.789E-6
136.286	9.503E-5	-9.449E-6
136.386	9.524E-5	-9.426E-6
136.486	9.528E-5	-9.327E-6
136.586	9.531E-5	-9.014E-6
136.686	9.529E-5	-8.802E-6
136.786	9.509E-5	-8.592E-6
136.886	9.525E-5	-8.585E-6
136.986	9.517E-5	-8.555E-6
137.086	9.533E-5	-8.776E-6
137.186	9.574E-5	-8.782E-6
137.286	9.590E-5	-9.053E-6
137.386	9.601E-5	-9.261E-6
137.486	9.619E-5	-9.189E-6
137.586	9.636E-5	-9.514E-6
137.686	9.626E-5	-9.359E-6
137.786	9.602E-5	-9.133E-6
137.886	9.620E-5	-9.196E-6
137.986	9.660E-5	-9.193E-6
138.086	9.693E-5	-9.065E-6
138.186	9.714E-5	-9.382E-6
138.286	9.721E-5	-9.122E-6
138.386	9.699E-5	-8.924E-6
138.486	9.680E-5	-8.413E-6
138.586	9.674E-5	-8.172E-6
138.686	9.656E-5	-7.894E-6
138.786	9.652E-5	-7.782E-6
138.886	9.635E-5	-7.533E-6
138.986	9.631E-5	-7.435E-6
139.086	9.630E-5	-7.456E-6
139.186	9.656E-5	-7.304E-6
139.286	9.660E-5	-7.505E-6
139.386	9.656E-5	-7.534E-6
139.486	9.625E-5	-8.000E-6
139.586	9.632E-5	-8.169E-6
139.686	9.662E-5	-8.059E-6
139.786	9.655E-5	-8.216E-6
139.886	9.644E-5	-8.357E-6
139.986	9.651E-5	-8.020E-6
140.086	9.668E-5	-7.910E-6
140.186	9.689E-5	-8.004E-6
140.286	9.714E-5	-7.843E-6
140.386	9.727E-5	-7.801E-6
140.486	9.735E-5	-7.793E-6
140.586	9.771E-5	-7.685E-6
140.686	9.804E-5	-7.670E-6
140.786	9.807E-5	-7.878E-6
140.886	9.806E-5	-7.874E-6
140.986	9.795E-5	-7.686E-6
141.086	9.795E-5	-7.428E-6
141.186	9.797E-5	-7.442E-6
141.286	9.796E-5	-7.427E-6
141.386	9.813E-5	-7.634E-6
141.486	9.806E-5	-7.642E-6
141.586	9.829E-5	-7.621E-6
141.686	9.820E-5	-7.455E-6
141.786	9.799E-5	-7.207E-6
141.886	9.795E-5	-7.401E-6
141.986	9.790E-5	-7.080E-6
142.086	9.809E-5	-6.876E-6
142.186	9.799E-5	-6.640E-6
142.286	9.825E-5	-6.876E-6
142.386	9.876E-5	-6.664E-6
142.486	9.893E-5	-6.702E-6
142.586	9.863E-5	-6.637E-6
142.686	9.865E-5	-6.698E-6
142.786	9.861E-5	-6.881E-6
142.886	9.830E-5	-7.138E-6
142.986	9.817E-5	-7.500E-6
143.086	9.811E-5	-7.610E-6
143.186	9.808E-5	-7.704E-6
143.286	9.823E-5	-7.645E-6
143.386	9.810E-5	-7.668E-6
143.486	9.813E-5	-7.664E-6
143.586	9.814E-5	-7.706E-6
143.686	9.789E-5	-7.973E-6
143.786	9.775E-5	-8.094E-6
143.886	9.750E-5	-8.136E-6
143.986	9.744E-5	-7.667E-6
144.086	9.729E-5	-7.645E-6
144.186	9.739E-5	-7.930E-6
144.286	9.758E-5	-8.092E-6
144.386	9.765E-5	-8.079E-6
144.486	9.764E-5	-7.883E-6
144.586	9.774E-5	-7.827E-6
144.686	9.763E-5	-7.540E-6
144.786	9.761E-5	-7.566E-6
144.886	9.744E-5	-7.454E-6
144.986	9.746E-5	-7.457E-6
145.085	9.748E-5	-7.526E-6
145.185	9.728E-5	-7.572E-6
145.285	9.728E-5	-7.813E-6
145.385	9.751E-5	-7.921E-6
145.485	9.760E-5	-7.704E-6
145.585	9.760E-5	-7.760E-6
145.685	9.780E-5	-7.744E-6
145.785	9.799E-5	-7.779E-6
145.885	9.806E-5	-7.772E-6
145.985	9.786E-5	-7.580E-6
146.085	9.776E-5	-7.801E-6
146.185	9.786E-5	-8.014E-6
146.285	9.803E-5	-7.997E-6
146.385	9.813E-5	-8.030E-6
146.485	9.834E-5	-8.113E-6
146.585	9.869E-5	-8.181E-6
146.685	9.860E-5	-7.974E-6
146.785	9.859E-5	-8.162E-6
146.885	9.856E-5	-8.414E-6
146.985	9.829E-5	-8.634E-6
147.085	9.811E-5	-8.687E-6
147.185	9.804E-5	-8.673E-6
147.285	9.788E-5	-8.781E-6
147.385	9.784E-5	-8.837E-6
147.485	9.812E-5	-8.710E-6
147.585	9.807E-5	-8.719E-6
147.685	9.819E-5	-8.692E-6
147.785	9.811E-5	-8.594E-6
147.885	9.806E-5	-8.618E-6
147.985	9.800E-5	-8.684E-6
148.085	9.767E-5	-8.401E-6
148.185	9.737E-5	-8.253E-6
148.285	9.712E-5	-8.140E-6
148.385	9.722E-5	-8.140E-6
148.485	9.685E-5	-8.253E-6
148.585	9.690E-5	-8.501E-6
148.685	9.705E-5	-8.401E-6
148.785	9.737E-5	-8.356E-6
148.885	9.720E-5	-8.465E-6
148.985	9.695E-5	-8.454E-6
149.085	9.692E-5	-8.782E-6
149.185	9.687E-5	-9.306E-6
149.285	9.686E-5	-9.623E-6
149.385	9.687E-5	-9.573E-6
149.485	9.675E-5	-9.606E-6
149.585	9.703E-5	-9.797E-6
149.685	9.707E-5	-9.660E-6
149.785	9.708E-5	-9.946E-6
149.885	9.709E-5	-9.637E-6
149.985	9.716E-5	-9.671E-6
150.085	9.720E-5	-9.663E-6
150.185	9.715E-5	-9.695E-6
150.285	9.724E-5	-9.622E-6
150.385	9.738E-5	-9.877E-6
150.485	9.730E-5	-1.015E-5
150.585	9.742E-5	-1.015E-5
150.685	9.734E-5	-1.030E-5
150.785	9.719E-5	-1.048E-5
150.885	9.722E-5	-1.020E-5
150.985	9.712E-5	-1.009E-5
151.085	9.751E-5	-1.004E-5
151.185	9.739E-5	-1.038E-5
151.285	9.748E-5	-1.072E-5
151.385	9.769E-5	-1.086E-5
151.485	9.773E-5	-1.074E-5
151.585	9.756E-5	-1.048E-5
151.685	9.744E-5	-1.021E-5
151.785	9.734E-5	-1.022E-5
151.885	9.728E-5	-1.023E-5
151.985	9.726E-5	-1.018E-5
152.085	9.689E-5	-9.993E-6
152.185	9.676E-5	-9.728E-6
152.285	9.673E-5	-9.805E-6
152.385	9.669E-5	-1.023E-5
152.485	9.659E-5	-1.060E-5
152.585	9.665E-5	-1.075E-5
152.685	9.668E-5	-1.079E-5
152.785	9.684E-5	-1.082E-5
152.885	9.681E-5	-1.080E-5
152.985	9.652E-5	-1.082E-5
153.085	9.635E-5	-1.082E-5
153.185	9.647E-5	-1.081E-5
153.285	9.644E-5	-1.076E-5
153.385	9.679E-5	-1.104E-5
153.485	9.690E-5	-1.107E-5
153.585	9.707E-5	-1.118E-5
153.685	9.711E-5	-1.134E-5
153.785	9.733E-5	-1.182E-5
153.885	9.695E-5	-1.208E-5
153.985	9.687E-5	-1.218E-5
154.085	9.683E-5	-1.237E-5
154.185	9.696E-5	-1.230E-5
154.285	9.707E-5	-1.235E-5
154.385	9.682E-5	-1.207E-5
154.485	9.684E-5	-1.161E-5
154.585	9.685E-5	-1.140E-5
154.685	9.676E-5	-1.160E-5
154.785	9.659E-5	-1.160E-5
154.885	9.667E-5	-1.131E-5
154.985	9.711E-5	-1.122E-5
155.084	9.710E-5	-1.118E-5
155.184	9.704E-5	-1.120E-5
155.284	9.714E-5	-1.124E-5
155.384	9.718E-5	-1.134E-5
155.484	9.726E-5	-1.153E-5
155.584	9.730E-5	-1.135E-5
155.684	9.716E-5	-1.130E-5
155.784	9.730E-5	-1.166E-5
155.884	9.741E-5	-1.233E-5
155.984	9.744E-5	-1.267E-5
156.084	9.715E-5	-1.322E-5
