0.000	-1.342E-5	-6.069E-5
0.100	-1.330E-5	-6.097E-5
0.200	-1.339E-5	-6.115E-5
0.300	-1.378E-5	-6.107E-5
0.400	-1.381E-5	-6.110E-5
0.500	-1.342E-5	-6.149E-5
0.600	-1.317E-5	-6.191E-5
0.700	-1.279E-5	-6.176E-5
0.800	-1.282E-5	-6.216E-5
0.900	-1.289E-5	-6.232E-5
1.000	-1.283E-5	-6.233E-5
1.100	-1.295E-5	-6.265E-5
1.200	-1.319E-5	-6.273E-5
1.300	-1.342E-5	-6.297E-5
1.400	-1.381E-5	-6.274E-5
1.500	-1.366E-5	-6.282E-5
1.600	-1.344E-5	-6.305E-5
1.700	-1.320E-5	-6.303E-5
1.800	-1.323E-5	-6.287E-5
1.900	-1.342E-5	-6.285E-5
2.000	-1.372E-5	-6.281E-5
2.100	-1.376E-5	-6.317E-5
2.200	-1.359E-5	-6.295E-5
2.300	-1.342E-5	-6.259E-5
2.400	-1.338E-5	-6.265E-5
2.500	-1.342E-5	-6.222E-5
2.600	-1.340E-5	-6.208E-5
2.700	-1.342E-5	-6.227E-5
2.800	-1.339E-5	-6.244E-5
2.900	-1.318E-5	-6.229E-5
3.000	-1.302E-5	-6.260E-5
3.100	-1.308E-5	-6.269E-5
3.200	-1.328E-5	-6.247E-5
3.300	-1.319E-5	-6.265E-5
3.400	-1.327E-5	-6.267E-5
3.500	-1.338E-5	-6.247E-5
3.600	-1.342E-5	-6.199E-5
3.700	-1.328E-5	-6.193E-5
3.800	-1.320E-5	-6.200E-5
3.900	-1.288E-5	-6.225E-5
4.000	-1.288E-5	-6.222E-5
4.100	-1.259E-5	-6.198E-5
4.200	-1.244E-5	-6.195E-5
4.300	-1.242E-5	-6.241E-5
4.400	-1.284E-5	-6.297E-5
4.500	-1.291E-5	-6.281E-5
4.600	-1.269E-5	-6.279E-5
4.700	-1.252E-5	-6.295E-5
4.800	-1.224E-5	-6.280E-5
4.900	-1.258E-5	-6.294E-5
5.000	-1.255E-5	-6.318E-5
5.099	-1.271E-5	-6.291E-5
5.199	-1.282E-5	-6.270E-5
5.299	-1.286E-5	-6.264E-5
5.399	-1.293E-5	-6.227E-5
5.499	-1.308E-5	-6.181E-5
5.599	-1.275E-5	-6.166E-5
5.699	-1.280E-5	-6.172E-5
5.799	-1.305E-5	-6.222E-5
5.899	-1.305E-5	-6.228E-5
5.999	-1.341E-5	-6.224E-5
6.099	-1.392E-5	-6.249E-5
6.199	-1.401E-5	-6.236E-5
6.299	-1.408E-5	-6.249E-5
6.399	-1.407E-5	-6.254E-5
6.499	-1.393E-5	-6.258E-5
6.599	-1.353E-5	-6.270E-5
6.699	-1.369E-5	-6.285E-5
6.799	-1.356E-5	-6.343E-5
6.899	-1.344E-5	-6.392E-5
6.999	-1.349E-5	-6.389E-5
7.099	-1.381E-5	-6.361E-5
7.199	-1.384E-5	-6.357E-5
7.299	-1.366E-5	-6.369E-5
7.399	-1.360E-5	-6.361E-5
7.499	-1.347E-5	-6.383E-5
7.599	-1.336E-5	-6.384E-5
7.699	-1.340E-5	-6.355E-5
7.799	-1.330E-5	-6.307E-5
7.899	-1.300E-5	-6.314E-5
7.999	-1.277E-5	-6.317E-5
8.099	-1.285E-5	-6.311E-5
8.199	-1.270E-5	-6.309E-5
8.299	-1.273E-5	-6.282E-5
8.399	-1.265E-5	-6.244E-5
8.499	-1.275E-5	-6.244E-5
8.599	-1.272E-5	-6.235E-5
8.699	-1.273E-5	-6.258E-5
8.799	-1.283E-5	-6.261E-5
8.899	-1.294E-5	-6.271E-5
8.999	-1.316E-5	-6.269E-5
9.099	-1.350E-5	-6.273E-5
9.199	-1.369E-5	-6.287E-5
9.299	-1.367E-5	-6.300E-5
9.399	-1.367E-5	-6.295E-5
9.499	-1.366E-5	-6.297E-5
9.599	-1.378E-5	-6.296E-5
9.699	-1.380E-5	-6.316E-5
9.799	-1.372E-5	-6.327E-5
9.899	-1.381E-5	-6.365E-5
9.999	-1.392E-5	-6.364E-5
10.099	-1.421E-5	-6.362E-5
10.199	-1.406E-5	-6.346E-5
10.299	-1.407E-5	-6.352E-5
10.399	-1.403E-5	-6.369E-5
10.499	-1.354E-5	-6.348E-5
10.599	-1.329E-5	-6.343E-5
10.699	-1.340E-5	-6.352E-5
10.799	-1.347E-5	-6.348E-5
10.899	-1.346E-5	-6.348E-5
10.999	-1.348E-5	-6.354E-5
11.099	-1.329E-5	-6.408E-5
11.199	-1.306E-5	-6.422E-5
11.299	-1.307E-5	-6.438E-5
11.399	-1.303E-5	-6.427E-5
11.499	-1.326E-5	-6.411E-5
11.599	-1.332E-5	-6.394E-5
11.699	-1.305E-5	-6.408E-5
11.799	-1.289E-5	-6.412E-5
11.899	-1.302E-5	-6.400E-5
11.999	-1.303E-5	-6.349E-5
12.099	-1.263E-5	-6.364E-5
12.199	-1.273E-5	-6.370E-5
12.299	-1.311E-5	-6.322E-5
12.399	-1.314E-5	-6.332E-5
12.499	-1.299E-5	-6.343E-5
12.599	-1.266E-5	-6.344E-5
12.699	-1.250E-5	-6.325E-5
12.799	-1.284E-5	-6.308E-5
12.899	-1.290E-5	-6.259E-5
12.999	-1.290E-5	-6.259E-5
13.099	-1.276E-5	-6.286E-5
13.199	-1.244E-5	-6.304E-5
13.299	-1.267E-5	-6.296E-5
13.399	-1.262E-5	-6.305E-5
13.499	-1.251E-5	-6.288E-5
13.599	-1.238E-5	-6.259E-5
13.699	-1.240E-5	-6.235E-5
13.799	-1.238E-5	-6.243E-5
13.899	-1.227E-5	-6.232E-5
13.999	-1.215E-5	-6.252E-5
14.099	-1.198E-5	-6.230E-5
14.199	-1.178E-5	-6.211E-5
14.299	-1.195E-5	-6.223E-5
14.399	-1.202E-5	-6.251E-5
14.499	-1.203E-5	-6.233E-5
14.599	-1.201E-5	-6.242E-5
14.699	-1.241E-5	-6.225E-5
14.799	-1.258E-5	-6.233E-5
14.899	-1.265E-5	-6.210E-5
14.999	-1.262E-5	-6.220E-5
15.098	-1.298E-5	-6.218E-5
15.198	-1.309E-5	-6.217E-5
15.298	-1.265E-5	-6.205E-5
15.398	-1.262E-5	-6.204E-5
15.498	-1.262E-5	-6.223E-5
15.598	-1.273E-5	-6.222E-5
15.698	-1.278E-5	-6.233E-5
15.798	-1.286E-5	-6.210E-5
15.898	-1.294E-5	-6.183E-5
15.998	-1.311E-5	-6.160E-5
16.098	-1.301E-5	-6.145E-5
16.198	-1.316E-5	-6.119E-5
16.298	-1.314E-5	-6.109E-5
16.398	-1.295E-5	-6.121E-5
16.498	-1.295E-5	-6.102E-5
16.598	-1.306E-5	-6.094E-5
16.698	-1.284E-5	-6.080E-5
16.798	-1.269E-5	-6.074E-5
16.898	-1.262E-5	-6.057E-5
16.998	-1.279E-5	-6.054E-5
17.098	-1.281E-5	-6.056E-5
17.198	-1.267E-5	-6.056E-5
17.298	-1.267E-5	-6.005E-5
17.398	-1.246E-5	-6.007E-5
17.498	-1.241E-5	-5.992E-5
17.598	-1.240E-5	-6.026E-5
17.698	-1.225E-5	-6.023E-5
17.798	-1.216E-5	-6.005E-5
17.898	-1.208E-5	-5.970E-5
17.998	-1.202E-5	-5.964E-5
18.098	-1.213E-5	-5.997E-5
18.198	-1.240E-5	-5.987E-5
18.298	-1.270E-5	-5.963E-5
18.398	-1.242E-5	-5.962E-5
18.498	-1.216E-5	-5.988E-5
18.598	-1.220E-5	-5.966E-5
18.698	-1.240E-5	-5.995E-5
18.798	-1.234E-5	-6.013E-5
18.898	-1.234E-5	-6.026E-5
18.998	-1.226E-5	-6.057E-5
19.098	-1.183E-5	-6.074E-5
19.198	-1.169E-5	-6.069E-5
19.298	-1.164E-5	-6.031E-5
19.398	-1.197E-5	-5.999E-5
19.498	-1.204E-5	-6.009E-5
19.598	-1.225E-5	-5.951E-5
19.698	-1.186E-5	-5.918E-5
19.798	-1.200E-5	-5.928E-5
19.898	-1.179E-5	-5.901E-5
19.998	-1.141E-5	-5.917E-5
20.098	-1.128E-5	-5.892E-5
20.198	-1.119E-5	-5.870E-5
20.298	-1.091E-5	-5.886E-5
20.398	-1.088E-5	-5.891E-5
20.498	-1.068E-5	-5.874E-5
20.598	-1.060E-5	-5.853E-5
20.698	-1.036E-5	-5.801E-5
20.798	-1.051E-5	-5.763E-5
20.898	-1.064E-5	-5.774E-5
20.998	-1.034E-5	-5.751E-5
21.098	-1.016E-5	-5.726E-5
21.198	-1.013E-5	-5.749E-5
21.298	-9.424E-6	-5.743E-5
21.398	-9.378E-6	-5.736E-5
21.498	-9.528E-6	-5.708E-5
21.598	-9.638E-6	-5.687E-5
21.698	-9.182E-6	-5.655E-5
21.798	-8.658E-6	-5.628E-5
21.898	-8.275E-6	-5.619E-5
21.998	-8.365E-6	-5.618E-5
22.098	-8.878E-6	-5.584E-5
22.198	-8.971E-6	-5.569E-5
22.298	-9.136E-6	-5.555E-5
22.398	-9.404E-6	-5.555E-5
22.498	-9.551E-6	-5.591E-5
22.598	-9.814E-6	-5.598E-5
22.698	-9.644E-6	-5.623E-5
22.798	-9.646E-6	-5.628E-5
22.898	-9.606E-6	-5.594E-5
22.998	-9.475E-6	-5.570E-5
23.098	-9.465E-6	-5.589E-5
23.198	-9.413E-6	-5.567E-5
23.298	-9.521E-6	-5.553E-5
23.398	-9.175E-6	-5.565E-5
23.498	-9.002E-6	-5.570E-5
23.598	-9.079E-6	-5.572E-5
23.698	-9.220E-6	-5.573E-5
23.798	-9.479E-6	-5.578E-5
23.898	-9.504E-6	-5.565E-5
23.998	-9.263E-6	-5.562E-5
24.098	-9.025E-6	-5.564E-5
24.198	-8.833E-6	-5.566E-5
24.298	-8.516E-6	-5.598E-5
24.398	-8.625E-6	-5.646E-5
24.498	-8.721E-6	-5.621E-5
24.598	-8.977E-6	-5.632E-5
24.698	-8.699E-6	-5.649E-5
24.798	-8.934E-6	-5.642E-5
24.898	-8.905E-6	-5.680E-5
24.998	-8.781E-6	-5.678E-5
25.097	-9.035E-6	-5.668E-5
25.197	-9.017E-6	-5.687E-5
25.297	-8.868E-6	-5.706E-5
25.397	-8.577E-6	-5.682E-5
25.497	-8.239E-6	-5.677E-5
25.597	-8.046E-6	-5.691E-5
25.697	-8.003E-6	-5.703E-5
25.797	-8.007E-6	-5.701E-5
25.897	-7.609E-6	-5.709E-5
25.997	-7.378E-6	-5.724E-5
26.097	-7.160E-6	-5.732E-5
26.197	-7.018E-6	-5.700E-5
26.297	-6.906E-6	-5.721E-5
26.397	-6.896E-6	-5.712E-5
26.497	-6.817E-6	-5.723E-5
26.597	-6.567E-6	-5.755E-5
26.697	-6.513E-6	-5.756E-5
26.797	-6.342E-6	-5.740E-5
26.897	-6.356E-6	-5.714E-5
26.997	-6.726E-6	-5.732E-5
27.097	-6.824E-6	-5.750E-5
27.197	-6.627E-6	-5.752E-5
27.297	-6.823E-6	-5.786E-5
27.397	-7.061E-6	-5.820E-5
27.497	-6.875E-6	-5.832E-5
27.597	-7.004E-6	-5.837E-5
27.697	-7.392E-6	-5.842E-5
27.797	-7.289E-6	-5.901E-5
27.897	-7.400E-6	-5.918E-5
27.997	-7.367E-6	-5.907E-5
28.097	-7.083E-6	-5.890E-5
28.197	-6.912E-6	-5.876E-5
28.297	-6.664E-6	-5.880E-5
28.397	-6.376E-6	-5.854E-5
28.497	-6.379E-6	-5.854E-5
28.597	-6.630E-6	-5.840E-5
28.697	-6.848E-6	-5.829E-5
28.797	-7.145E-6	-5.832E-5
28.897	-7.387E-6	-5.840E-5
28.997	-7.392E-6	-5.840E-5
29.097	-7.030E-6	-5.849E-5
29.197	-6.674E-6	-5.821E-5
29.297	-7.024E-6	-5.829E-5
29.397	-7.524E-6	-5.821E-5
29.497	-7.796E-6	-5.819E-5
29.597	-7.626E-6	-5.829E-5
29.697	-7.305E-6	-5.826E-5
29.797	-6.928E-6	-5.805E-5
29.897	-6.634E-6	-5.821E-5
29.997	-6.447E-6	-5.844E-5
30.097	-6.288E-6	-5.878E-5
30.197	-6.367E-6	-5.881E-5
30.297	-6.374E-6	-5.880E-5
30.397	-6.176E-6	-5.833E-5
30.497	-5.978E-6	-5.846E-5
30.597	-6.239E-6	-5.848E-5
30.697	-6.348E-6	-5.838E-5
30.797	-5.801E-6	-5.854E-5
30.897	-5.867E-6	-5.858E-5
30.997	-6.090E-6	-5.855E-5
31.097	-6.359E-6	-5.815E-5
31.197	-6.583E-6	-5.781E-5
31.297	-6.667E-6	-5.756E-5
31.397	-6.525E-6	-5.752E-5
31.497	-6.252E-6	-5.701E-5
31.597	-6.071E-6	-5.656E-5
31.697	-6.027E-6	-5.634E-5
31.797	-6.135E-6	-5.629E-5
31.897	-6.232E-6	-5.605E-5
31.997	-5.871E-6	-5.625E-5
32.097	-6.121E-6	-5.676E-5
32.197	-6.397E-6	-5.674E-5
32.297	-6.380E-6	-5.631E-5
32.397	-6.166E-6	-5.665E-5
32.497	-6.317E-6	-5.680E-5
32.597	-6.439E-6	-5.694E-5
32.697	-6.404E-6	-5.707E-5
32.797	-6.573E-6	-5.732E-5
32.897	-6.510E-6	-5.729E-5
32.997	-6.504E-6	-5.730E-5
33.097	-6.103E-6	-5.729E-5
33.197	-6.397E-6	-5.721E-5
33.297	-6.289E-6	-5.701E-5
33.397	-6.315E-6	-5.746E-5
33.497	-6.390E-6	-5.764E-5
33.597	-6.376E-6	-5.739E-5
33.697	-6.296E-6	-5.740E-5
33.797	-6.360E-6	-5.731E-5
33.897	-6.371E-6	-5.760E-5
33.997	-6.214E-6	-5.766E-5
34.097	-6.101E-6	-5.748E-5
34.197	-6.245E-6	-5.753E-5
34.297	-6.830E-6	-5.716E-5
34.397	-6.635E-6	-5.686E-5
34.497	-6.367E-6	-5.658E-5
34.597	-6.019E-6	-5.641E-5
34.697	-5.821E-6	-5.640E-5
34.797	-5.784E-6	-5.625E-5
34.897	-5.639E-6	-5.606E-5
34.997	-5.598E-6	-5.590E-5
35.096	-5.506E-6	-5.572E-5
35.196	-5.496E-6	-5.557E-5
35.296	-5.335E-6	-5.567E-5
35.396	-4.883E-6	-5.566E-5
35.496	-4.726E-6	-5.559E-5
35.596	-4.588E-6	-5.551E-5
35.696	-3.890E-6	-5.526E-5
35.796	-3.875E-6	-5.506E-5
35.896	-4.053E-6	-5.531E-5
35.996	-3.980E-6	-5.548E-5
36.096	-3.802E-6	-5.571E-5
36.196	-3.742E-6	-5.575E-5
36.296	-3.912E-6	-5.576E-5
36.396	-4.111E-6	-5.603E-5
36.496	-4.526E-6	-5.631E-5
36.596	-4.726E-6	-5.648E-5
36.696	-4.594E-6	-5.678E-5
36.796	-4.327E-6	-5.693E-5
36.896	-4.546E-6	-5.658E-5
36.996	-4.747E-6	-5.669E-5
37.096	-4.632E-6	-5.640E-5
37.196	-4.708E-6	-5.651E-5
37.296	-4.382E-6	-5.668E-5
37.396	-4.388E-6	-5.709E-5
37.496	-4.597E-6	-5.726E-5
37.596	-4.292E-6	-5.727E-5
37.696	-4.456E-6	-5.703E-5
37.796	-4.228E-6	-5.704E-5
37.896	-4.487E-6	-5.690E-5
37.996	-4.669E-6	-5.681E-5
38.096	-4.875E-6	-5.672E-5
38.196	-5.228E-6	-5.678E-5
38.296	-4.857E-6	-5.694E-5
38.396	-4.850E-6	-5.698E-5
38.496	-4.701E-6	-5.716E-5
38.596	-4.735E-6	-5.719E-5
38.696	-4.872E-6	-5.710E-5
38.796	-5.375E-6	-5.715E-5
38.896	-5.424E-6	-5.684E-5
38.996	-5.772E-6	-5.674E-5
39.096	-6.100E-6	-5.667E-5
39.196	-6.621E-6	-5.667E-5
39.296	-6.804E-6	-5.689E-5
39.396	-6.798E-6	-5.702E-5
39.496	-6.528E-6	-5.744E-5
39.596	-6.159E-6	-5.717E-5
39.696	-5.982E-6	-5.719E-5
39.796	-6.003E-6	-5.775E-5
39.896	-6.017E-6	-5.831E-5
39.996	-6.107E-6	-5.817E-5
40.096	-5.933E-6	-5.814E-5
40.196	-5.751E-6	-5.817E-5
40.296	-5.382E-6	-5.847E-5
40.396	-5.093E-6	-5.866E-5
40.496	-4.875E-6	-5.870E-5
40.596	-4.939E-6	-5.898E-5
40.696	-5.271E-6	-5.869E-5
40.796	-5.359E-6	-5.870E-5
40.896	-5.749E-6	-5.912E-5
40.996	-6.004E-6	-5.892E-5
41.096	-5.741E-6	-5.917E-5
41.196	-5.699E-6	-5.920E-5
41.296	-5.922E-6	-5.937E-5
41.396	-5.814E-6	-5.930E-5
41.496	-5.123E-6	-5.954E-5
41.596	-4.855E-6	-5.953E-5
41.696	-4.967E-6	-5.916E-5
41.796	-4.806E-6	-5.914E-5
41.896	-4.589E-6	-5.915E-5
41.996	-4.280E-6	-5.941E-5
42.096	-3.961E-6	-5.983E-5
42.196	-3.859E-6	-5.977E-5
42.296	-3.819E-6	-5.996E-5
42.396	-3.989E-6	-6.007E-5
42.496	-4.353E-6	-6.007E-5
42.596	-4.934E-6	-6.035E-5
42.696	-4.923E-6	-6.033E-5
42.796	-4.914E-6	-6.042E-5
42.896	-4.955E-6	-6.019E-5
42.996	-5.089E-6	-6.016E-5
43.096	-4.844E-6	-5.999E-5
43.196	-4.802E-6	-5.968E-5
43.296	-4.781E-6	-5.943E-5
43.396	-5.108E-6	-5.929E-5
43.496	-4.958E-6	-5.932E-5
43.596	-4.590E-6	-5.951E-5
43.696	-4.340E-6	-5.952E-5
43.796	-4.124E-6	-5.905E-5
43.896	-4.112E-6	-5.912E-5
43.996	-4.113E-6	-5.941E-5
44.096	-4.263E-6	-5.942E-5
44.196	-4.089E-6	-5.930E-5
44.296	-3.942E-6	-5.971E-5
44.396	-3.670E-6	-5.973E-5
44.496	-3.319E-6	-5.939E-5
44.596	-2.976E-6	-5.905E-5
44.696	-2.630E-6	-5.899E-5
44.796	-2.666E-6	-5.893E-5
44.896	-2.779E-6	-5.897E-5
44.996	-3.138E-6	-5.897E-5
45.095	-3.034E-6	-5.893E-5
45.195	-2.963E-6	-5.865E-5
45.295	-2.862E-6	-5.864E-5
45.395	-2.705E-6	-5.867E-5
45.495	-2.526E-6	-5.860E-5
45.595	-2.342E-6	-5.866E-5
45.695	-2.263E-6	-5.878E-5
45.795	-1.543E-6	-5.890E-5
45.895	-1.511E-6	-5.869E-5
45.995	-1.836E-6	-5.830E-5
46.095	-2.138E-6	-5.774E-5
46.195	-1.866E-6	-5.777E-5
46.295	-1.789E-6	-5.828E-5
46.395	-1.688E-6	-5.837E-5
46.495	-1.729E-6	-5.870E-5
46.595	-2.060E-6	-5.877E-5
46.695	-2.163E-6	-5.852E-5
46.795	-2.176E-6	-5.841E-5
46.895	-2.162E-6	-5.851E-5
46.995	-2.254E-6	-5.856E-5
47.095	-2.026E-6	-5.853E-5
47.195	-2.074E-6	-5.861E-5
47.295	-1.860E-6	-5.873E-5
47.395	-1.823E-6	-5.853E-5
47.495	-1.682E-6	-5.861E-5
47.595	-1.473E-6	-5.841E-5
47.695	-1.839E-6	-5.873E-5
47.795	-2.203E-6	-5.862E-5
47.895	-1.930E-6	-5.831E-5
47.995	-1.691E-6	-5.806E-5
48.095	-1.543E-6	-5.777E-5
48.195	-1.676E-6	-5.792E-5
48.295	-1.584E-6	-5.790E-5
48.395	-1.483E-6	-5.782E-5
48.495	-1.375E-6	-5.801E-5
48.595	-1.315E-6	-5.820E-5
48.695	-8.592E-7	-5.848E-5
48.795	-7.540E-7	-5.872E-5
48.895	-9.347E-7	-5.892E-5
48.995	-7.738E-7	-5.845E-5
49.095	-4.933E-7	-5.813E-5
49.195	-4.582E-7	-5.836E-5
49.295	-5.232E-7	-5.832E-5
49.395	-2.521E-7	-5.832E-5
49.495	2.182E-7	-5.831E-5
49.595	1.190E-7	-5.826E-5
49.695	2.251E-7	-5.849E-5
49.795	1.727E-7	-5.869E-5
49.895	1.190E-7	-5.867E-5
49.995	7.640E-8	-5.876E-5
50.095	-2.947E-7	-5.889E-5
50.195	-1.683E-7	-5.922E-5
50.295	-2.635E-7	-5.923E-5
50.395	-5.158E-7	-5.922E-5
50.495	-5.124E-7	-5.942E-5
50.595	-3.045E-7	-5.966E-5
50.695	-2.894E-7	-5.951E-5
50.795	-5.540E-7	-5.974E-5
50.895	-9.257E-7	-5.994E-5
50.995	-7.672E-7	-5.989E-5
51.095	-7.529E-7	-5.964E-5
51.195	-9.933E-7	-5.962E-5
51.295	-1.032E-6	-5.965E-5
51.395	-1.065E-6	-5.974E-5
51.495	-1.180E-6	-5.964E-5
51.595	-1.534E-6	-5.948E-5
51.695	-1.699E-6	-5.921E-5
51.795	-1.783E-6	-5.941E-5
51.895	-1.825E-6	-5.926E-5
51.995	-1.811E-6	-5.953E-5
52.095	-1.831E-6	-5.969E-5
52.195	-1.722E-6	-5.977E-5
52.295	-1.845E-6	-5.974E-5
52.395	-1.929E-6	-5.955E-5
52.495	-1.672E-6	-5.937E-5
52.595	-1.162E-6	-5.918E-5
52.695	-9.198E-7	-5.912E-5
52.795	-8.941E-7	-5.906E-5
52.895	-1.141E-6	-5.869E-5
52.995	-1.456E-6	-5.837E-5
53.095	-1.788E-6	-5.849E-5
53.195	-1.774E-6	-5.872E-5
53.295	-1.284E-6	-5.876E-5
53.395	-9.394E-7	-5.877E-5
53.495	-8.286E-7	-5.881E-5
53.595	-6.747E-7	-5.851E-5
53.695	-7.780E-7	-5.819E-5
53.795	-6.534E-7	-5.826E-5
53.895	-6.273E-7	-5.827E-5
53.995	-7.855E-7	-5.816E-5
54.095	-9.112E-7	-5.798E-5
54.195	-7.630E-7	-5.803E-5
54.295	-5.505E-7	-5.818E-5
54.395	-5.793E-7	-5.833E-5
54.495	-7.928E-7	-5.830E-5
54.595	-5.692E-7	-5.829E-5
54.695	-3.042E-7	-5.818E-5
54.795	-2.594E-7	-5.838E-5
54.895	-2.864E-7	-5.815E-5
54.995	-5.928E-8	-5.832E-5
55.094	-5.301E-8	-5.850E-5
55.194	-5.377E-8	-5.868E-5
55.294	1.976E-7	-5.868E-5
55.394	4.686E-7	-5.853E-5
55.494	3.084E-7	-5.839E-5
55.594	6.012E-8	-5.821E-5
55.694	2.818E-7	-5.824E-5
55.794	2.281E-7	-5.848E-5
55.894	5.242E-8	-5.852E-5
55.994	4.048E-8	-5.893E-5
56.094	4.869E-7	-5.909E-5
56.194	6.379E-7	-5.913E-5
56.294	4.784E-7	-5.927E-5
56.394	5.727E-7	-5.941E-5
56.494	4.603E-7	-5.927E-5
56.594	-4.658E-8	-5.964E-5
56.694	-1.383E-7	-5.957E-5
56.794	-7.017E-8	-5.953E-5
56.894	1.258E-7	-5.949E-5
56.994	3.143E-7	-5.960E-5
57.094	4.800E-7	-5.963E-5
57.194	6.036E-7	-5.958E-5
57.294	5.443E-7	-5.954E-5
57.394	3.627E-7	-5.962E-5
57.494	4.868E-7	-5.960E-5
57.594	6.371E-7	-5.959E-5
57.694	5.000E-7	-5.967E-5
57.794	4.122E-7	-5.968E-5
57.894	9.088E-8	-5.947E-5
57.994	2.839E-7	-5.967E-5
58.094	1.286E-6	-5.839E-5
58.194	1.587E-6	-5.806E-5
58.294	2.105E-6	-5.773E-5
58.394	2.158E-6	-5.733E-5
58.494	2.202E-6	-5.722E-5
58.594	2.053E-6	-5.699E-5
58.694	1.950E-6	-5.696E-5
58.794	1.696E-6	-5.666E-5
58.894	1.560E-6	-5.661E-5
58.994	2.098E-6	-5.666E-5
59.094	2.250E-6	-5.663E-5
59.194	1.939E-6	-5.675E-5
59.294	2.049E-6	-5.671E-5
59.394	2.003E-6	-5.676E-5
59.494	2.187E-6	-5.666E-5
59.594	2.157E-6	-5.645E-5
59.694	1.733E-6	-5.636E-5
59.794	1.705E-6	-5.653E-5
59.894	1.725E-6	-5.676E-5
59.994	1.771E-6	-5.686E-5
60.094	1.997E-6	-5.691E-5
60.194	2.223E-6	-5.695E-5
60.294	2.079E-6	-5.697E-5
60.394	1.851E-6	-5.715E-5
60.494	1.768E-6	-5.692E-5
60.594	1.751E-6	-5.680E-5
60.694	1.497E-6	-5.667E-5
60.794	1.393E-6	-5.637E-5
60.894	1.226E-6	-5.641E-5
60.994	1.161E-6	-5.656E-5
61.094	1.271E-6	-5.643E-5
61.194	1.408E-6	-5.641E-5
61.294	1.419E-6	-5.660E-5
61.394	1.332E-6	-5.685E-5
61.494	1.240E-6	-5.677E-5
61.594	1.266E-6	-5.666E-5
61.694	1.376E-6	-5.667E-5
61.794	1.354E-6	-5.654E-5
61.894	1.525E-6	-5.622E-5
61.994	1.636E-6	-5.634E-5
62.094	1.603E-6	-5.629E-5
62.194	1.837E-6	-5.631E-5
62.294	1.946E-6	-5.632E-5
62.394	2.011E-6	-5.618E-5
62.494	2.164E-6	-5.566E-5
62.594	2.452E-6	-5.590E-5
62.694	2.513E-6	-5.580E-5
62.794	2.870E-6	-5.575E-5
62.894	3.205E-6	-5.567E-5
62.994	3.223E-6	-5.593E-5
63.094	3.186E-6	-5.627E-5
63.194	3.217E-6	-5.635E-5
63.294	3.014E-6	-5.622E-5
63.394	3.148E-6	-5.626E-5
63.494	3.186E-6	-5.583E-5
63.594	3.228E-6	-5.590E-5
63.694	3.156E-6	-5.591E-5
63.794	3.152E-6	-5.592E-5
63.894	3.087E-6	-5.598E-5
63.994	3.098E-6	-5.603E-5
64.094	3.482E-6	-5.589E-5
64.194	3.522E-6	-5.640E-5
64.294	3.215E-6	-5.623E-5
64.394	2.842E-6	-5.621E-5
64.494	2.858E-6	-5.571E-5
64.594	2.591E-6	-5.551E-5
64.694	2.449E-6	-5.561E-5
64.794	2.302E-6	-5.562E-5
64.894	1.819E-6	-5.554E-5
64.994	1.913E-6	-5.560E-5
65.093	2.107E-6	-5.528E-5
65.193	2.238E-6	-5.481E-5
65.293	2.104E-6	-5.461E-5
65.393	2.042E-6	-5.458E-5
65.493	1.858E-6	-5.457E-5
65.593	1.595E-6	-5.464E-5
65.693	1.438E-6	-5.489E-5
65.793	1.709E-6	-5.531E-5
65.893	2.477E-6	-5.553E-5
65.993	2.558E-6	-5.566E-5
66.093	2.852E-6	-5.553E-5
66.193	2.987E-6	-5.553E-5
66.293	2.897E-6	-5.602E-5
66.393	2.629E-6	-5.631E-5
66.493	2.222E-6	-5.654E-5
66.593	2.350E-6	-5.667E-5
66.693	2.941E-6	-5.630E-5
66.793	2.954E-6	-5.601E-5
66.893	3.002E-6	-5.579E-5
66.993	3.266E-6	-5.545E-5
67.093	3.398E-6	-5.549E-5
67.193	3.113E-6	-5.555E-5
67.293	2.925E-6	-5.521E-5
67.393	2.933E-6	-5.536E-5
67.493	3.095E-6	-5.615E-5
67.593	2.959E-6	-5.616E-5
67.693	2.794E-6	-5.620E-5
67.793	2.669E-6	-5.565E-5
67.893	2.812E-6	-5.553E-5
67.993	2.690E-6	-5.548E-5
68.093	2.738E-6	-5.552E-5
68.193	2.947E-6	-5.565E-5
68.293	2.938E-6	-5.592E-5
68.393	2.977E-6	-5.569E-5
68.493	3.005E-6	-5.551E-5
68.593	3.149E-6	-5.534E-5
68.693	3.094E-6	-5.564E-5
68.793	3.312E-6	-5.568E-5
68.893	3.065E-6	-5.583E-5
68.993	2.730E-6	-5.588E-5
69.093	2.610E-6	-5.594E-5
69.193	2.693E-6	-5.588E-5
69.293	2.467E-6	-5.564E-5
69.393	2.297E-6	-5.557E-5
69.493	2.536E-6	-5.525E-5
69.593	2.728E-6	-5.516E-5
69.693	2.953E-6	-5.531E-5
69.793	3.026E-6	-5.540E-5
69.893	2.680E-6	-5.559E-5
69.993	2.575E-6	-5.548E-5
70.093	2.707E-6	-5.527E-5
70.193	2.490E-6	-5.515E-5
70.293	2.631E-6	-5.482E-5
70.393	3.087E-6	-5.465E-5
70.493	3.375E-6	-5.478E-5
70.593	3.217E-6	-5.466E-5
70.693	3.330E-6	-5.496E-5
70.793	3.559E-6	-5.539E-5
70.893	3.911E-6	-5.537E-5
70.993	3.733E-6	-5.552E-5
71.093	3.521E-6	-5.574E-5
71.193	3.203E-6	-5.599E-5
71.293	3.363E-6	-5.575E-5
71.393	3.469E-6	-5.590E-5
71.493	3.189E-6	-5.600E-5
71.593	3.072E-6	-5.647E-5
71.693	3.094E-6	-5.670E-5
71.793	2.809E-6	-5.671E-5
71.893	3.192E-6	-5.663E-5
71.993	3.398E-6	-5.656E-5
72.093	3.204E-6	-5.653E-5
72.193	3.012E-6	-5.638E-5
72.293	3.100E-6	-5.635E-5
72.393	3.200E-6	-5.603E-5
72.493	3.617E-6	-5.600E-5
72.593	3.892E-6	-5.603E-5
72.693	4.346E-6	-5.629E-5
72.793	4.378E-6	-5.618E-5
72.893	4.504E-6	-5.654E-5
72.993	4.453E-6	-5.646E-5
73.093	4.352E-6	-5.644E-5
73.193	4.460E-6	-5.641E-5
73.293	4.277E-6	-5.665E-5
73.393	4.478E-6	-5.665E-5
73.493	4.372E-6	-5.634E-5
73.593	3.756E-6	-5.602E-5
73.693	3.768E-6	-5.607E-5
73.793	3.462E-6	-5.601E-5
73.893	3.689E-6	-5.591E-5
73.993	3.901E-6	-5.606E-5
74.093	4.242E-6	-5.579E-5
74.193	4.215E-6	-5.546E-5
74.293	4.433E-6	-5.549E-5
74.393	4.269E-6	-5.555E-5
74.493	4.034E-6	-5.556E-5
74.593	4.220E-6	-5.528E-5
74.693	4.524E-6	-5.497E-5
74.793	4.659E-6	-5.476E-5
74.893	4.680E-6	-5.473E-5
74.993	4.710E-6	-5.499E-5
75.092	4.282E-6	-5.538E-5
75.192	3.889E-6	-5.531E-5
75.292	3.629E-6	-5.516E-5
75.392	3.822E-6	-5.508E-5
75.492	3.871E-6	-5.540E-5
75.592	3.825E-6	-5.539E-5
75.692	4.022E-6	-5.539E-5
75.792	3.665E-6	-5.574E-5
75.892	3.654E-6	-5.592E-5
75.992	3.987E-6	-5.597E-5
76.092	4.359E-6	-5.621E-5
76.192	4.577E-6	-5.619E-5
76.292	4.471E-6	-5.610E-5
76.392	4.331E-6	-5.634E-5
76.492	4.413E-6	-5.627E-5
76.592	4.571E-6	-5.594E-5
76.692	5.329E-6	-5.593E-5
76.792	5.612E-6	-5.602E-5
76.892	5.381E-6	-5.603E-5
76.992	5.098E-6	-5.602E-5
77.092	5.321E-6	-5.616E-5
77.192	5.249E-6	-5.590E-5
77.292	5.053E-6	-5.571E-5
77.392	4.665E-6	-5.535E-5
77.492	4.838E-6	-5.560E-5
77.592	5.164E-6	-5.587E-5
77.692	5.417E-6	-5.582E-5
77.792	5.329E-6	-5.577E-5
77.892	5.064E-6	-5.534E-5
77.992	5.114E-6	-5.527E-5
78.092	5.370E-6	-5.527E-5
78.192	5.595E-6	-5.536E-5
78.292	6.122E-6	-5.544E-5
78.392	6.217E-6	-5.522E-5
78.492	6.345E-6	-5.493E-5
78.592	6.260E-6	-5.475E-5
78.692	6.204E-6	-5.442E-5
78.792	6.238E-6	-5.417E-5
78.892	6.246E-6	-5.394E-5
78.992	6.160E-6	-5.378E-5
79.092	6.001E-6	-5.395E-5
79.192	5.995E-6	-5.402E-5
79.292	6.154E-6	-5.408E-5
79.392	6.644E-6	-5.404E-5
79.492	6.678E-6	-5.376E-5
79.592	6.606E-6	-5.411E-5
79.692	6.295E-6	-5.439E-5
79.792	6.225E-6	-5.448E-5
79.892	6.311E-6	-5.449E-5
79.992	6.462E-6	-5.415E-5
80.092	6.391E-6	-5.428E-5
80.192	6.347E-6	-5.442E-5
80.292	6.284E-6	-5.435E-5
80.392	6.299E-6	-5.425E-5
80.492	6.223E-6	-5.414E-5
80.592	5.963E-6	-5.442E-5
80.692	5.881E-6	-5.450E-5
80.792	5.924E-6	-5.463E-5
80.892	5.993E-6	-5.461E-5
80.992	5.799E-6	-5.441E-5
81.092	5.963E-6	-5.442E-5
81.192	6.280E-6	-5.443E-5
81.292	6.487E-6	-5.418E-5
81.392	6.292E-6	-5.402E-5
81.492	6.118E-6	-5.388E-5
81.592	6.335E-6	-5.369E-5
81.692	5.971E-6	-5.371E-5
81.792	5.534E-6	-5.339E-5
81.892	5.449E-6	-5.321E-5
81.992	5.443E-6	-5.320E-5
82.092	5.757E-6	-5.294E-5
82.192	5.826E-6	-5.286E-5
82.292	5.953E-6	-5.323E-5
82.392	6.095E-6	-5.345E-5
82.492	5.902E-6	-5.319E-5
82.592	5.899E-6	-5.315E-5
82.692	5.886E-6	-5.321E-5
82.792	5.777E-6	-5.306E-5
82.892	5.601E-6	-5.279E-5
82.992	5.569E-6	-5.274E-5
83.092	5.302E-6	-5.300E-5
83.192	5.382E-6	-5.315E-5
83.292	5.177E-6	-5.316E-5
83.392	4.873E-6	-5.313E-5
83.492	4.834E-6	-5.281E-5
83.592	4.865E-6	-5.300E-5
83.692	4.632E-6	-5.302E-5
83.792	4.801E-6	-5.337E-5
83.892	4.697E-6	-5.336E-5
83.992	4.696E-6	-5.340E-5
84.092	4.544E-6	-5.351E-5
84.192	4.486E-6	-5.337E-5
84.292	4.542E-6	-5.333E-5
84.392	4.407E-6	-5.342E-5
84.492	4.225E-6	-5.333E-5
84.592	4.085E-6	-5.340E-5
84.692	4.119E-6	-5.328E-5
84.792	4.019E-6	-5.325E-5
84.892	3.971E-6	-5.315E-5
84.992	3.871E-6	-5.285E-5
85.091	3.940E-6	-5.259E-5
85.191	4.095E-6	-5.250E-5
85.291	4.123E-6	-5.235E-5
85.391	4.292E-6	-5.239E-5
85.491	4.450E-6	-5.243E-5
85.591	4.402E-6	-5.220E-5
85.691	4.341E-6	-5.164E-5
85.791	4.092E-6	-5.191E-5
85.891	3.904E-6	-5.186E-5
85.991	3.761E-6	-5.187E-5
86.091	3.875E-6	-5.167E-5
86.191	3.460E-6	-5.171E-5
86.291	3.349E-6	-5.149E-5
86.391	3.197E-6	-5.161E-5
86.491	3.167E-6	-5.135E-5
86.591	3.634E-6	-5.101E-5
86.691	3.860E-6	-5.074E-5
86.791	3.615E-6	-5.101E-5
86.891	3.516E-6	-5.095E-5
86.991	3.603E-6	-5.065E-5
87.091	3.625E-6	-5.056E-5
87.191	3.317E-6	-5.051E-5
87.291	3.445E-6	-5.078E-5
87.391	3.365E-6	-5.065E-5
87.491	3.216E-6	-5.043E-5
87.591	3.009E-6	-5.039E-5
87.691	3.134E-6	-5.023E-5
87.791	3.468E-6	-5.033E-5
87.891	3.665E-6	-5.052E-5
87.991	3.823E-6	-5.051E-5
88.091	3.641E-6	-5.074E-5
88.191	3.591E-6	-5.085E-5
88.291	3.641E-6	-5.097E-5
88.391	3.614E-6	-5.094E-5
88.491	3.610E-6	-5.095E-5
88.591	4.328E-6	-5.091E-5
88.691	4.871E-6	-5.106E-5
88.791	5.068E-6	-5.120E-5
88.891	5.099E-6	-5.110E-5
88.991	5.055E-6	-5.096E-5
89.091	4.980E-6	-5.086E-5
89.191	4.814E-6	-5.082E-5
89.291	4.617E-6	-5.087E-5
89.391	4.606E-6	-5.079E-5
89.491	4.639E-6	-5.065E-5
89.591	4.867E-6	-5.064E-5
89.691	5.093E-6	-5.060E-5
89.791	5.237E-6	-5.081E-5
89.891	5.503E-6	-5.083E-5
89.991	5.425E-6	-5.074E-5
90.091	5.637E-6	-5.040E-5
90.191	5.849E-6	-5.052E-5
90.291	5.914E-6	-5.037E-5
90.391	5.600E-6	-5.050E-5
90.491	5.127E-6	-5.032E-5
90.591	4.827E-6	-5.014E-5
90.691	4.640E-6	-5.029E-5
90.791	4.357E-6	-5.035E-5
90.891	4.075E-6	-5.037E-5
90.991	4.178E-6	-5.034E-5
91.091	4.130E-6	-5.052E-5
91.191	4.388E-6	-5.053E-5
91.291	4.820E-6	-5.077E-5
91.391	4.889E-6	-5.086E-5
91.491	5.093E-6	-5.110E-5
91.591	5.089E-6	-5.126E-5
91.691	4.889E-6	-5.148E-5
91.791	4.799E-6	-5.130E-5
91.891	4.708E-6	-5.131E-5
91.991	4.514E-6	-5.136E-5
92.091	4.258E-6	-5.158E-5
92.191	4.403E-6	-5.159E-5
92.291	4.521E-6	-5.146E-5
92.391	4.659E-6	-5.144E-5
92.491	5.021E-6	-5.153E-5
92.591	5.032E-6	-5.150E-5
92.691	4.856E-6	-5.120E-5
92.791	4.639E-6	-5.064E-5
92.891	4.749E-6	-5.046E-5
92.991	4.867E-6	-5.060E-5
93.091	4.863E-6	-5.051E-5
93.191	4.817E-6	-5.022E-5
93.291	4.737E-6	-5.026E-5
93.391	4.635E-6	-5.040E-5
93.491	4.673E-6	-5.026E-5
93.591	4.626E-6	-5.034E-5
93.691	4.363E-6	-5.011E-5
93.791	4.662E-6	-5.022E-5
93.891	4.771E-6	-5.015E-5
93.991	4.731E-6	-5.017E-5
94.091	4.912E-6	-5.038E-5
94.191	5.131E-6	-5.013E-5
94.291	5.351E-6	-5.010E-5
94.391	5.152E-6	-5.029E-5
94.491	5.353E-6	-5.019E-5
94.591	5.358E-6	-5.008E-5
94.691	5.228E-6	-5.007E-5
94.791	5.150E-6	-5.020E-5
94.891	5.353E-6	-4.989E-5
94.991	5.706E-6	-4.976E-5
95.090	5.765E-6	-4.969E-5
95.190	5.392E-6	-5.000E-5
95.290	5.566E-6	-5.022E-5
95.390	5.419E-6	-5.024E-5
95.490	5.523E-6	-5.040E-5
95.590	5.557E-6	-4.976E-5
95.690	5.456E-6	-4.966E-5
95.790	5.172E-6	-4.970E-5
95.890	5.605E-6	-4.993E-5
95.990	6.010E-6	-4.986E-5
96.090	5.724E-6	-4.960E-5
96.190	5.478E-6	-4.940E-5
96.290	5.606E-6	-4.957E-5
96.390	5.736E-6	-4.970E-5
96.490	5.491E-6	-5.008E-5
96.590	5.538E-6	-5.042E-5
96.690	5.526E-6	-5.043E-5
96.790	6.237E-6	-5.022E-5
96.890	6.776E-6	-4.991E-5
96.990	6.757E-6	-5.008E-5
97.090	6.907E-6	-5.030E-5
97.190	7.118E-6	-5.036E-5
97.290	7.764E-6	-4.991E-5
97.390	7.686E-6	-4.981E-5
97.490	7.366E-6	-4.984E-5
97.590	7.629E-6	-4.996E-5
97.690	7.666E-6	-5.007E-5
97.790	7.721E-6	-5.048E-5
97.890	7.728E-6	-5.071E-5
97.990	7.833E-6	-5.081E-5
98.090	8.057E-6	-5.080E-5
98.190	8.204E-6	-5.034E-5
98.290	8.289E-6	-5.017E-5
98.390	8.297E-6	-5.020E-5
98.490	8.142E-6	-5.071E-5
98.590	8.278E-6	-5.063E-5
98.690	8.556E-6	-5.059E-5
98.790	8.934E-6	-5.064E-5
98.890	8.942E-6	-5.037E-5
98.990	9.137E-6	-5.038E-5
99.090	9.122E-6	-5.031E-5
99.190	9.405E-6	-5.019E-5
99.290	9.863E-6	-5.022E-5
99.390	1.038E-5	-5.049E-5
99.490	1.020E-5	-5.077E-5
99.590	1.006E-5	-5.114E-5
99.690	1.030E-5	-5.096E-5
99.790	1.030E-5	-5.116E-5
99.890	1.042E-5	-5.117E-5
99.990	1.058E-5	-5.070E-5
100.090	1.111E-5	-5.058E-5
100.190	1.134E-5	-5.052E-5
100.290	1.143E-5	-5.024E-5
100.390	1.165E-5	-5.021E-5
100.490	1.133E-5	-5.011E-5
100.590	1.146E-5	-5.008E-5
100.690	1.133E-5	-5.037E-5
100.790	1.100E-5	-5.020E-5
100.890	1.083E-5	-5.010E-5
100.990	1.062E-5	-4.996E-5
101.090	1.106E-5	-5.011E-5
101.190	1.105E-5	-4.988E-5
101.290	1.118E-5	-4.971E-5
101.390	1.123E-5	-4.951E-5
101.490	1.114E-5	-4.971E-5
101.590	1.116E-5	-4.996E-5
101.690	1.108E-5	-5.006E-5
101.790	1.130E-5	-5.026E-5
101.890	1.178E-5	-5.000E-5
101.990	1.183E-5	-4.964E-5
102.090	1.188E-5	-4.945E-5
102.190	1.194E-5	-4.960E-5
102.290	1.187E-5	-4.970E-5
102.390	1.218E-5	-4.995E-5
102.490	1.233E-5	-5.009E-5
102.590	1.239E-5	-5.020E-5
102.690	1.238E-5	-5.033E-5
102.790	1.233E-5	-5.057E-5
102.890	1.256E-5	-5.045E-5
102.990	1.256E-5	-5.043E-5
103.090	1.246E-5	-5.067E-5
103.190	1.265E-5	-5.072E-5
103.290	1.286E-5	-5.103E-5
103.390	1.288E-5	-5.159E-5
103.490	1.289E-5	-5.184E-5
103.590	1.291E-5	-5.171E-5
103.690	1.275E-5	-5.172E-5
103.790	1.261E-5	-5.208E-5
103.890	1.250E-5	-5.222E-5
103.990	1.259E-5	-5.221E-5
104.090	1.296E-5	-5.204E-5
104.190	1.306E-5	-5.205E-5
104.290	1.341E-5	-5.213E-5
104.390	1.340E-5	-5.212E-5
104.490	1.342E-5	-5.213E-5
104.590	1.351E-5	-5.209E-5
104.690	1.324E-5	-5.203E-5
104.790	1.342E-5	-5.214E-5
104.890	1.363E-5	-5.210E-5
104.990	1.388E-5	-5.182E-5
105.089	1.488E-5	-5.216E-5
105.189	1.466E-5	-5.240E-5
105.289	1.465E-5	-5.230E-5
105.389	1.435E-5	-5.231E-5
105.489	1.403E-5	-5.235E-5
105.589	1.376E-5	-5.220E-5
105.689	1.373E-5	-5.229E-5
105.789	1.378E-5	-5.227E-5
105.889	1.403E-5	-5.236E-5
105.989	1.437E-5	-5.256E-5
106.089	1.475E-5	-5.345E-5
106.189	1.427E-5	-5.384E-5
106.289	1.419E-5	-5.383E-5
106.389	1.427E-5	-5.391E-5
106.489	1.430E-5	-5.409E-5
106.589	1.427E-5	-5.413E-5
106.689	1.378E-5	-5.428E-5
106.789	1.366E-5	-5.394E-5
106.889	1.382E-5	-5.397E-5
106.989	1.386E-5	-5.409E-5
107.089	1.398E-5	-5.466E-5
107.189	1.377E-5	-5.503E-5
107.289	1.360E-5	-5.511E-5
107.389	1.307E-5	-5.540E-5
107.489	1.284E-5	-5.531E-5
107.589	1.254E-5	-5.516E-5
107.689	1.203E-5	-5.523E-5
107.789	1.196E-5	-5.577E-5
107.889	1.238E-5	-5.573E-5
107.989	1.214E-5	-5.539E-5
108.089	1.239E-5	-5.575E-5
108.189	1.241E-5	-5.577E-5
108.289	1.212E-5	-5.580E-5
108.389	1.207E-5	-5.559E-5
108.489	1.219E-5	-5.534E-5
108.589	1.238E-5	-5.524E-5
108.689	1.237E-5	-5.523E-5
108.889	1.211E-5	-5.496E-5
108.989	1.219E-5	-5.511E-5
109.089	1.239E-5	-5.546E-5
109.189	1.213E-5	-5.516E-5
109.289	1.211E-5	-5.463E-5
109.389	1.221E-5	-5.432E-5
109.489	1.231E-5	-5.437E-5
109.589	1.248E-5	-5.439E-5
109.689	1.229E-5	-5.444E-5
109.789	1.235E-5	-5.425E-5
109.889	1.264E-5	-5.409E-5
109.989	1.264E-5	-5.390E-5
110.089	1.257E-5	-5.364E-5
110.189	1.253E-5	-5.347E-5
110.289	1.280E-5	-5.338E-5
110.389	1.293E-5	-5.329E-5
110.489	1.307E-5	-5.339E-5
110.589	1.341E-5	-5.334E-5
110.689	1.353E-5	-5.354E-5
110.789	1.346E-5	-5.373E-5
110.889	1.323E-5	-5.355E-5
110.989	1.327E-5	-5.350E-5
111.089	1.321E-5	-5.373E-5
111.189	1.307E-5	-5.386E-5
111.289	1.290E-5	-5.366E-5
111.389	1.291E-5	-5.350E-5
111.489	1.284E-5	-5.329E-5
111.589	1.306E-5	-5.347E-5
111.689	1.298E-5	-5.375E-5
111.789	1.298E-5	-5.354E-5
111.889	1.270E-5	-5.325E-5
111.989	1.231E-5	-5.299E-5
112.089	1.231E-5	-5.281E-5
112.189	1.211E-5	-5.284E-5
112.289	1.213E-5	-5.284E-5
112.389	1.207E-5	-5.314E-5
112.489	1.191E-5	-5.303E-5
112.589	1.182E-5	-5.311E-5
112.689	1.180E-5	-5.362E-5
112.789	1.204E-5	-5.354E-5
112.889	1.219E-5	-5.371E-5
112.989	1.231E-5	-5.395E-5
113.089	1.215E-5	-5.400E-5
113.189	1.180E-5	-5.402E-5
113.289	1.158E-5	-5.401E-5
113.389	1.122E-5	-5.411E-5
113.489	1.138E-5	-5.392E-5
113.589	1.148E-5	-5.379E-5
113.689	1.119E-5	-5.391E-5
113.789	1.119E-5	-5.411E-5
113.889	1.098E-5	-5.401E-5
113.989	1.097E-5	-5.412E-5
114.089	1.116E-5	-5.416E-5
114.189	1.139E-5	-5.422E-5
114.289	1.130E-5	-5.433E-5
114.389	1.128E-5	-5.420E-5
114.489	1.173E-5	-5.451E-5
114.589	1.180E-5	-5.428E-5
114.689	1.183E-5	-5.423E-5
114.789	1.201E-5	-5.437E-5
114.889	1.214E-5	-5.439E-5
114.989	1.241E-5	-5.440E-5
115.088	1.224E-5	-5.453E-5
115.188	1.242E-5	-5.446E-5
115.288	1.254E-5	-5.442E-5
115.388	1.250E-5	-5.419E-5
115.488	1.243E-5	-5.421E-5
115.588	1.243E-5	-5.421E-5
115.688	1.239E-5	-5.410E-5
115.788	1.219E-5	-5.391E-5
115.888	1.248E-5	-5.415E-5
115.988	1.261E-5	-5.421E-5
116.088	1.241E-5	-5.428E-5
116.188	1.233E-5	-5.460E-5
116.288	1.233E-5	-5.480E-5
116.388	1.214E-5	-5.483E-5
116.488	1.214E-5	-5.491E-5
116.588	1.219E-5	-5.510E-5
116.688	1.174E-5	-5.534E-5
116.788	1.165E-5	-5.537E-5
116.888	1.161E-5	-5.555E-5
116.988	1.189E-5	-5.554E-5
117.088	1.175E-5	-5.545E-5
117.188	1.151E-5	-5.560E-5
117.288	1.159E-5	-5.592E-5
117.388	1.140E-5	-5.612E-5
117.488	1.154E-5	-5.603E-5
117.588	1.138E-5	-5.602E-5
117.688	1.147E-5	-5.607E-5
117.788	1.111E-5	-5.569E-5
117.888	1.089E-5	-5.526E-5
117.988	1.071E-5	-5.524E-5
118.088	1.070E-5	-5.529E-5
118.188	1.140E-5	-5.526E-5
118.288	1.195E-5	-5.529E-5
118.388	1.211E-5	-5.573E-5
118.488	1.265E-5	-5.583E-5
118.588	1.273E-5	-5.569E-5
118.688	1.274E-5	-5.571E-5
118.788	1.287E-5	-5.562E-5
118.888	1.288E-5	-5.572E-5
118.988	1.267E-5	-5.621E-5
119.088	1.270E-5	-5.668E-5
119.188	1.271E-5	-5.648E-5
119.288	1.294E-5	-5.649E-5
119.388	1.271E-5	-5.667E-5
119.488	1.286E-5	-5.665E-5
119.588	1.258E-5	-5.695E-5
119.688	1.249E-5	-5.714E-5
119.788	1.285E-5	-5.698E-5
119.888	1.335E-5	-5.706E-5
119.988	1.329E-5	-5.705E-5
120.088	1.347E-5	-5.718E-5
120.188	1.338E-5	-5.721E-5
120.288	1.348E-5	-5.760E-5
120.388	1.358E-5	-5.791E-5
120.488	1.367E-5	-5.786E-5
120.588	1.393E-5	-5.779E-5
120.688	1.451E-5	-5.788E-5
120.788	1.440E-5	-5.761E-5
120.888	1.405E-5	-5.721E-5
120.988	1.377E-5	-5.697E-5
121.088	1.391E-5	-5.672E-5
121.188	1.394E-5	-5.670E-5
121.288	1.400E-5	-5.690E-5
121.388	1.381E-5	-5.720E-5
121.488	1.384E-5	-5.699E-5
121.588	1.404E-5	-5.688E-5
121.688	1.380E-5	-5.660E-5
121.788	1.386E-5	-5.670E-5
121.888	1.374E-5	-5.673E-5
121.988	1.363E-5	-5.696E-5
122.088	1.370E-5	-5.664E-5
122.188	1.375E-5	-5.664E-5
122.288	1.363E-5	-5.635E-5
122.388	1.381E-5	-5.631E-5
122.488	1.410E-5	-5.645E-5
122.588	1.449E-5	-5.646E-5
122.688	1.487E-5	-5.669E-5
122.788	1.462E-5	-5.684E-5
122.888	1.485E-5	-5.670E-5
122.988	1.511E-5	-5.678E-5
123.088	1.514E-5	-5.712E-5
123.188	1.502E-5	-5.727E-5
123.288	1.485E-5	-5.751E-5
123.388	1.478E-5	-5.781E-5
123.488	1.522E-5	-5.836E-5
123.588	1.563E-5	-5.843E-5
123.688	1.600E-5	-5.847E-5
123.788	1.604E-5	-5.857E-5
123.888	1.627E-5	-5.897E-5
123.988	1.650E-5	-5.932E-5
124.088	1.637E-5	-5.936E-5
124.188	1.614E-5	-5.939E-5
124.288	1.593E-5	-5.961E-5
124.388	1.622E-5	-5.956E-5
124.488	1.636E-5	-5.956E-5
124.588	1.685E-5	-5.964E-5
124.688	1.688E-5	-5.997E-5
124.788	1.710E-5	-6.033E-5
124.888	1.695E-5	-6.033E-5
124.988	1.650E-5	-6.020E-5
125.087	1.647E-5	-6.004E-5
125.187	1.619E-5	-5.989E-5
125.287	1.618E-5	-5.979E-5
125.387	1.629E-5	-5.985E-5
125.487	1.647E-5	-5.980E-5
125.587	1.629E-5	-5.996E-5
125.687	1.631E-5	-6.010E-5
125.787	1.624E-5	-6.006E-5
125.887	1.602E-5	-6.015E-5
125.987	1.621E-5	-5.982E-5
126.087	1.654E-5	-5.939E-5
126.187	1.629E-5	-5.953E-5
126.287	1.645E-5	-5.959E-5
126.387	1.670E-5	-5.959E-5
126.487	1.688E-5	-5.959E-5
126.587	1.716E-5	-5.953E-5
126.687	1.680E-5	-5.983E-5
126.787	1.662E-5	-6.021E-5
126.887	1.659E-5	-6.048E-5
126.987	1.661E-5	-6.048E-5
127.087	1.672E-5	-6.050E-5
127.187	1.632E-5	-6.041E-5
127.287	1.632E-5	-6.032E-5
127.387	1.623E-5	-6.054E-5
127.487	1.626E-5	-6.087E-5
127.587	1.620E-5	-6.092E-5
127.687	1.621E-5	-6.058E-5
127.787	1.599E-5	-6.065E-5
127.887	1.569E-5	-6.069E-5
127.987	1.546E-5	-6.093E-5
128.087	1.544E-5	-6.104E-5
128.187	1.563E-5	-6.129E-5
128.287	1.579E-5	-6.132E-5
128.387	1.552E-5	-6.166E-5
128.487	1.573E-5	-6.154E-5
128.587	1.596E-5	-6.182E-5
128.687	1.606E-5	-6.178E-5
128.787	1.618E-5	-6.182E-5
128.887	1.612E-5	-6.140E-5
128.987	1.586E-5	-6.121E-5
129.087	1.622E-5	-6.094E-5
129.187	1.637E-5	-6.146E-5
129.287	1.632E-5	-6.133E-5
129.387	1.628E-5	-6.137E-5
129.487	1.673E-5	-6.163E-5
129.587	1.677E-5	-6.177E-5
129.687	1.673E-5	-6.171E-5
129.787	1.692E-5	-6.153E-5
129.887	1.715E-5	-6.152E-5
129.987	1.701E-5	-6.150E-5
130.087	1.654E-5	-6.137E-5
130.187	1.657E-5	-6.139E-5
130.287	1.683E-5	-6.148E-5
130.387	1.736E-5	-6.172E-5
130.487	1.734E-5	-6.172E-5
130.587	1.702E-5	-6.171E-5
130.687	1.725E-5	-6.169E-5
130.787	1.731E-5	-6.132E-5
130.887	1.745E-5	-6.120E-5
130.987	1.722E-5	-6.118E-5
131.087	1.709E-5	-6.120E-5
131.187	1.712E-5	-6.134E-5
131.287	1.700E-5	-6.082E-5
131.387	1.701E-5	-6.079E-5
131.487	1.742E-5	-6.084E-5
131.587	1.766E-5	-6.059E-5
131.687	1.743E-5	-6.036E-5
131.787	1.759E-5	-6.005E-5
131.887	1.763E-5	-6.015E-5
131.987	1.764E-5	-6.017E-5
132.087	1.764E-5	-6.006E-5
132.187	1.759E-5	-6.005E-5
132.287	1.763E-5	-6.010E-5
132.387	1.779E-5	-6.008E-5
132.487	1.785E-5	-6.026E-5
132.587	1.776E-5	-6.031E-5
132.687	1.771E-5	-6.016E-5
132.787	1.771E-5	-5.991E-5
132.887	1.769E-5	-5.970E-5
132.987	1.751E-5	-5.950E-5
133.087	1.739E-5	-5.999E-5
133.187	1.722E-5	-5.995E-5
133.287	1.745E-5	-5.972E-5
133.387	1.779E-5	-5.955E-5
133.487	1.780E-5	-5.998E-5
133.587	1.798E-5	-5.964E-5
133.687	1.801E-5	-5.965E-5
133.787	1.827E-5	-5.941E-5
133.887	1.848E-5	-5.953E-5
133.987	1.823E-5	-5.949E-5
134.087	1.800E-5	-5.973E-5
134.187	1.782E-5	-5.974E-5
134.287	1.759E-5	-5.990E-5
134.387	1.762E-5	-6.017E-5
134.487	1.790E-5	-6.043E-5
134.587	1.801E-5	-6.073E-5
134.687	1.860E-5	-6.071E-5
134.787	1.877E-5	-6.023E-5
134.887	1.906E-5	-5.989E-5
134.987	1.921E-5	-5.992E-5
135.086	1.921E-5	-6.030E-5
135.186	1.942E-5	-6.059E-5
135.286	1.928E-5	-6.050E-5
135.386	1.912E-5	-6.048E-5
135.486	1.945E-5	-6.053E-5
135.586	1.953E-5	-6.066E-5
135.686	1.929E-5	-6.100E-5
135.786	1.921E-5	-6.112E-5
135.886	1.906E-5	-6.106E-5
135.986	1.924E-5	-6.073E-5
136.086	1.929E-5	-6.034E-5
136.186	1.927E-5	-6.013E-5
136.286	1.927E-5	-5.997E-5
136.386	1.955E-5	-5.999E-5
136.486	1.917E-5	-6.017E-5
136.586	1.864E-5	-6.002E-5
136.686	1.872E-5	-6.056E-5
136.786	1.890E-5	-6.064E-5
136.886	1.935E-5	-6.064E-5
136.986	1.917E-5	-6.043E-5
137.086	1.908E-5	-6.012E-5
137.186	1.888E-5	-6.032E-5
137.286	1.870E-5	-6.058E-5
137.386	1.868E-5	-6.051E-5
137.486	1.900E-5	-6.051E-5
137.586	1.913E-5	-6.027E-5
137.686	1.916E-5	-6.037E-5
137.786	1.869E-5	-6.047E-5
137.886	1.863E-5	-6.070E-5
137.986	1.833E-5	-6.059E-5
138.086	1.816E-5	-6.062E-5
138.186	1.822E-5	-6.066E-5
138.286	1.824E-5	-6.083E-5
138.386	1.795E-5	-6.112E-5
138.486	1.796E-5	-6.135E-5
138.586	1.823E-5	-6.147E-5
138.686	1.833E-5	-6.150E-5
138.786	1.846E-5	-6.153E-5
138.886	1.876E-5	-6.137E-5
138.986	1.884E-5	-6.108E-5
139.086	1.908E-5	-6.083E-5
139.186	1.920E-5	-6.061E-5
139.286	1.947E-5	-6.029E-5
139.386	1.973E-5	-5.988E-5
139.486	1.978E-5	-5.988E-5
139.586	1.978E-5	-6.013E-5
139.686	2.003E-5	-6.026E-5
139.786	1.997E-5	-6.043E-5
139.886	2.010E-5	-6.048E-5
139.986	1.981E-5	-6.040E-5
140.086	1.962E-5	-6.010E-5
140.186	1.940E-5	-6.000E-5
140.286	1.939E-5	-6.003E-5
140.386	1.956E-5	-5.996E-5
140.486	1.967E-5	-5.998E-5
140.586	1.983E-5	-6.025E-5
140.686	1.950E-5	-6.028E-5
140.786	1.908E-5	-6.009E-5
140.886	1.923E-5	-6.027E-5
140.986	1.933E-5	-6.058E-5
141.086	1.933E-5	-6.074E-5
141.186	1.923E-5	-6.087E-5
141.286	1.946E-5	-6.086E-5
141.386	1.967E-5	-6.082E-5
141.486	1.994E-5	-6.108E-5
141.586	2.017E-5	-6.104E-5
141.686	2.061E-5	-6.092E-5
141.786	2.057E-5	-6.100E-5
141.886	2.063E-5	-6.115E-5
141.986	2.061E-5	-6.112E-5
142.086	2.064E-5	-6.121E-5
142.186	2.044E-5	-6.116E-5
142.286	2.008E-5	-6.100E-5
142.386	2.016E-5	-6.106E-5
142.486	2.008E-5	-6.146E-5
142.586	1.989E-5	-6.154E-5
142.686	1.985E-5	-6.161E-5
142.786	1.965E-5	-6.137E-5
142.886	1.960E-5	-6.118E-5
142.986	1.960E-5	-6.119E-5
143.086	1.976E-5	-6.117E-5
143.186	1.990E-5	-6.110E-5
143.286	2.010E-5	-6.096E-5
143.386	2.011E-5	-6.078E-5
143.486	2.012E-5	-6.085E-5
143.586	1.976E-5	-6.096E-5
143.686	1.962E-5	-6.114E-5
143.786	2.000E-5	-6.119E-5
143.886	2.037E-5	-6.135E-5
143.986	2.038E-5	-6.163E-5
144.086	2.058E-5	-6.192E-5
144.186	2.046E-5	-6.210E-5
144.286	2.047E-5	-6.191E-5
144.386	2.064E-5	-6.217E-5
144.486	2.065E-5	-6.215E-5
144.586	2.045E-5	-6.221E-5
144.686	2.050E-5	-6.228E-5
144.786	2.063E-5	-6.238E-5
144.886	2.094E-5	-6.232E-5
144.986	2.097E-5	-6.237E-5
145.085	2.091E-5	-6.267E-5
145.185	2.113E-5	-6.285E-5
145.285	2.139E-5	-6.268E-5
145.385	2.161E-5	-6.265E-5
145.485	2.190E-5	-6.268E-5
145.585	2.193E-5	-6.262E-5
145.685	2.211E-5	-6.261E-5
145.785	2.250E-5	-6.259E-5
145.885	2.260E-5	-6.251E-5
145.985	2.226E-5	-6.247E-5
146.085	2.185E-5	-6.207E-5
146.185	2.202E-5	-6.176E-5
146.285	2.225E-5	-6.145E-5
146.385	2.193E-5	-6.131E-5
146.485	2.183E-5	-6.168E-5
146.585	2.208E-5	-6.175E-5
146.685	2.194E-5	-6.167E-5
146.785	2.179E-5	-6.156E-5
146.885	2.168E-5	-6.155E-5
146.985	2.188E-5	-6.128E-5
147.085	2.178E-5	-6.104E-5
147.185	2.173E-5	-6.102E-5
147.285	2.161E-5	-6.042E-5
147.385	2.164E-5	-6.027E-5
147.485	2.227E-5	-6.028E-5
147.585	2.306E-5	-5.992E-5
147.685	2.345E-5	-5.958E-5
147.785	2.365E-5	-5.949E-5
147.885	2.348E-5	-5.957E-5
147.985	2.360E-5	-5.942E-5
148.085	2.366E-5	-5.924E-5
148.185	2.407E-5	-5.908E-5
148.285	2.403E-5	-5.940E-5
148.385	2.357E-5	-5.949E-5
148.485	2.331E-5	-5.987E-5
148.585	2.356E-5	-5.987E-5
148.685	2.398E-5	-5.989E-5
148.785	2.432E-5	-5.997E-5
148.885	2.432E-5	-6.012E-5
148.985	2.400E-5	-6.008E-5
149.085	2.398E-5	-6.019E-5
149.185	2.427E-5	-5.986E-5
149.285	2.496E-5	-5.998E-5
149.385	2.503E-5	-5.963E-5
149.485	2.497E-5	-5.950E-5
149.585	2.493E-5	-5.956E-5
149.685	2.492E-5	-5.976E-5
149.785	2.464E-5	-5.977E-5
149.885	2.442E-5	-5.997E-5
149.985	2.464E-5	-5.980E-5
150.085	2.467E-5	-5.961E-5
150.185	2.484E-5	-5.969E-5
150.285	2.446E-5	-5.983E-5
150.385	2.452E-5	-6.015E-5
150.485	2.422E-5	-6.016E-5
150.585	2.434E-5	-6.023E-5
150.685	2.456E-5	-6.058E-5
150.785	2.459E-5	-6.055E-5
150.885	2.452E-5	-6.074E-5
150.985	2.401E-5	-6.058E-5
151.085	2.404E-5	-6.082E-5
151.185	2.429E-5	-6.069E-5
151.285	2.405E-5	-6.073E-5
151.385	2.406E-5	-6.041E-5
151.485	2.425E-5	-6.020E-5
151.585	2.416E-5	-6.035E-5
151.685	2.410E-5	-6.038E-5
151.785	2.406E-5	-6.051E-5
151.885	2.428E-5	-6.040E-5
151.985	2.466E-5	-6.024E-5
152.085	2.490E-5	-5.985E-5
152.185	2.474E-5	-5.946E-5
152.285	2.506E-5	-5.928E-5
152.385	2.508E-5	-5.938E-5
152.485	2.504E-5	-5.941E-5
152.585	2.525E-5	-5.934E-5
152.685	2.519E-5	-5.947E-5
152.785	2.489E-5	-5.966E-5
152.885	2.526E-5	-5.930E-5
152.985	2.566E-5	-5.849E-5
153.085	2.616E-5	-5.816E-5
153.185	2.641E-5	-5.790E-5
153.285	2.640E-5	-5.775E-5
153.385	2.626E-5	-5.760E-5
153.485	2.634E-5	-5.787E-5
153.585	2.659E-5	-5.793E-5
153.685	2.642E-5	-5.792E-5
153.785	2.651E-5	-5.810E-5
153.885	2.632E-5	-5.799E-5
153.985	2.597E-5	-5.766E-5
154.085	2.587E-5	-5.741E-5
154.185	2.618E-5	-5.711E-5
154.285	2.688E-5	-5.715E-5
154.385	2.691E-5	-5.715E-5
154.485	2.652E-5	-5.757E-5
154.585	2.642E-5	-5.780E-5
154.685	2.624E-5	-5.799E-5
154.785	2.623E-5	-5.842E-5
154.885	2.597E-5	-5.852E-5
154.985	2.645E-5	-5.831E-5
155.084	2.681E-5	-5.838E-5
155.184	2.639E-5	-5.841E-5
155.284	2.632E-5	-5.845E-5
155.384	2.589E-5	-5.839E-5
155.484	2.591E-5	-5.814E-5
155.584	2.594E-5	-5.797E-5
155.684	2.596E-5	-5.761E-5
155.784	2.586E-5	-5.773E-5
155.884	2.582E-5	-5.771E-5
155.984	2.563E-5	-5.739E-5
156.084	2.561E-5	-5.671E-5
