0.000	-1.171E-5	-2.358E-6
0.100	-1.175E-5	-2.096E-6
0.200	-1.170E-5	-1.755E-6
0.300	-1.173E-5	-2.046E-6
0.400	-1.201E-5	-2.327E-6
0.500	-1.155E-5	-2.327E-6
0.600	-1.115E-5	-2.206E-6
0.700	-1.127E-5	-1.874E-6
0.800	-1.139E-5	-1.800E-6
0.900	-1.159E-5	-1.765E-6
1.000	-1.167E-5	-1.720E-6
1.100	-1.208E-5	-1.575E-6
1.200	-1.227E-5	-1.738E-6
1.300	-1.221E-5	-1.720E-6
1.400	-1.209E-5	-1.855E-6
1.500	-1.211E-5	-1.866E-6
1.600	-1.248E-5	-1.742E-6
1.700	-1.255E-5	-1.546E-6
1.800	-1.298E-5	-1.666E-6
1.900	-1.278E-5	-1.437E-6
2.000	-1.242E-5	-1.558E-6
2.100	-1.223E-5	-1.639E-6
2.200	-1.212E-5	-1.797E-6
2.300	-1.192E-5	-1.711E-6
2.400	-1.193E-5	-1.600E-6
2.500	-1.173E-5	-1.607E-6
2.600	-1.159E-5	-1.570E-6
2.700	-1.124E-5	-1.545E-6
2.800	-1.095E-5	-1.247E-6
2.900	-1.107E-5	-1.104E-6
3.000	-1.119E-5	-1.163E-6
3.100	-1.111E-5	-1.256E-6
3.200	-1.211E-5	-1.357E-6
3.300	-1.201E-5	-1.657E-6
3.400	-1.141E-5	-1.357E-6
3.500	-1.191E-5	-8.560E-7
3.600	-1.210E-5	-7.634E-7
3.700	-1.213E-5	-8.134E-7
3.800	-1.176E-5	-7.432E-7
3.900	-1.136E-5	-8.581E-7
4.000	-1.126E-5	-8.120E-7
4.100	-1.115E-5	-9.946E-7
4.200	-1.102E-5	-5.414E-7
4.300	-1.066E-5	-4.969E-7
4.400	-1.051E-5	-5.507E-8
4.500	-1.039E-5	3.058E-7
4.600	-1.014E-5	2.984E-7
4.700	-9.910E-6	2.791E-7
4.800	-1.012E-5	3.131E-8
4.900	-1.008E-5	1.176E-7
5.000	-9.311E-6	-1.552E-7
5.099	-9.550E-6	7.627E-7
5.199	-9.667E-6	6.481E-7
5.299	-9.472E-6	3.293E-7
5.399	-9.778E-6	5.505E-7
5.499	-9.669E-6	5.098E-7
5.599	-1.003E-5	5.742E-7
5.699	-9.828E-6	8.427E-7
5.799	-9.859E-6	1.291E-6
5.899	-9.622E-6	1.448E-6
5.999	-9.489E-6	1.448E-6
6.099	-9.386E-6	1.555E-6
6.199	-9.269E-6	1.441E-6
6.299	-9.116E-6	1.262E-6
6.399	-9.249E-6	9.308E-7
6.499	-8.893E-6	7.596E-7
6.599	-8.576E-6	3.750E-7
6.699	-8.262E-6	2.640E-7
6.799	-7.854E-6	3.846E-7
6.899	-7.429E-6	5.512E-7
6.999	-7.302E-6	3.748E-7
7.099	-7.405E-6	7.957E-9
7.199	-6.962E-6	-3.315E-7
7.299	-6.994E-6	-5.152E-7
7.399	-7.017E-6	-7.511E-7
7.499	-6.842E-6	-7.147E-7
7.599	-6.340E-6	-3.765E-7
7.699	-6.281E-6	-2.351E-7
7.799	-5.931E-6	-1.960E-7
7.899	-5.713E-6	-1.001E-7
7.999	-5.699E-6	-2.481E-7
8.099	-5.240E-6	-2.083E-7
8.199	-5.355E-6	-2.275E-7
8.299	-5.385E-6	-1.219E-7
8.399	-5.353E-6	-1.670E-7
8.499	-5.207E-6	-4.885E-7
8.599	-4.754E-6	-5.827E-7
8.699	-4.696E-6	-8.550E-7
8.799	-4.843E-6	-9.586E-7
8.899	-4.731E-6	-1.379E-6
8.999	-4.688E-6	-1.352E-6
9.099	-4.713E-6	-1.698E-6
9.199	-4.640E-6	-1.833E-6
9.299	-4.679E-6	-1.697E-6
9.399	-4.731E-6	-1.123E-6
9.499	-5.306E-6	-1.136E-6
9.599	-5.370E-6	-1.199E-6
9.699	-5.388E-6	-1.239E-6
9.799	-4.995E-6	-1.246E-6
9.899	-5.023E-6	-1.091E-6
9.999	-4.996E-6	-1.233E-6
10.099	-5.061E-6	-1.365E-6
10.199	-5.010E-6	-1.679E-6
10.299	-5.286E-6	-1.899E-6
10.399	-5.095E-6	-1.902E-6
10.499	-5.186E-6	-1.624E-6
10.599	-4.925E-6	-1.457E-6
10.699	-4.802E-6	-1.517E-6
10.799	-5.180E-6	-1.595E-6
10.899	-5.270E-6	-1.777E-6
10.999	-5.014E-6	-2.380E-6
11.099	-4.936E-6	-2.306E-6
11.199	-5.041E-6	-2.381E-6
11.299	-4.974E-6	-2.126E-6
11.399	-5.141E-6	-2.469E-6
11.499	-4.985E-6	-2.501E-6
11.599	-4.114E-6	-2.644E-6
11.699	-4.503E-6	-3.033E-6
11.799	-4.467E-6	-3.104E-6
11.899	-4.750E-6	-2.679E-6
11.999	-4.397E-6	-2.891E-6
12.099	-4.599E-6	-3.267E-6
12.199	-4.441E-6	-3.113E-6
12.299	-3.967E-6	-3.155E-6
12.399	-3.795E-6	-3.174E-6
12.499	-3.441E-6	-3.033E-6
12.599	-3.311E-6	-3.398E-6
12.699	-2.627E-6	-3.458E-6
12.799	-2.521E-6	-3.210E-6
12.899	-1.778E-6	-3.104E-6
12.999	-1.495E-6	-2.679E-6
13.099	-2.061E-6	-2.219E-6
13.199	-1.778E-6	-1.759E-6
13.299	-1.389E-6	-1.759E-6
13.399	-1.707E-6	-1.688E-6
13.499	-1.601E-6	-1.724E-6
13.599	-9.996E-7	-1.936E-6
13.699	-3.627E-7	-2.396E-6
13.799	-1.504E-7	-2.998E-6
13.899	3.804E-7	-3.281E-6
13.999	8.758E-7	-3.670E-6
14.099	8.404E-7	-3.776E-6
14.199	8.404E-7	-3.210E-6
14.299	1.513E-6	-3.564E-6
14.399	1.654E-6	-3.882E-6
14.499	9.466E-7	-3.847E-6
14.599	9.466E-7	-3.281E-6
14.699	8.404E-7	-3.705E-6
14.799	1.796E-6	-3.882E-6
14.899	1.937E-6	-3.953E-6
14.999	2.008E-6	-3.705E-6
15.098	2.327E-6	-3.705E-6
15.198	2.362E-6	-3.564E-6
15.298	2.397E-6	-3.528E-6
15.398	2.220E-6	-3.316E-6
15.498	2.822E-6	-3.599E-6
15.598	2.362E-6	-3.245E-6
15.698	2.539E-6	-3.564E-6
15.798	2.503E-6	-3.351E-6
15.898	2.291E-6	-3.918E-6
15.998	2.574E-6	-4.201E-6
16.098	2.751E-6	-4.024E-6
16.198	2.468E-6	-3.776E-6
16.298	2.008E-6	-3.705E-6
16.398	2.108E-6	-3.684E-6
16.498	2.148E-6	-3.961E-6
16.598	2.437E-6	-3.993E-6
16.698	2.630E-6	-4.197E-6
16.798	2.660E-6	-4.085E-6
16.898	2.873E-6	-3.789E-6
16.998	2.752E-6	-3.851E-6
17.098	3.002E-6	-3.832E-6
17.198	3.410E-6	-3.696E-6
17.298	3.426E-6	-3.719E-6
17.398	3.527E-6	-4.192E-6
17.498	3.541E-6	-4.362E-6
17.598	3.521E-6	-4.854E-6
17.698	3.271E-6	-4.986E-6
17.798	3.264E-6	-4.669E-6
17.898	3.614E-6	-4.327E-6
17.998	3.511E-6	-4.046E-6
18.098	3.271E-6	-4.087E-6
18.198	3.268E-6	-4.327E-6
18.298	3.008E-6	-4.585E-6
18.398	3.012E-6	-4.726E-6
18.498	3.242E-6	-4.848E-6
18.598	3.178E-6	-5.009E-6
18.698	2.923E-6	-4.680E-6
18.798	3.145E-6	-4.562E-6
18.898	3.046E-6	-4.833E-6
18.998	3.425E-6	-5.173E-6
19.098	3.285E-6	-5.104E-6
19.198	3.467E-6	-5.009E-6
19.298	3.541E-6	-5.172E-6
19.398	3.648E-6	-5.209E-6
19.498	3.828E-6	-5.184E-6
19.598	3.445E-6	-4.838E-6
19.698	3.517E-6	-4.492E-6
19.798	3.782E-6	-4.613E-6
19.898	3.279E-6	-4.817E-6
19.998	3.407E-6	-4.989E-6
20.098	3.401E-6	-4.956E-6
20.198	3.454E-6	-5.045E-6
20.298	3.388E-6	-5.123E-6
20.398	3.395E-6	-5.307E-6
20.498	3.533E-6	-5.413E-6
20.598	3.324E-6	-5.237E-6
20.698	2.821E-6	-5.194E-6
20.798	2.830E-6	-4.978E-6
20.898	3.108E-6	-4.788E-6
20.998	3.518E-6	-4.845E-6
21.098	3.791E-6	-4.632E-6
21.198	3.532E-6	-4.383E-6
21.298	3.481E-6	-4.275E-6
21.398	3.778E-6	-4.220E-6
21.498	3.925E-6	-4.381E-6
21.598	3.938E-6	-4.458E-6
21.698	3.874E-6	-4.549E-6
21.798	3.924E-6	-4.857E-6
21.898	3.901E-6	-5.063E-6
21.998	3.901E-6	-5.095E-6
22.098	4.192E-6	-5.311E-6
22.198	4.485E-6	-4.979E-6
22.298	4.528E-6	-4.938E-6
22.398	4.650E-6	-5.073E-6
22.498	4.671E-6	-5.156E-6
22.598	4.432E-6	-5.229E-6
22.698	4.604E-6	-5.068E-6
22.798	4.684E-6	-5.205E-6
22.898	5.124E-6	-5.256E-6
22.998	5.329E-6	-5.213E-6
23.098	5.286E-6	-5.083E-6
23.198	5.249E-6	-4.828E-6
23.298	5.290E-6	-4.838E-6
23.398	4.980E-6	-5.191E-6
23.498	4.734E-6	-5.340E-6
23.598	4.705E-6	-5.290E-6
23.698	4.511E-6	-5.134E-6
23.798	4.537E-6	-5.018E-6
23.898	4.532E-6	-4.992E-6
23.998	4.843E-6	-5.192E-6
24.098	4.564E-6	-5.025E-6
24.198	4.355E-6	-4.929E-6
24.298	4.456E-6	-5.074E-6
24.398	4.876E-6	-4.901E-6
24.498	4.938E-6	-4.848E-6
24.598	5.018E-6	-4.676E-6
24.698	5.249E-6	-4.597E-6
24.798	5.285E-6	-4.582E-6
24.898	5.182E-6	-4.319E-6
24.998	5.105E-6	-3.965E-6
25.097	4.963E-6	-4.061E-6
25.197	4.379E-6	-4.163E-6
25.297	4.042E-6	-4.616E-6
25.397	3.770E-6	-4.705E-6
25.497	4.138E-6	-4.692E-6
25.597	4.149E-6	-4.984E-6
25.697	4.171E-6	-5.237E-6
25.797	3.893E-6	-5.091E-6
25.897	4.153E-6	-5.093E-6
25.997	4.262E-6	-4.745E-6
26.097	4.183E-6	-4.996E-6
26.197	4.277E-6	-5.108E-6
26.297	4.312E-6	-5.197E-6
26.397	4.415E-6	-5.125E-6
26.497	4.824E-6	-5.316E-6
26.597	4.631E-6	-5.235E-6
26.697	4.450E-6	-5.271E-6
26.797	4.496E-6	-4.976E-6
26.897	4.736E-6	-4.813E-6
26.997	4.532E-6	-4.739E-6
27.097	4.602E-6	-4.564E-6
27.197	4.375E-6	-4.474E-6
27.297	4.644E-6	-4.588E-6
27.397	4.732E-6	-4.743E-6
27.497	4.664E-6	-4.854E-6
27.597	4.565E-6	-5.254E-6
27.697	4.678E-6	-5.463E-6
27.797	4.689E-6	-5.498E-6
27.897	4.796E-6	-5.334E-6
27.997	4.657E-6	-5.053E-6
28.097	4.599E-6	-4.999E-6
28.197	4.406E-6	-4.953E-6
28.297	4.312E-6	-5.108E-6
28.397	4.258E-6	-4.819E-6
28.497	4.772E-6	-4.487E-6
28.597	5.007E-6	-4.813E-6
28.697	5.048E-6	-4.586E-6
28.797	5.060E-6	-4.455E-6
28.897	4.881E-6	-4.856E-6
28.997	4.656E-6	-4.942E-6
29.097	4.651E-6	-5.070E-6
29.197	4.805E-6	-5.171E-6
29.297	4.799E-6	-5.065E-6
29.397	4.400E-6	-5.664E-6
29.497	4.621E-6	-5.957E-6
29.597	4.531E-6	-5.649E-6
29.697	4.377E-6	-5.849E-6
29.797	4.544E-6	-6.097E-6
29.897	4.544E-6	-6.304E-6
29.997	4.193E-6	-6.525E-6
30.097	4.086E-6	-6.400E-6
30.197	4.205E-6	-6.209E-6
30.297	4.002E-6	-6.102E-6
30.397	3.761E-6	-6.062E-6
30.497	4.005E-6	-5.763E-6
30.597	3.859E-6	-5.630E-6
30.697	3.839E-6	-5.788E-6
30.797	3.804E-6	-5.821E-6
30.897	3.938E-6	-5.855E-6
30.997	4.040E-6	-5.865E-6
31.097	4.106E-6	-5.920E-6
31.197	4.499E-6	-5.763E-6
31.297	4.678E-6	-5.699E-6
31.397	4.777E-6	-5.722E-6
31.497	4.642E-6	-5.489E-6
31.597	4.543E-6	-5.212E-6
31.697	4.973E-6	-5.470E-6
31.797	4.912E-6	-5.477E-6
31.897	4.887E-6	-5.502E-6
31.997	4.782E-6	-5.489E-6
32.097	4.795E-6	-5.536E-6
32.197	4.628E-6	-5.649E-6
32.297	4.228E-6	-5.883E-6
32.397	3.793E-6	-5.672E-6
32.497	3.647E-6	-5.475E-6
32.597	3.552E-6	-5.828E-6
32.697	3.570E-6	-6.140E-6
32.797	3.849E-6	-6.352E-6
32.897	3.516E-6	-6.482E-6
32.997	3.638E-6	-6.747E-6
33.097	4.033E-6	-6.946E-6
33.197	4.487E-6	-7.110E-6
33.297	4.274E-6	-7.221E-6
33.397	4.411E-6	-7.294E-6
33.497	4.524E-6	-7.308E-6
33.597	4.171E-6	-6.985E-6
33.697	3.854E-6	-6.624E-6
33.797	3.877E-6	-6.748E-6
33.897	3.997E-6	-6.714E-6
33.997	4.030E-6	-6.602E-6
34.097	3.970E-6	-6.742E-6
34.197	3.724E-6	-6.710E-6
34.297	3.632E-6	-6.836E-6
34.397	2.893E-6	-7.208E-6
34.497	3.122E-6	-7.021E-6
34.597	3.524E-6	-7.288E-6
34.697	3.662E-6	-7.190E-6
34.797	3.418E-6	-6.947E-6
34.897	3.431E-6	-6.852E-6
34.997	3.734E-6	-6.479E-6
35.096	3.759E-6	-6.303E-6
35.196	3.613E-6	-6.371E-6
35.296	3.800E-6	-6.475E-6
35.396	3.793E-6	-6.460E-6
35.496	3.644E-6	-6.220E-6
35.596	3.875E-6	-6.133E-6
35.696	3.515E-6	-6.337E-6
35.796	3.383E-6	-6.134E-6
35.896	3.780E-6	-6.038E-6
35.996	4.319E-6	-5.995E-6
36.096	4.313E-6	-5.706E-6
36.196	4.112E-6	-5.318E-6
36.296	4.574E-6	-5.252E-6
36.396	4.901E-6	-5.448E-6
36.496	4.965E-6	-5.947E-6
36.596	4.812E-6	-6.163E-6
36.696	5.087E-6	-5.617E-6
36.796	5.020E-6	-5.463E-6
36.896	4.969E-6	-5.757E-6
36.996	5.129E-6	-5.672E-6
37.096	5.172E-6	-5.343E-6
37.196	5.390E-6	-5.138E-6
37.296	5.417E-6	-5.115E-6
37.396	5.425E-6	-5.053E-6
37.496	5.298E-6	-5.023E-6
37.596	5.622E-6	-5.445E-6
37.696	5.787E-6	-5.732E-6
37.796	5.555E-6	-6.025E-6
37.896	5.209E-6	-6.257E-6
37.996	5.261E-6	-6.090E-6
38.096	5.204E-6	-6.347E-6
38.196	4.662E-6	-6.111E-6
38.296	4.798E-6	-5.538E-6
38.396	4.881E-6	-5.342E-6
38.496	4.452E-6	-4.947E-6
38.596	4.362E-6	-4.817E-6
38.696	4.421E-6	-4.694E-6
38.796	4.197E-6	-4.842E-6
38.896	4.107E-6	-4.828E-6
38.996	4.143E-6	-4.813E-6
39.096	4.255E-6	-4.901E-6
39.196	4.637E-6	-4.851E-6
39.296	4.638E-6	-4.916E-6
39.396	4.527E-6	-4.981E-6
39.496	4.733E-6	-4.853E-6
39.596	4.538E-6	-4.967E-6
39.696	4.892E-6	-4.961E-6
39.796	5.016E-6	-4.724E-6
39.896	5.047E-6	-4.650E-6
39.996	5.290E-6	-4.754E-6
40.096	5.370E-6	-4.928E-6
40.196	5.399E-6	-4.957E-6
40.296	5.531E-6	-4.613E-6
40.396	5.971E-6	-4.944E-6
40.496	6.137E-6	-5.166E-6
40.596	5.987E-6	-5.229E-6
40.696	6.145E-6	-5.413E-6
40.796	6.368E-6	-5.594E-6
40.896	6.137E-6	-5.827E-6
40.996	5.881E-6	-6.139E-6
41.096	5.769E-6	-6.314E-6
41.196	6.339E-6	-6.701E-6
41.296	6.379E-6	-6.732E-6
41.396	6.571E-6	-6.442E-6
41.496	6.386E-6	-6.521E-6
41.596	6.286E-6	-6.256E-6
41.696	6.281E-6	-5.986E-6
41.796	6.055E-6	-6.082E-6
41.896	6.296E-6	-6.072E-6
41.996	6.637E-6	-6.217E-6
42.096	7.328E-6	-6.364E-6
42.196	7.616E-6	-6.301E-6
42.296	7.860E-6	-6.242E-6
42.396	8.031E-6	-6.334E-6
42.496	8.080E-6	-6.486E-6
42.596	8.043E-6	-6.568E-6
42.696	8.188E-6	-6.657E-6
42.796	8.089E-6	-6.650E-6
42.896	7.886E-6	-6.862E-6
42.996	7.822E-6	-6.971E-6
43.096	7.629E-6	-6.695E-6
43.196	7.899E-6	-6.506E-6
43.296	7.945E-6	-6.355E-6
43.396	7.940E-6	-6.231E-6
43.496	8.060E-6	-6.335E-6
43.596	8.004E-6	-6.327E-6
43.696	8.300E-6	-6.458E-6
43.796	8.216E-6	-6.247E-6
43.896	8.402E-6	-6.354E-6
43.996	8.550E-6	-6.791E-6
44.096	8.482E-6	-7.247E-6
44.196	8.442E-6	-7.352E-6
44.296	8.492E-6	-7.452E-6
44.396	8.488E-6	-7.502E-6
44.496	8.586E-6	-7.237E-6
44.596	8.405E-6	-7.076E-6
44.696	8.401E-6	-7.213E-6
44.796	8.307E-6	-6.748E-6
44.896	8.173E-6	-6.477E-6
44.996	8.151E-6	-6.079E-6
45.095	7.961E-6	-6.349E-6
45.195	7.722E-6	-6.108E-6
45.295	7.683E-6	-6.339E-6
45.395	7.689E-6	-6.282E-6
45.495	7.318E-6	-5.749E-6
45.595	7.221E-6	-5.728E-6
45.695	7.543E-6	-5.703E-6
45.795	7.500E-6	-5.930E-6
45.895	7.644E-6	-5.944E-6
45.995	7.675E-6	-6.000E-6
46.095	7.830E-6	-6.119E-6
46.195	7.802E-6	-6.227E-6
46.295	7.791E-6	-6.351E-6
46.395	7.761E-6	-6.239E-6
46.495	7.790E-6	-6.174E-6
46.595	7.974E-6	-6.022E-6
46.695	7.821E-6	-6.179E-6
46.795	7.724E-6	-6.140E-6
46.895	7.533E-6	-5.699E-6
46.995	7.897E-6	-5.703E-6
47.095	7.677E-6	-5.688E-6
47.195	7.547E-6	-5.420E-6
47.295	7.512E-6	-5.562E-6
47.395	7.404E-6	-5.751E-6
47.495	7.320E-6	-5.853E-6
47.595	7.021E-6	-5.996E-6
47.695	7.215E-6	-5.964E-6
47.795	7.355E-6	-5.724E-6
47.895	6.962E-6	-5.722E-6
47.995	6.714E-6	-6.076E-6
48.095	6.785E-6	-6.288E-6
48.195	6.714E-6	-6.536E-6
48.295	6.714E-6	-6.501E-6
48.395	6.510E-6	-6.446E-6
48.495	6.705E-6	-6.519E-6
48.595	6.733E-6	-6.486E-6
48.695	6.776E-6	-6.389E-6
48.795	6.664E-6	-6.451E-6
48.895	6.944E-6	-6.576E-6
48.995	7.224E-6	-6.655E-6
49.095	7.310E-6	-6.531E-6
49.195	7.242E-6	-6.620E-6
49.295	7.060E-6	-6.505E-6
49.395	6.987E-6	-6.148E-6
49.495	6.980E-6	-6.366E-6
49.595	7.012E-6	-6.309E-6
49.695	7.072E-6	-6.081E-6
49.795	7.186E-6	-5.862E-6
49.895	7.287E-6	-5.631E-6
49.995	7.183E-6	-5.391E-6
50.095	7.515E-6	-5.585E-6
50.195	7.561E-6	-5.522E-6
50.295	7.741E-6	-5.111E-6
50.395	7.983E-6	-4.897E-6
50.495	7.878E-6	-4.989E-6
50.595	7.808E-6	-4.825E-6
50.695	8.201E-6	-5.257E-6
50.795	8.109E-6	-5.402E-6
50.895	7.807E-6	-5.098E-6
50.995	7.933E-6	-5.262E-6
51.095	8.083E-6	-5.122E-6
51.195	8.103E-6	-4.883E-6
51.295	8.374E-6	-4.868E-6
51.395	8.652E-6	-4.806E-6
51.495	8.611E-6	-5.480E-6
51.595	8.469E-6	-5.681E-6
51.695	8.452E-6	-5.949E-6
51.795	8.744E-6	-5.890E-6
51.895	8.674E-6	-6.213E-6
51.995	8.617E-6	-6.496E-6
52.095	8.319E-6	-6.469E-6
52.195	8.516E-6	-6.613E-6
52.295	8.512E-6	-6.550E-6
52.395	8.315E-6	-6.255E-6
52.495	8.328E-6	-6.510E-6
52.595	8.309E-6	-6.382E-6
52.695	8.589E-6	-6.378E-6
52.795	8.649E-6	-6.392E-6
52.895	8.458E-6	-6.501E-6
52.995	8.179E-6	-6.492E-6
53.095	8.605E-6	-6.378E-6
53.195	8.413E-6	-6.253E-6
53.295	8.377E-6	-6.288E-6
53.395	8.413E-6	-6.147E-6
53.495	8.363E-6	-5.977E-6
53.595	8.230E-6	-6.001E-6
53.695	7.917E-6	-6.076E-6
53.795	7.528E-6	-6.501E-6
53.895	7.280E-6	-6.430E-6
53.995	7.564E-6	-6.288E-6
54.095	8.413E-6	-7.067E-6
54.195	8.165E-6	-6.501E-6
54.295	8.130E-6	-6.395E-6
54.395	7.634E-6	-6.324E-6
54.495	7.564E-6	-6.678E-6
54.595	7.882E-6	-6.748E-6
54.695	7.811E-6	-6.925E-6
54.795	7.988E-6	-6.713E-6
54.895	7.882E-6	-6.996E-6
54.995	7.988E-6	-7.138E-6
55.094	7.776E-6	-6.713E-6
55.194	7.953E-6	-6.465E-6
55.294	7.847E-6	-6.324E-6
55.394	7.847E-6	-6.324E-6
55.494	7.705E-6	-5.864E-6
55.594	7.705E-6	-5.864E-6
55.694	7.528E-6	-5.828E-6
55.794	7.528E-6	-5.722E-6
55.894	7.705E-6	-5.793E-6
55.994	7.351E-6	-5.121E-6
56.094	7.740E-6	-5.510E-6
56.194	7.033E-6	-5.156E-6
56.294	7.316E-6	-5.368E-6
56.394	7.210E-6	-5.121E-6
56.494	6.785E-6	-5.828E-6
56.594	6.820E-6	-5.616E-6
56.694	6.360E-6	-5.651E-6
56.794	6.502E-6	-5.262E-6
56.894	6.927E-6	-5.651E-6
56.994	6.927E-6	-5.970E-6
57.094	6.962E-6	-6.395E-6
57.194	6.997E-6	-6.182E-6
57.294	7.210E-6	-5.899E-6
57.394	7.104E-6	-5.616E-6
57.494	7.387E-6	-5.651E-6
57.594	7.493E-6	-5.722E-6
57.694	7.599E-6	-5.510E-6
57.794	7.988E-6	-5.828E-6
57.894	7.953E-6	-5.545E-6
57.994	7.599E-6	-5.687E-6
58.094	7.670E-6	-5.545E-6
58.194	7.705E-6	-5.368E-6
58.294	7.847E-6	-5.616E-6
58.394	8.200E-6	-5.722E-6
58.494	8.731E-6	-6.111E-6
58.594	8.625E-6	-6.536E-6
58.694	8.165E-6	-6.395E-6
58.794	8.307E-6	-5.935E-6
58.894	8.590E-6	-6.147E-6
58.994	8.448E-6	-6.218E-6
59.094	8.271E-6	-6.819E-6
59.194	8.554E-6	-7.102E-6
59.294	9.191E-6	-6.961E-6
59.394	9.474E-6	-6.855E-6
59.494	9.191E-6	-7.633E-6
59.594	9.156E-6	-6.996E-6
59.694	9.333E-6	-7.102E-6
59.794	9.722E-6	-6.961E-6
59.894	9.439E-6	-6.571E-6
59.994	8.908E-6	-6.324E-6
60.094	8.979E-6	-6.395E-6
60.194	9.050E-6	-6.218E-6
60.294	9.227E-6	-6.005E-6
60.394	9.474E-6	-6.324E-6
60.494	9.120E-6	-6.288E-6
60.594	9.050E-6	-6.607E-6
60.694	8.938E-6	-6.693E-6
60.794	8.553E-6	-6.791E-6
60.894	8.658E-6	-6.708E-6
60.994	8.682E-6	-6.479E-6
61.094	8.875E-6	-6.684E-6
61.194	9.418E-6	-7.004E-6
61.294	9.407E-6	-7.212E-6
61.394	9.388E-6	-7.332E-6
61.494	9.356E-6	-7.069E-6
61.594	9.275E-6	-6.866E-6
61.694	9.174E-6	-6.590E-6
61.794	9.003E-6	-6.314E-6
61.894	9.058E-6	-6.244E-6
61.994	9.331E-6	-5.964E-6
62.094	9.635E-6	-5.716E-6
62.194	9.329E-6	-5.368E-6
62.294	9.024E-6	-5.214E-6
62.394	9.040E-6	-5.356E-6
62.494	8.922E-6	-5.698E-6
62.594	9.037E-6	-5.858E-6
62.694	8.882E-6	-5.895E-6
62.794	8.901E-6	-5.875E-6
62.894	8.764E-6	-5.857E-6
62.994	8.806E-6	-5.853E-6
63.094	8.792E-6	-5.967E-6
63.194	9.011E-6	-6.311E-6
63.294	9.085E-6	-6.521E-6
63.394	9.007E-6	-6.472E-6
63.494	8.998E-6	-6.093E-6
63.594	8.896E-6	-5.934E-6
63.694	9.219E-6	-5.960E-6
63.794	9.587E-6	-6.099E-6
63.894	1.002E-5	-6.131E-6
63.994	9.699E-6	-5.839E-6
64.094	9.735E-6	-5.768E-6
64.194	9.319E-6	-5.637E-6
64.294	9.263E-6	-5.600E-6
64.394	9.368E-6	-5.559E-6
64.494	9.494E-6	-5.426E-6
64.594	9.549E-6	-5.502E-6
64.694	9.562E-6	-5.343E-6
64.794	9.547E-6	-4.953E-6
64.894	9.585E-6	-4.771E-6
64.994	9.338E-6	-4.579E-6
65.093	9.672E-6	-4.475E-6
65.193	9.545E-6	-4.696E-6
65.293	1.036E-5	-5.191E-6
65.393	1.078E-5	-5.262E-6
65.493	1.101E-5	-5.089E-6
65.593	1.098E-5	-5.384E-6
65.693	1.090E-5	-5.118E-6
65.793	1.063E-5	-5.188E-6
65.893	1.068E-5	-5.104E-6
65.993	1.081E-5	-5.119E-6
66.093	1.097E-5	-5.163E-6
66.193	1.106E-5	-5.081E-6
66.293	1.106E-5	-5.203E-6
66.393	1.095E-5	-5.126E-6
66.493	1.073E-5	-5.215E-6
66.593	1.068E-5	-5.244E-6
66.693	1.075E-5	-5.101E-6
66.793	1.089E-5	-5.113E-6
66.893	1.120E-5	-5.366E-6
66.993	1.125E-5	-5.395E-6
67.093	1.120E-5	-5.604E-6
67.193	1.095E-5	-5.626E-6
67.293	1.098E-5	-5.742E-6
67.393	1.111E-5	-6.073E-6
67.493	1.120E-5	-6.229E-6
67.593	1.121E-5	-6.271E-6
67.693	1.119E-5	-6.336E-6
67.793	1.121E-5	-6.252E-6
67.893	1.099E-5	-5.958E-6
67.993	1.073E-5	-5.686E-6
68.093	1.087E-5	-5.584E-6
68.193	1.081E-5	-5.464E-6
68.293	1.066E-5	-5.617E-6
68.393	1.083E-5	-5.419E-6
68.493	1.058E-5	-5.294E-6
68.593	1.054E-5	-5.105E-6
68.693	1.040E-5	-5.088E-6
68.793	1.030E-5	-5.248E-6
68.893	1.027E-5	-4.990E-6
68.993	1.018E-5	-4.800E-6
69.093	1.007E-5	-4.825E-6
69.193	1.027E-5	-5.078E-6
69.293	1.029E-5	-5.309E-6
69.393	1.007E-5	-5.348E-6
69.493	1.046E-5	-4.878E-6
69.593	1.048E-5	-4.576E-6
69.693	1.034E-5	-4.492E-6
69.793	1.063E-5	-4.519E-6
69.893	1.070E-5	-4.556E-6
69.993	1.021E-5	-4.701E-6
70.093	1.018E-5	-5.022E-6
70.193	1.021E-5	-5.373E-6
70.293	1.021E-5	-5.218E-6
70.393	1.032E-5	-5.389E-6
70.493	1.041E-5	-5.595E-6
70.593	1.067E-5	-5.497E-6
70.693	1.056E-5	-5.674E-6
70.793	1.035E-5	-5.753E-6
70.893	1.033E-5	-5.650E-6
70.993	1.021E-5	-5.580E-6
71.093	9.828E-6	-5.589E-6
71.193	9.544E-6	-5.975E-6
71.293	9.203E-6	-5.934E-6
71.393	8.826E-6	-6.589E-6
71.493	8.911E-6	-7.090E-6
71.593	8.952E-6	-7.138E-6
71.693	8.738E-6	-7.100E-6
71.793	8.996E-6	-7.408E-6
71.893	9.297E-6	-7.605E-6
71.993	9.254E-6	-7.651E-6
72.093	9.025E-6	-7.678E-6
72.193	8.878E-6	-7.369E-6
72.293	8.791E-6	-7.140E-6
72.393	8.718E-6	-6.976E-6
72.493	8.268E-6	-7.118E-6
72.593	7.905E-6	-7.342E-6
72.693	7.910E-6	-7.161E-6
72.793	8.026E-6	-7.101E-6
72.893	8.049E-6	-7.245E-6
72.993	8.270E-6	-7.315E-6
73.093	8.802E-6	-7.598E-6
73.193	8.789E-6	-7.234E-6
73.293	8.518E-6	-7.412E-6
73.393	7.811E-6	-7.073E-6
73.493	7.634E-6	-6.826E-6
73.593	7.959E-6	-6.875E-6
73.693	7.939E-6	-6.902E-6
73.793	7.661E-6	-6.661E-6
73.893	7.299E-6	-6.723E-6
73.993	7.762E-6	-6.999E-6
74.093	7.911E-6	-7.267E-6
74.193	7.816E-6	-7.056E-6
74.293	7.642E-6	-7.102E-6
74.393	7.741E-6	-6.806E-6
74.493	7.528E-6	-6.465E-6
74.593	7.316E-6	-6.147E-6
74.693	7.528E-6	-6.607E-6
74.793	7.509E-6	-6.924E-6
74.893	7.798E-6	-7.139E-6
74.993	7.816E-6	-7.270E-6
75.092	7.768E-6	-7.040E-6
75.192	7.768E-6	-6.759E-6
75.292	7.885E-6	-6.869E-6
75.392	8.011E-6	-7.266E-6
75.492	7.986E-6	-7.563E-6
75.592	7.890E-6	-7.631E-6
75.692	7.933E-6	-7.677E-6
75.792	7.927E-6	-7.630E-6
75.892	8.401E-6	-7.904E-6
75.992	8.493E-6	-7.922E-6
76.092	8.551E-6	-7.868E-6
76.192	8.770E-6	-7.489E-6
76.292	8.971E-6	-6.989E-6
76.392	8.767E-6	-6.961E-6
76.492	8.696E-6	-6.536E-6
76.592	8.422E-6	-6.553E-6
76.692	8.519E-6	-6.890E-6
76.792	8.672E-6	-7.291E-6
76.892	9.030E-6	-7.376E-6
76.992	8.878E-6	-7.157E-6
77.092	8.984E-6	-6.962E-6
77.192	8.562E-6	-7.246E-6
77.292	8.025E-6	-7.016E-6
77.392	8.215E-6	-6.854E-6
77.492	8.018E-6	-7.016E-6
77.592	7.796E-6	-6.870E-6
77.692	7.726E-6	-6.889E-6
77.792	7.831E-6	-6.475E-6
77.892	7.780E-6	-6.446E-6
77.992	7.508E-6	-6.357E-6
78.092	6.997E-6	-6.111E-6
78.192	7.670E-6	-6.005E-6
78.292	7.811E-6	-5.935E-6
78.392	7.740E-6	-5.616E-6
78.492	7.538E-6	-5.418E-6
78.592	7.314E-6	-5.397E-6
78.692	7.335E-6	-5.401E-6
78.792	7.649E-6	-5.203E-6
78.892	7.306E-6	-5.001E-6
78.992	7.021E-6	-4.952E-6
79.092	7.084E-6	-5.308E-6
79.192	7.350E-6	-5.318E-6
79.292	7.493E-6	-5.245E-6
79.392	7.610E-6	-4.991E-6
79.492	7.506E-6	-4.740E-6
79.592	7.608E-6	-5.024E-6
79.692	7.828E-6	-5.194E-6
79.792	7.787E-6	-5.456E-6
79.892	7.687E-6	-5.737E-6
79.992	7.573E-6	-5.989E-6
80.092	7.614E-6	-5.986E-6
80.192	7.976E-6	-6.063E-6
80.292	7.955E-6	-5.902E-6
80.392	7.625E-6	-6.001E-6
80.492	7.553E-6	-6.010E-6
80.592	7.411E-6	-6.004E-6
80.692	7.055E-6	-6.202E-6
80.792	6.767E-6	-6.123E-6
80.892	6.832E-6	-6.168E-6
80.992	6.932E-6	-6.467E-6
81.092	6.888E-6	-6.484E-6
81.192	6.855E-6	-6.636E-6
81.292	6.636E-6	-6.767E-6
81.392	6.668E-6	-6.717E-6
81.492	6.721E-6	-6.781E-6
81.592	6.754E-6	-6.732E-6
81.692	6.739E-6	-6.717E-6
81.792	6.474E-6	-6.688E-6
81.892	6.590E-6	-6.753E-6
81.992	6.423E-6	-6.865E-6
82.092	6.467E-6	-7.421E-6
82.192	6.739E-6	-7.832E-6
82.292	6.742E-6	-7.682E-6
82.392	6.964E-6	-7.640E-6
82.492	7.227E-6	-7.784E-6
82.592	7.280E-6	-7.903E-6
82.692	7.280E-6	-7.884E-6
82.792	7.059E-6	-7.784E-6
82.892	6.998E-6	-7.848E-6
82.992	6.932E-6	-7.912E-6
83.092	7.089E-6	-7.878E-6
83.192	6.997E-6	-7.880E-6
83.292	7.230E-6	-7.845E-6
83.392	7.216E-6	-7.612E-6
83.492	7.126E-6	-7.876E-6
83.592	7.029E-6	-7.883E-6
83.692	6.942E-6	-7.948E-6
83.792	6.776E-6	-8.097E-6
83.892	6.898E-6	-8.736E-6
83.992	6.840E-6	-8.780E-6
84.092	6.546E-6	-9.004E-6
84.192	6.471E-6	-9.133E-6
84.292	6.636E-6	-8.862E-6
84.392	6.622E-6	-8.782E-6
84.492	6.363E-6	-8.296E-6
84.592	6.490E-6	-8.208E-6
84.692	6.584E-6	-8.131E-6
84.792	6.437E-6	-8.375E-6
84.892	6.601E-6	-8.533E-6
84.992	6.692E-6	-8.650E-6
85.091	6.733E-6	-8.882E-6
85.191	7.072E-6	-8.590E-6
85.291	7.143E-6	-8.687E-6
85.391	7.232E-6	-8.657E-6
85.491	7.210E-6	-8.235E-6
85.591	7.469E-6	-8.045E-6
85.691	7.646E-6	-7.702E-6
85.791	7.602E-6	-7.587E-6
85.891	7.490E-6	-7.267E-6
85.991	7.318E-6	-7.442E-6
86.091	7.337E-6	-7.300E-6
86.191	7.277E-6	-7.105E-6
86.291	7.497E-6	-7.245E-6
86.391	7.908E-6	-7.370E-6
86.491	7.648E-6	-7.166E-6
86.591	7.589E-6	-7.182E-6
86.691	7.431E-6	-6.836E-6
86.791	7.452E-6	-6.463E-6
86.891	7.575E-6	-6.513E-6
86.991	7.475E-6	-6.356E-6
87.091	7.570E-6	-6.246E-6
87.191	8.254E-6	-6.361E-6
87.291	8.514E-6	-6.123E-6
87.391	8.726E-6	-6.232E-6
87.491	8.801E-6	-6.628E-6
87.591	8.993E-6	-6.567E-6
87.691	9.414E-6	-6.349E-6
87.791	9.493E-6	-6.403E-6
87.891	9.359E-6	-6.577E-6
87.991	9.509E-6	-6.828E-6
88.091	9.693E-6	-6.671E-6
88.191	9.628E-6	-6.363E-6
88.291	9.783E-6	-6.347E-6
88.391	9.928E-6	-6.352E-6
88.491	9.503E-6	-6.473E-6
88.591	9.418E-6	-6.424E-6
88.691	9.255E-6	-6.687E-6
88.791	8.758E-6	-6.690E-6
88.891	8.598E-6	-6.638E-6
88.991	8.571E-6	-6.793E-6
89.091	8.360E-6	-7.164E-6
89.191	8.529E-6	-7.353E-6
89.291	8.382E-6	-7.407E-6
89.391	8.010E-6	-7.161E-6
89.491	8.128E-6	-6.925E-6
89.591	8.373E-6	-6.443E-6
89.691	8.397E-6	-6.667E-6
89.791	8.592E-6	-6.494E-6
89.891	8.754E-6	-6.083E-6
89.991	8.556E-6	-6.021E-6
90.091	8.664E-6	-6.156E-6
90.191	8.882E-6	-6.028E-6
90.291	8.887E-6	-5.867E-6
90.391	8.923E-6	-5.429E-6
90.491	8.755E-6	-5.105E-6
90.591	8.925E-6	-4.863E-6
90.691	9.017E-6	-4.593E-6
90.791	9.024E-6	-4.500E-6
90.891	9.105E-6	-4.729E-6
90.991	8.840E-6	-4.505E-6
91.091	8.745E-6	-4.335E-6
91.191	8.593E-6	-4.179E-6
91.291	8.270E-6	-4.146E-6
91.391	8.206E-6	-4.033E-6
91.491	8.411E-6	-3.802E-6
91.591	9.006E-6	-4.084E-6
91.691	9.095E-6	-3.848E-6
91.791	9.060E-6	-4.070E-6
91.891	8.740E-6	-3.889E-6
91.991	8.407E-6	-3.871E-6
92.091	8.771E-6	-4.220E-6
92.191	9.040E-6	-4.164E-6
92.291	8.843E-6	-4.167E-6
92.391	8.613E-6	-4.004E-6
92.491	8.568E-6	-4.003E-6
92.591	8.635E-6	-3.668E-6
92.691	8.580E-6	-3.638E-6
92.791	8.382E-6	-3.859E-6
92.891	8.379E-6	-3.968E-6
92.991	8.360E-6	-4.108E-6
93.091	8.596E-6	-3.953E-6
93.191	8.389E-6	-4.164E-6
93.291	8.389E-6	-4.588E-6
93.391	8.331E-6	-5.091E-6
93.491	8.365E-6	-5.206E-6
93.591	8.547E-6	-5.259E-6
93.691	8.432E-6	-5.609E-6
93.791	8.548E-6	-5.341E-6
93.891	8.720E-6	-5.149E-6
93.991	8.649E-6	-5.371E-6
94.091	8.469E-6	-5.088E-6
94.191	8.381E-6	-4.722E-6
94.291	8.484E-6	-4.343E-6
94.391	8.362E-6	-3.876E-6
94.491	8.085E-6	-3.614E-6
94.591	8.059E-6	-3.359E-6
94.691	8.487E-6	-3.393E-6
94.791	8.774E-6	-3.570E-6
94.891	8.837E-6	-3.694E-6
94.991	8.868E-6	-3.740E-6
95.090	9.095E-6	-3.757E-6
95.190	9.208E-6	-4.015E-6
95.290	9.076E-6	-3.898E-6
95.390	9.146E-6	-3.844E-6
95.490	8.971E-6	-3.852E-6
95.590	9.187E-6	-3.763E-6
95.690	9.384E-6	-3.600E-6
95.790	9.407E-6	-3.610E-6
95.890	9.694E-6	-3.844E-6
95.990	9.803E-6	-4.016E-6
96.090	9.628E-6	-3.924E-6
96.190	9.346E-6	-3.817E-6
96.290	9.386E-6	-3.282E-6
96.390	9.265E-6	-3.361E-6
96.490	9.207E-6	-3.329E-6
96.590	9.144E-6	-3.483E-6
96.690	9.118E-6	-3.369E-6
96.790	9.212E-6	-3.264E-6
96.890	9.353E-6	-3.502E-6
96.990	9.590E-6	-3.420E-6
97.090	9.614E-6	-3.764E-6
97.190	9.537E-6	-3.941E-6
97.290	9.525E-6	-3.842E-6
97.390	9.476E-6	-3.555E-6
97.490	9.720E-6	-3.429E-6
97.590	9.740E-6	-3.303E-6
97.690	9.651E-6	-3.000E-6
97.790	9.293E-6	-2.675E-6
97.890	9.142E-6	-2.735E-6
97.990	8.999E-6	-2.570E-6
98.090	8.938E-6	-2.629E-6
98.190	8.630E-6	-2.578E-6
98.290	8.879E-6	-2.649E-6
98.390	9.136E-6	-2.295E-6
98.490	9.146E-6	-2.098E-6
98.590	9.133E-6	-1.834E-6
98.690	9.033E-6	-2.142E-6
98.790	9.393E-6	-2.303E-6
98.890	9.381E-6	-2.293E-6
98.990	9.049E-6	-2.085E-6
99.090	9.171E-6	-2.119E-6
99.190	9.189E-6	-1.960E-6
99.290	8.893E-6	-1.979E-6
99.390	8.725E-6	-1.789E-6
99.490	8.662E-6	-1.519E-6
99.590	8.703E-6	-1.566E-6
99.690	8.526E-6	-1.645E-6
99.790	8.487E-6	-1.667E-6
99.890	8.479E-6	-1.870E-6
99.990	8.396E-6	-2.211E-6
100.090	8.516E-6	-2.436E-6
100.190	8.587E-6	-2.319E-6
100.290	8.594E-6	-1.859E-6
100.390	8.866E-6	-1.902E-6
100.490	8.881E-6	-1.515E-6
100.590	8.828E-6	-1.452E-6
100.690	8.391E-6	-1.479E-6
100.790	8.419E-6	-1.597E-6
100.890	8.659E-6	-1.792E-6
100.990	8.729E-6	-1.965E-6
101.090	8.767E-6	-1.873E-6
101.190	8.851E-6	-1.870E-6
101.290	8.627E-6	-1.840E-6
101.390	8.302E-6	-1.828E-6
101.490	8.248E-6	-2.126E-6
101.590	8.038E-6	-1.958E-6
101.690	7.860E-6	-1.888E-6
101.790	7.790E-6	-1.925E-6
101.890	8.135E-6	-1.664E-6
101.990	8.508E-6	-1.610E-6
102.090	8.656E-6	-1.694E-6
102.190	8.520E-6	-1.931E-6
102.290	8.403E-6	-1.736E-6
102.390	8.384E-6	-1.680E-6
102.490	8.235E-6	-1.930E-6
102.590	8.069E-6	-2.035E-6
102.690	7.935E-6	-2.282E-6
102.790	7.760E-6	-2.577E-6
102.890	7.471E-6	-2.695E-6
102.990	7.508E-6	-2.649E-6
103.090	7.505E-6	-2.865E-6
103.190	7.630E-6	-3.207E-6
103.290	7.235E-6	-3.557E-6
103.390	7.201E-6	-3.984E-6
103.490	7.732E-6	-3.866E-6
103.590	7.736E-6	-3.859E-6
103.690	7.845E-6	-3.791E-6
103.790	7.976E-6	-3.763E-6
103.890	8.258E-6	-4.303E-6
103.990	8.678E-6	-4.331E-6
104.090	8.220E-6	-4.083E-6
104.190	8.160E-6	-4.450E-6
104.290	8.189E-6	-4.392E-6
104.390	7.780E-6	-4.487E-6
104.490	7.494E-6	-4.255E-6
104.590	7.542E-6	-4.186E-6
104.690	7.529E-6	-4.298E-6
104.790	7.570E-6	-4.094E-6
104.890	7.742E-6	-3.407E-6
104.990	8.258E-6	-2.346E-6
105.089	8.844E-6	-2.343E-6
105.189	9.029E-6	-2.549E-6
105.289	9.312E-6	-2.257E-6
105.389	9.065E-6	-2.435E-6
105.489	9.001E-6	-2.445E-6
105.589	9.140E-6	-2.561E-6
105.689	9.103E-6	-2.520E-6
105.789	8.834E-6	-2.163E-6
105.889	9.008E-6	-1.999E-6
105.989	9.314E-6	-1.707E-6
106.089	1.018E-5	-1.320E-6
106.189	1.014E-5	-1.306E-6
106.289	1.024E-5	-1.047E-6
106.389	1.052E-5	-8.452E-7
106.489	1.093E-5	-5.631E-7
106.589	1.124E-5	-3.986E-7
106.689	1.140E-5	-5.459E-7
106.789	1.156E-5	-9.772E-7
106.889	1.179E-5	-1.487E-6
106.989	1.204E-5	-1.546E-6
107.089	1.183E-5	-1.265E-6
107.189	1.174E-5	-1.002E-6
107.289	1.207E-5	-7.373E-7
107.389	1.220E-5	-8.660E-7
107.489	1.242E-5	-8.221E-7
107.589	1.254E-5	-7.071E-7
107.689	1.267E-5	-6.295E-7
107.789	1.237E-5	-8.469E-7
107.889	1.223E-5	-7.562E-7
107.989	1.204E-5	-4.388E-7
108.089	1.207E-5	-5.079E-7
108.189	1.204E-5	-9.177E-7
108.289	1.230E-5	-1.106E-6
108.389	1.253E-5	-8.142E-7
108.489	1.241E-5	-9.009E-7
108.589	1.236E-5	-1.120E-6
108.689	1.229E-5	-1.220E-6
108.789	1.219E-5	-1.315E-6
108.889	1.217E-5	-8.315E-7
108.989	1.239E-5	-7.462E-7
109.089	1.251E-5	-8.173E-7
109.189	1.268E-5	-6.261E-7
109.289	1.288E-5	-7.028E-7
109.389	1.267E-5	-9.817E-7
109.489	1.275E-5	-9.194E-7
109.589	1.276E-5	-1.212E-6
109.689	1.282E-5	-1.217E-6
109.789	1.305E-5	-1.364E-6
109.889	1.307E-5	-1.706E-6
109.989	1.277E-5	-1.594E-6
110.089	1.251E-5	-1.572E-6
110.189	1.230E-5	-1.369E-6
110.289	1.225E-5	-1.236E-6
110.389	1.209E-5	-1.204E-6
110.489	1.193E-5	-1.396E-6
110.589	1.203E-5	-1.426E-6
110.689	1.260E-5	-1.193E-6
110.789	1.252E-5	-8.265E-7
110.889	1.260E-5	-9.642E-7
110.989	1.263E-5	-1.061E-6
111.089	1.277E-5	-1.274E-6
111.189	1.277E-5	-1.158E-6
111.289	1.298E-5	-1.073E-6
111.389	1.279E-5	-1.207E-6
111.489	1.267E-5	-1.311E-6
111.589	1.257E-5	-1.412E-6
111.689	1.282E-5	-1.609E-6
111.789	1.299E-5	-1.603E-6
111.889	1.287E-5	-1.490E-6
111.989	1.304E-5	-1.206E-6
112.089	1.317E-5	-1.239E-6
112.189	1.307E-5	-1.217E-6
112.289	1.305E-5	-1.214E-6
112.389	1.348E-5	-1.230E-6
112.489	1.371E-5	-1.151E-6
112.589	1.381E-5	-1.418E-6
112.689	1.371E-5	-1.444E-6
112.789	1.358E-5	-1.629E-6
112.889	1.349E-5	-1.521E-6
112.989	1.352E-5	-1.384E-6
113.089	1.376E-5	-1.415E-6
113.189	1.363E-5	-1.260E-6
113.289	1.341E-5	-1.062E-6
113.389	1.355E-5	-1.069E-6
113.489	1.346E-5	-9.932E-7
113.589	1.363E-5	-9.446E-7
113.689	1.375E-5	-1.041E-6
113.789	1.385E-5	-9.907E-7
113.889	1.380E-5	-9.491E-7
113.989	1.361E-5	-1.097E-6
114.089	1.360E-5	-9.654E-7
114.189	1.357E-5	-6.607E-7
114.289	1.340E-5	-4.137E-7
114.389	1.344E-5	-1.825E-7
114.489	1.353E-5	-2.041E-8
114.589	1.365E-5	-1.110E-8
114.689	1.384E-5	-1.224E-7
114.789	1.435E-5	-9.250E-9
114.889	1.433E-5	-4.491E-8
114.989	1.405E-5	-2.370E-7
115.088	1.402E-5	-3.572E-7
115.188	1.407E-5	-3.632E-7
115.288	1.390E-5	-3.807E-7
115.388	1.362E-5	-4.202E-7
115.488	1.352E-5	-4.631E-7
115.588	1.307E-5	-4.291E-7
115.688	1.298E-5	-3.599E-7
115.788	1.303E-5	-3.458E-7
115.888	1.295E-5	-3.099E-7
115.988	1.304E-5	-2.632E-7
116.088	1.299E-5	-3.269E-7
116.188	1.293E-5	-4.711E-7
116.288	1.260E-5	-4.313E-7
116.388	1.267E-5	-4.591E-7
116.488	1.276E-5	-3.152E-7
116.588	1.268E-5	-1.497E-7
116.688	1.285E-5	-3.580E-7
116.788	1.292E-5	-2.687E-7
116.888	1.274E-5	-3.262E-7
116.988	1.303E-5	-3.605E-7
117.088	1.300E-5	-2.456E-7
117.188	1.284E-5	-3.351E-7
117.288	1.255E-5	-3.104E-7
117.388	1.253E-5	-3.793E-7
117.488	1.257E-5	-2.964E-7
117.588	1.274E-5	-3.217E-7
117.688	1.299E-5	-4.591E-7
117.788	1.292E-5	-6.531E-7
117.888	1.306E-5	-6.133E-7
117.988	1.312E-5	-1.216E-6
118.088	1.327E-5	-1.369E-6
118.188	1.333E-5	-1.284E-6
118.288	1.327E-5	-1.234E-6
118.388	1.348E-5	-1.187E-6
118.488	1.350E-5	-9.854E-7
118.588	1.364E-5	-1.376E-6
118.688	1.345E-5	-1.825E-6
118.788	1.317E-5	-1.717E-6
118.888	1.320E-5	-1.684E-6
118.988	1.318E-5	-1.804E-6
119.088	1.356E-5	-1.872E-6
119.188	1.353E-5	-1.931E-6
119.288	1.352E-5	-1.823E-6
119.388	1.321E-5	-1.838E-6
119.488	1.311E-5	-1.886E-6
119.588	1.291E-5	-1.967E-6
119.688	1.268E-5	-2.029E-6
119.788	1.255E-5	-2.040E-6
119.888	1.238E-5	-1.941E-6
119.988	1.219E-5	-2.135E-6
120.088	1.239E-5	-2.180E-6
120.188	1.256E-5	-2.307E-6
120.288	1.268E-5	-2.390E-6
120.388	1.280E-5	-2.492E-6
120.488	1.289E-5	-2.390E-6
120.588	1.304E-5	-2.517E-6
120.688	1.272E-5	-2.690E-6
120.788	1.250E-5	-3.091E-6
120.888	1.267E-5	-2.874E-6
120.988	1.277E-5	-3.064E-6
121.088	1.262E-5	-3.015E-6
121.188	1.256E-5	-2.894E-6
121.288	1.262E-5	-2.791E-6
121.388	1.264E-5	-2.821E-6
121.488	1.275E-5	-2.755E-6
121.588	1.255E-5	-2.481E-6
121.688	1.246E-5	-3.130E-6
121.788	1.262E-5	-3.219E-6
121.888	1.251E-5	-3.012E-6
121.988	1.255E-5	-2.340E-6
122.088	1.243E-5	-1.777E-6
122.188	1.228E-5	-1.535E-6
122.288	1.208E-5	-1.578E-6
122.388	1.201E-5	-1.696E-6
122.488	1.179E-5	-2.022E-6
122.588	1.200E-5	-1.756E-6
122.688	1.223E-5	-1.218E-6
122.788	1.240E-5	-1.200E-6
122.888	1.239E-5	-1.530E-6
122.988	1.258E-5	-1.389E-6
123.088	1.277E-5	-9.297E-7
123.188	1.254E-5	-8.090E-7
123.288	1.253E-5	-7.668E-7
123.388	1.279E-5	-7.797E-7
123.488	1.276E-5	-8.637E-7
123.588	1.272E-5	-9.302E-7
123.688	1.271E-5	-9.604E-7
123.788	1.270E-5	-9.693E-7
123.888	1.260E-5	-7.908E-7
123.988	1.272E-5	-8.035E-7
124.088	1.313E-5	-7.587E-7
124.188	1.331E-5	-8.813E-7
124.288	1.326E-5	-1.055E-6
124.388	1.358E-5	-1.183E-6
124.488	1.356E-5	-1.009E-6
124.588	1.370E-5	-9.314E-7
124.688	1.420E-5	-1.065E-6
124.788	1.408E-5	-1.108E-6
124.888	1.367E-5	-1.275E-6
124.988	1.358E-5	-1.299E-6
125.087	1.338E-5	-1.316E-6
125.187	1.338E-5	-1.205E-6
125.287	1.341E-5	-1.019E-6
125.387	1.356E-5	-1.228E-6
125.487	1.378E-5	-1.037E-6
125.587	1.366E-5	-1.073E-6
125.687	1.378E-5	-1.083E-6
125.787	1.401E-5	-8.612E-7
125.887	1.431E-5	-3.183E-7
125.987	1.439E-5	-2.870E-7
126.087	1.409E-5	-2.089E-7
126.187	1.381E-5	-1.405E-7
126.287	1.392E-5	-1.657E-7
126.387	1.404E-5	-6.180E-8
126.487	1.407E-5	9.900E-8
126.587	1.402E-5	6.861E-8
126.687	1.393E-5	-5.738E-8
126.787	1.419E-5	-5.453E-7
126.887	1.409E-5	-1.004E-6
126.987	1.400E-5	-1.139E-6
127.087	1.401E-5	-1.314E-6
127.187	1.456E-5	-1.379E-6
127.287	1.494E-5	-1.621E-6
127.387	1.553E-5	-1.558E-6
127.487	1.543E-5	-2.073E-6
127.587	1.495E-5	-2.154E-6
127.687	1.483E-5	-2.063E-6
127.787	1.432E-5	-1.836E-6
127.887	1.417E-5	-1.550E-6
127.987	1.457E-5	-1.120E-6
128.087	1.469E-5	-1.049E-6
128.187	1.478E-5	-8.519E-7
128.287	1.479E-5	-1.081E-6
128.387	1.497E-5	-1.014E-6
128.487	1.486E-5	-7.984E-7
128.587	1.511E-5	-9.264E-7
128.687	1.506E-5	-1.104E-6
128.787	1.483E-5	-8.531E-7
128.887	1.490E-5	-8.983E-7
128.987	1.541E-5	-1.451E-6
129.087	1.609E-5	-1.477E-6
129.187	1.634E-5	-1.521E-6
129.287	1.650E-5	-1.595E-6
129.387	1.673E-5	-1.404E-6
129.787	1.648E-5	-1.391E-6
129.887	1.604E-5	-1.266E-6
129.987	1.614E-5	-1.009E-6
130.087	1.631E-5	-4.848E-7
130.187	1.618E-5	-9.141E-7
130.287	1.620E-5	-9.702E-7
130.387	1.636E-5	-1.102E-6
130.487	1.656E-5	-1.296E-6
130.587	1.674E-5	-1.513E-6
130.687	1.671E-5	-1.335E-6
130.787	1.682E-5	-1.110E-6
130.887	1.680E-5	-1.130E-6
130.987	1.643E-5	-1.307E-6
131.087	1.628E-5	-1.538E-6
131.187	1.650E-5	-2.067E-6
131.287	1.684E-5	-2.140E-6
131.387	1.689E-5	-1.745E-6
131.487	1.694E-5	-1.472E-6
131.587	1.746E-5	-1.240E-6
131.687	1.732E-5	-1.025E-6
131.787	1.739E-5	-1.486E-6
131.887	1.717E-5	-1.547E-6
131.987	1.730E-5	-1.462E-6
132.087	1.706E-5	-1.482E-6
132.187	1.710E-5	-1.602E-6
132.287	1.721E-5	-1.337E-6
132.387	1.715E-5	-1.182E-6
132.487	1.724E-5	-9.272E-7
132.587	1.697E-5	-5.108E-7
132.687	1.667E-5	-6.410E-8
132.787	1.670E-5	-2.119E-7
132.887	1.645E-5	-2.600E-7
132.987	1.643E-5	-4.773E-7
133.087	1.661E-5	-1.025E-7
133.187	1.640E-5	-6.914E-8
133.287	1.656E-5	-3.264E-8
133.387	1.643E-5	7.060E-8
133.487	1.623E-5	-1.883E-7
133.587	1.623E-5	1.308E-7
133.687	1.605E-5	1.110E-7
133.787	1.568E-5	-3.269E-7
133.887	1.553E-5	-1.832E-7
133.987	1.584E-5	8.043E-8
134.087	1.578E-5	8.188E-9
134.187	1.579E-5	2.768E-7
134.287	1.551E-5	4.407E-7
134.387	1.546E-5	5.241E-7
134.487	1.541E-5	5.480E-7
134.587	1.559E-5	5.654E-7
134.687	1.559E-5	-1.322E-7
134.787	1.582E-5	-2.677E-7
134.887	1.577E-5	-3.938E-7
134.987	1.573E-5	-8.194E-7
135.086	1.597E-5	-9.672E-7
135.186	1.611E-5	-1.482E-6
135.286	1.645E-5	-1.808E-6
135.386	1.668E-5	-1.949E-6
135.486	1.681E-5	-2.233E-6
135.586	1.686E-5	-2.244E-6
135.686	1.703E-5	-2.244E-6
135.786	1.728E-5	-2.426E-6
135.886	1.718E-5	-2.534E-6
135.986	1.700E-5	-3.027E-6
136.086	1.690E-5	-3.102E-6
136.186	1.686E-5	-3.358E-6
136.286	1.678E-5	-3.136E-6
136.386	1.660E-5	-2.948E-6
136.486	1.682E-5	-3.046E-6
136.586	1.686E-5	-3.199E-6
136.686	1.668E-5	-3.109E-6
136.786	1.648E-5	-3.175E-6
136.886	1.670E-5	-3.002E-6
136.986	1.695E-5	-2.823E-6
137.086	1.710E-5	-2.720E-6
137.186	1.712E-5	-2.991E-6
137.286	1.683E-5	-3.043E-6
137.386	1.715E-5	-3.225E-6
137.486	1.685E-5	-3.542E-6
137.586	1.683E-5	-3.567E-6
137.686	1.720E-5	-3.613E-6
137.786	1.736E-5	-3.472E-6
137.886	1.719E-5	-3.691E-6
137.986	1.712E-5	-4.080E-6
138.086	1.725E-5	-4.233E-6
138.186	1.695E-5	-4.290E-6
138.286	1.684E-5	-4.376E-6
138.386	1.692E-5	-4.253E-6
138.486	1.708E-5	-4.624E-6
138.586	1.743E-5	-4.741E-6
138.686	1.758E-5	-4.759E-6
138.786	1.774E-5	-5.010E-6
138.886	1.764E-5	-4.712E-6
138.986	1.742E-5	-4.782E-6
139.086	1.759E-5	-4.733E-6
139.186	1.767E-5	-4.581E-6
139.286	1.793E-5	-4.283E-6
139.386	1.787E-5	-4.332E-6
139.486	1.763E-5	-4.755E-6
139.586	1.790E-5	-4.598E-6
139.686	1.797E-5	-4.716E-6
139.786	1.790E-5	-4.874E-6
139.886	1.813E-5	-5.167E-6
139.986	1.808E-5	-5.587E-6
140.086	1.809E-5	-5.665E-6
140.186	1.831E-5	-5.719E-6
140.286	1.856E-5	-5.647E-6
140.386	1.863E-5	-5.524E-6
140.486	1.841E-5	-5.500E-6
140.586	1.827E-5	-5.487E-6
140.686	1.822E-5	-5.620E-6
140.786	1.835E-5	-5.692E-6
140.886	1.808E-5	-5.888E-6
140.986	1.784E-5	-6.120E-6
141.086	1.783E-5	-6.349E-6
141.186	1.820E-5	-6.501E-6
141.286	1.792E-5	-6.214E-6
141.386	1.774E-5	-5.978E-6
141.486	1.781E-5	-5.550E-6
141.586	1.799E-5	-5.491E-6
141.686	1.800E-5	-5.546E-6
141.786	1.806E-5	-5.710E-6
141.886	1.807E-5	-5.713E-6
141.986	1.840E-5	-5.635E-6
142.086	1.848E-5	-5.632E-6
142.186	1.830E-5	-5.758E-6
142.286	1.793E-5	-5.697E-6
142.386	1.783E-5	-5.869E-6
142.486	1.755E-5	-5.870E-6
142.586	1.800E-5	-5.890E-6
142.686	1.853E-5	-5.594E-6
142.786	1.901E-5	-5.556E-6
142.886	1.904E-5	-5.529E-6
142.986	1.906E-5	-5.097E-6
143.086	1.891E-5	-4.924E-6
143.186	1.877E-5	-5.073E-6
143.286	1.923E-5	-5.391E-6
143.386	1.969E-5	-5.736E-6
143.486	1.992E-5	-5.997E-6
143.586	1.991E-5	-6.212E-6
143.686	2.010E-5	-6.243E-6
143.786	2.007E-5	-6.226E-6
143.886	1.995E-5	-6.230E-6
143.986	1.990E-5	-6.310E-6
144.086	1.988E-5	-6.242E-6
144.186	1.994E-5	-6.358E-6
144.286	1.993E-5	-6.663E-6
144.386	1.982E-5	-6.609E-6
144.486	1.975E-5	-6.769E-6
144.586	2.000E-5	-6.854E-6
144.686	2.008E-5	-6.801E-6
144.786	1.998E-5	-6.883E-6
144.886	1.977E-5	-6.870E-6
144.986	1.965E-5	-7.011E-6
145.085	1.940E-5	-6.995E-6
145.185	1.930E-5	-6.909E-6
145.285	1.969E-5	-6.576E-6
145.385	1.994E-5	-6.772E-6
145.485	1.984E-5	-6.789E-6
145.585	1.998E-5	-6.805E-6
145.685	1.998E-5	-6.534E-6
145.785	2.002E-5	-6.295E-6
145.885	2.020E-5	-6.458E-6
145.985	2.008E-5	-6.566E-6
146.085	2.046E-5	-6.608E-6
146.185	2.061E-5	-6.443E-6
146.285	2.053E-5	-6.003E-6
146.385	2.027E-5	-5.997E-6
146.485	2.006E-5	-5.659E-6
146.585	1.963E-5	-5.616E-6
146.685	1.961E-5	-5.616E-6
146.785	1.960E-5	-5.645E-6
146.885	1.987E-5	-5.499E-6
146.985	1.968E-5	-5.470E-6
147.085	1.986E-5	-5.275E-6
147.185	2.009E-5	-5.172E-6
147.285	2.021E-5	-5.666E-6
147.385	2.026E-5	-5.460E-6
147.485	2.014E-5	-5.354E-6
147.585	2.025E-5	-5.326E-6
147.685	2.023E-5	-5.318E-6
147.785	2.008E-5	-5.380E-6
147.885	1.989E-5	-5.106E-6
147.985	1.962E-5	-4.887E-6
148.085	1.960E-5	-5.000E-6
148.185	1.977E-5	-5.010E-6
148.285	1.988E-5	-5.171E-6
148.385	1.984E-5	-5.345E-6
148.485	1.985E-5	-5.359E-6
148.585	1.984E-5	-5.356E-6
148.685	1.984E-5	-5.526E-6
148.785	1.985E-5	-5.429E-6
148.885	2.005E-5	-5.771E-6
148.985	2.006E-5	-5.738E-6
149.085	2.013E-5	-5.690E-6
149.185	2.052E-5	-5.551E-6
149.285	2.052E-5	-5.610E-6
149.385	2.048E-5	-5.230E-6
149.485	2.057E-5	-5.187E-6
149.585	2.043E-5	-4.930E-6
149.685	2.076E-5	-4.853E-6
149.785	2.077E-5	-4.801E-6
149.885	2.087E-5	-4.733E-6
149.985	2.104E-5	-4.697E-6
150.085	2.120E-5	-5.022E-6
150.185	2.087E-5	-5.400E-6
150.285	2.087E-5	-5.647E-6
150.385	2.082E-5	-5.228E-6
150.485	2.081E-5	-5.228E-6
150.585	2.098E-5	-5.227E-6
150.685	2.133E-5	-5.162E-6
150.785	2.130E-5	-5.143E-6
150.885	2.135E-5	-4.997E-6
150.985	2.145E-5	-4.844E-6
151.085	2.145E-5	-4.819E-6
151.185	2.102E-5	-5.228E-6
151.285	2.096E-5	-4.948E-6
151.385	2.099E-5	-4.754E-6
151.485	2.071E-5	-4.726E-6
151.585	2.033E-5	-4.503E-6
151.685	2.037E-5	-4.193E-6
151.785	2.059E-5	-3.804E-6
151.885	2.036E-5	-3.739E-6
151.985	2.012E-5	-3.514E-6
152.085	2.020E-5	-3.194E-6
152.185	2.026E-5	-3.277E-6
152.285	2.000E-5	-2.947E-6
152.385	1.998E-5	-2.872E-6
152.485	1.971E-5	-3.084E-6
152.585	1.953E-5	-3.163E-6
152.685	1.947E-5	-2.743E-6
152.785	1.946E-5	-2.654E-6
152.885	1.924E-5	-2.909E-6
152.985	1.965E-5	-3.168E-6
153.085	1.935E-5	-2.973E-6
153.185	1.932E-5	-3.224E-6
153.285	1.913E-5	-3.131E-6
153.385	1.910E-5	-3.063E-6
153.485	1.870E-5	-2.838E-6
153.585	1.898E-5	-2.196E-6
153.685	1.899E-5	-2.099E-6
153.785	1.900E-5	-2.022E-6
153.885	1.919E-5	-1.919E-6
153.985	1.894E-5	-1.940E-6
154.085	1.884E-5	-2.004E-6
154.185	1.878E-5	-2.011E-6
154.285	1.857E-5	-2.018E-6
154.385	1.877E-5	-1.955E-6
154.485	1.870E-5	-1.943E-6
154.585	1.896E-5	-2.159E-6
154.685	1.875E-5	-2.744E-6
154.785	1.850E-5	-2.664E-6
154.885	1.860E-5	-2.648E-6
154.985	1.858E-5	-2.554E-6
155.084	1.845E-5	-2.614E-6
155.184	1.848E-5	-2.615E-6
155.284	1.855E-5	-2.525E-6
155.384	1.867E-5	-2.546E-6
155.484	1.887E-5	-2.566E-6
155.584	1.887E-5	-2.592E-6
155.684	1.903E-5	-2.574E-6
155.784	1.925E-5	-2.722E-6
155.884	1.938E-5	-2.782E-6
155.984	1.955E-5	-2.747E-6
156.084	1.955E-5	-2.853E-6
