0.000000E0	-4.051887E-5	6.111286E-5
9.999000E-2	-4.052153E-5	6.099234E-5
1.999800E-1	-4.009064E-5	6.099234E-5
2.999700E-1	-3.959251E-5	6.078724E-5
3.999600E-1	-3.989603E-5	6.036810E-5
4.999500E-1	-3.948736E-5	6.058581E-5
5.999400E-1	-3.931338E-5	6.081725E-5
6.999300E-1	-3.906036E-5	6.099234E-5
7.999200E-1	-3.871792E-5	6.074345E-5
8.999100E-1	-3.857089E-5	6.099234E-5
9.999000E-1	-3.830423E-5	6.066963E-5
1.099890E0	-3.791045E-5	5.990495E-5
1.199880E0	-3.768004E-5	5.990812E-5
1.299870E0	-3.762819E-5	6.013324E-5
1.399860E0	-3.790026E-5	6.002010E-5
1.499850E0	-3.763181E-5	5.944290E-5
1.599840E0	-3.762604E-5	5.942408E-5
1.699830E0	-3.739834E-5	5.959202E-5
1.799820E0	-3.711949E-5	5.958443E-5
1.899810E0	-3.669858E-5	5.976965E-5
1.999800E0	-3.645848E-5	6.004086E-5
2.099790E0	-3.615266E-5	6.013657E-5
2.199780E0	-3.570638E-5	5.958113E-5
2.299770E0	-3.591643E-5	5.942433E-5
2.399760E0	-3.603629E-5	5.860417E-5
2.499750E0	-3.630607E-5	5.832950E-5
2.599740E0	-3.629909E-5	5.875744E-5
2.699730E0	-3.639724E-5	5.884292E-5
2.799720E0	-3.648086E-5	5.859073E-5
2.899710E0	-3.688198E-5	5.857150E-5
2.999700E0	-3.743463E-5	5.905045E-5
3.099690E0	-3.693902E-5	5.930246E-5
3.199680E0	-3.659758E-5	5.915535E-5
3.299670E0	-3.684845E-5	5.908629E-5
3.399660E0	-3.709443E-5	5.917595E-5
3.499650E0	-3.683646E-5	5.859490E-5
3.599640E0	-3.711549E-5	5.824955E-5
3.699630E0	-3.711077E-5	5.843157E-5
3.799620E0	-3.738015E-5	5.828465E-5
3.899610E0	-3.712494E-5	5.765270E-5
3.999600E0	-3.702638E-5	5.733604E-5
4.099590E0	-3.715644E-5	5.758109E-5
4.199580E0	-3.741766E-5	5.776939E-5
4.299570E0	-3.716716E-5	5.815684E-5
4.399560E0	-3.665716E-5	5.832470E-5
4.499550E0	-3.685036E-5	5.818243E-5
4.599540E0	-3.673071E-5	5.763442E-5
4.699530E0	-3.651659E-5	5.762637E-5
4.799520E0	-3.686262E-5	5.768109E-5
4.899510E0	-3.627734E-5	5.619372E-5
4.999500E0	-3.639432E-5	5.616662E-5
5.099490E0	-3.630379E-5	5.621144E-5
5.199480E0	-3.643428E-5	5.615175E-5
5.299470E0	-3.650492E-5	5.580139E-5
5.399460E0	-3.678750E-5	5.619744E-5
5.499450E0	-3.656212E-5	5.583818E-5
5.599440E0	-3.644110E-5	5.592872E-5
5.699430E0	-3.612431E-5	5.643513E-5
5.799420E0	-3.593506E-5	5.631600E-5
5.899410E0	-3.584384E-5	5.653183E-5
5.999400E0	-3.598912E-5	5.612939E-5
6.099390E0	-3.651588E-5	5.560838E-5
6.199380E0	-3.667785E-5	5.559148E-5
6.299370E0	-3.724243E-5	5.542930E-5
6.399360E0	-3.744734E-5	5.490387E-5
6.499350E0	-3.763938E-5	5.530368E-5
6.599340E0	-3.783683E-5	5.531130E-5
6.699330E0	-3.866451E-5	5.495940E-5
6.799320E0	-3.917409E-5	5.454781E-5
6.899310E0	-3.948242E-5	5.459356E-5
6.999300E0	-4.011012E-5	5.479240E-5
7.099290E0	-4.030771E-5	5.510037E-5
7.199280E0	-4.014423E-5	5.545911E-5
7.299270E0	-4.029716E-5	5.529337E-5
7.399260E0	-4.035861E-5	5.507985E-5
7.499250E0	-4.026971E-5	5.535757E-5
7.599240E0	-4.051770E-5	5.556226E-5
7.699230E0	-4.054884E-5	5.580602E-5
7.799220E0	-4.099657E-5	5.589033E-5
7.899210E0	-4.102864E-5	5.616024E-5
7.999200E0	-4.183542E-5	5.664560E-5
8.099190E0	-4.225454E-5	5.625333E-5
8.199180E0	-4.203661E-5	5.674766E-5
8.299170E0	-4.247553E-5	5.726750E-5
8.399160E0	-4.197481E-5	5.766310E-5
8.499150E0	-4.196367E-5	5.770407E-5
8.599140E0	-4.171308E-5	5.708750E-5
8.699130E0	-4.181602E-5	5.711397E-5
8.799120E0	-4.202022E-5	5.707756E-5
8.899110E0	-4.231735E-5	5.708002E-5
8.999100E0	-4.185741E-5	5.658578E-5
9.099090E0	-4.139451E-5	5.677676E-5
9.199080E0	-4.190530E-5	5.710705E-5
9.299070E0	-4.172615E-5	5.688704E-5
9.399060E0	-4.175152E-5	5.651753E-5
9.499050E0	-4.244646E-5	5.666569E-5
9.599040E0	-4.273181E-5	5.707300E-5
9.699030E0	-4.269586E-5	5.773115E-5
9.799020E0	-4.242676E-5	5.784935E-5
9.899010E0	-4.246702E-5	5.775640E-5
9.999000E0	-4.216571E-5	5.754559E-5
1.009899E1	-4.216591E-5	5.722755E-5
1.019898E1	-4.201778E-5	5.746156E-5
1.029897E1	-4.199231E-5	5.735393E-5
1.039896E1	-4.237021E-5	5.739699E-5
1.049895E1	-4.203327E-5	5.748126E-5
1.059894E1	-4.226043E-5	5.751804E-5
1.069893E1	-4.177580E-5	5.817149E-5
1.079892E1	-4.180076E-5	5.836654E-5
1.089891E1	-4.196155E-5	5.859309E-5
1.099890E1	-4.176323E-5	5.907667E-5
1.109889E1	-4.173421E-5	5.909643E-5
1.119888E1	-4.214130E-5	5.887099E-5
1.129887E1	-4.199074E-5	5.900199E-5
1.139886E1	-4.215889E-5	5.869163E-5
1.149885E1	-4.214496E-5	5.840582E-5
1.159884E1	-4.217827E-5	5.811183E-5
1.169883E1	-4.227338E-5	5.809149E-5
1.179882E1	-4.261401E-5	5.842873E-5
1.189881E1	-4.281487E-5	5.811146E-5
1.199880E1	-4.254776E-5	5.817335E-5
1.209879E1	-4.259342E-5	5.865538E-5
1.219878E1	-4.277703E-5	5.854338E-5
1.229877E1	-4.286041E-5	5.848806E-5
1.239876E1	-4.236829E-5	5.779516E-5
1.249875E1	-4.229790E-5	5.806793E-5
1.259874E1	-4.246916E-5	5.803645E-5
1.269873E1	-4.215635E-5	5.817020E-5
1.279872E1	-4.252562E-5	5.825165E-5
1.289871E1	-4.364269E-5	5.850736E-5
1.299870E1	-4.361985E-5	5.860969E-5
1.309869E1	-4.374129E-5	5.845678E-5
1.319868E1	-4.331272E-5	5.858839E-5
1.329867E1	-4.346702E-5	5.860783E-5
1.339866E1	-4.359705E-5	5.838762E-5
1.349865E1	-4.383074E-5	5.801788E-5
1.359864E1	-4.346556E-5	5.790145E-5
1.369863E1	-4.386885E-5	5.784881E-5
1.379862E1	-4.438964E-5	5.775089E-5
1.389861E1	-4.435642E-5	5.777992E-5
1.399860E1	-4.460685E-5	5.748713E-5
1.409859E1	-4.480057E-5	5.687987E-5
1.419858E1	-4.508598E-5	5.681438E-5
1.429857E1	-4.490258E-5	5.670799E-5
1.439856E1	-4.466544E-5	5.653917E-5
1.449855E1	-4.485394E-5	5.657009E-5
1.459854E1	-4.487946E-5	5.609902E-5
1.469853E1	-4.479917E-5	5.603332E-5
1.479852E1	-4.457794E-5	5.607261E-5
1.489851E1	-4.437175E-5	5.654831E-5
1.499850E1	-4.405039E-5	5.639264E-5
1.509849E1	-4.370899E-5	5.595540E-5
1.519848E1	-4.365365E-5	5.599422E-5
1.529847E1	-4.386901E-5	5.613116E-5
1.539846E1	-4.373081E-5	5.598683E-5
1.549845E1	-4.372046E-5	5.611080E-5
1.559844E1	-4.394977E-5	5.655108E-5
1.569843E1	-4.406074E-5	5.606337E-5
1.579842E1	-4.378622E-5	5.577401E-5
1.589841E1	-4.378535E-5	5.582503E-5
1.599840E1	-4.391701E-5	5.596264E-5
1.609839E1	-4.406039E-5	5.570129E-5
1.619838E1	-4.401387E-5	5.555110E-5
1.629837E1	-4.374040E-5	5.575530E-5
1.639836E1	-4.355154E-5	5.603911E-5
1.649835E1	-4.299323E-5	5.687246E-5
1.659834E1	-4.266546E-5	5.684697E-5
1.669833E1	-4.224787E-5	5.677212E-5
1.679832E1	-4.238027E-5	5.680567E-5
1.689831E1	-4.215922E-5	5.688426E-5
1.699830E1	-4.211848E-5	5.735013E-5
1.709829E1	-4.223425E-5	5.726283E-5
1.719828E1	-4.275551E-5	5.709464E-5
1.729827E1	-4.282907E-5	5.723494E-5
1.739826E1	-4.295074E-5	5.727553E-5
1.749825E1	-4.284757E-5	5.722078E-5
1.759824E1	-4.281364E-5	5.779024E-5
1.769823E1	-4.304911E-5	5.766527E-5
1.779822E1	-4.326079E-5	5.765502E-5
1.789821E1	-4.341966E-5	5.726431E-5
1.799820E1	-4.315770E-5	5.725817E-5
1.809819E1	-4.293388E-5	5.701468E-5
1.819818E1	-4.309985E-5	5.645911E-5
1.829817E1	-4.275269E-5	5.637445E-5
1.839816E1	-4.275899E-5	5.666752E-5
1.849815E1	-4.271681E-5	5.680888E-5
1.859814E1	-4.247019E-5	5.681006E-5
1.869813E1	-4.271595E-5	5.681762E-5
1.879812E1	-4.236950E-5	5.691232E-5
1.889811E1	-4.255583E-5	5.678446E-5
1.899810E1	-4.278835E-5	5.700796E-5
1.909809E1	-4.296506E-5	5.742270E-5
1.919808E1	-4.276742E-5	5.759015E-5
1.929807E1	-4.286676E-5	5.776817E-5
1.939806E1	-4.248809E-5	5.821601E-5
1.949805E1	-4.247377E-5	5.847167E-5
1.959804E1	-4.266852E-5	5.819233E-5
1.969803E1	-4.230463E-5	5.812422E-5
1.979802E1	-4.184316E-5	5.807864E-5
1.989801E1	-4.171626E-5	5.793666E-5
1.999800E1	-4.199818E-5	5.766723E-5
2.009799E1	-4.138413E-5	5.765983E-5
2.019798E1	-4.094759E-5	5.709764E-5
2.029797E1	-4.062344E-5	5.788096E-5
2.039796E1	-4.074554E-5	5.804175E-5
2.049795E1	-4.074693E-5	5.779111E-5
2.059794E1	-4.077415E-5	5.794789E-5
2.069793E1	-4.111660E-5	5.723667E-5
2.079792E1	-4.088416E-5	5.686944E-5
2.089791E1	-4.111241E-5	5.637932E-5
2.099790E1	-4.082830E-5	5.691195E-5
2.109789E1	-4.073819E-5	5.694988E-5
2.119788E1	-4.093020E-5	5.733344E-5
2.129787E1	-4.049597E-5	5.719934E-5
2.139786E1	-4.022088E-5	5.734034E-5
2.149785E1	-4.024008E-5	5.734424E-5
2.159784E1	-4.036683E-5	5.733103E-5
2.169783E1	-4.077761E-5	5.744764E-5
2.179782E1	-4.071781E-5	5.738471E-5
2.189781E1	-4.026442E-5	5.685614E-5
2.199780E1	-3.979229E-5	5.665616E-5
2.209779E1	-3.993247E-5	5.660455E-5
2.219778E1	-3.960790E-5	5.661948E-5
2.229777E1	-3.921478E-5	5.671292E-5
2.239776E1	-3.894748E-5	5.712210E-5
2.249775E1	-3.848563E-5	5.676154E-5
2.259774E1	-3.815258E-5	5.656319E-5
2.269773E1	-3.853221E-5	5.676098E-5
2.279772E1	-3.808550E-5	5.696503E-5
2.289771E1	-3.808074E-5	5.656681E-5
2.299770E1	-3.815747E-5	5.661583E-5
2.309769E1	-3.900078E-5	5.624237E-5
2.319768E1	-3.891062E-5	5.602529E-5
2.329767E1	-3.868723E-5	5.613585E-5
2.339766E1	-3.844507E-5	5.591257E-5
2.349765E1	-3.851379E-5	5.601366E-5
2.359764E1	-3.870942E-5	5.592834E-5
2.369763E1	-3.846815E-5	5.567504E-5
2.379762E1	-3.841076E-5	5.504692E-5
2.389761E1	-3.854588E-5	5.467864E-5
2.399760E1	-3.844027E-5	5.474728E-5
2.409759E1	-3.873137E-5	5.458167E-5
2.419758E1	-3.857860E-5	5.440229E-5
2.429757E1	-3.890937E-5	5.457640E-5
2.439756E1	-3.894287E-5	5.452950E-5
2.449755E1	-3.908386E-5	5.503776E-5
2.459754E1	-3.910854E-5	5.539296E-5
2.469753E1	-3.929624E-5	5.551243E-5
2.479752E1	-3.955534E-5	5.607596E-5
2.489751E1	-4.001221E-5	5.553224E-5
2.499750E1	-3.983697E-5	5.563082E-5
2.509749E1	-3.963086E-5	5.582270E-5
2.519748E1	-3.958522E-5	5.602738E-5
2.529747E1	-3.999447E-5	5.592667E-5
2.539746E1	-4.046783E-5	5.585651E-5
2.549745E1	-4.052549E-5	5.572263E-5
2.559744E1	-4.043020E-5	5.582878E-5
2.569743E1	-4.048604E-5	5.611219E-5
2.579742E1	-4.000488E-5	5.599071E-5
2.589741E1	-4.034802E-5	5.606749E-5
2.599740E1	-4.055899E-5	5.603961E-5
2.609739E1	-4.049993E-5	5.576148E-5
2.619738E1	-4.055737E-5	5.529520E-5
2.629737E1	-4.055134E-5	5.531113E-5
2.639736E1	-4.041610E-5	5.531162E-5
2.649735E1	-4.051441E-5	5.506837E-5
2.659734E1	-4.047513E-5	5.529127E-5
2.669733E1	-4.046184E-5	5.536645E-5
2.679732E1	-4.007088E-5	5.538044E-5
2.689731E1	-3.988737E-5	5.590726E-5
2.699730E1	-4.029016E-5	5.655908E-5
2.709729E1	-4.065505E-5	5.669302E-5
2.719728E1	-4.087805E-5	5.643208E-5
2.729727E1	-4.082786E-5	5.651108E-5
2.739726E1	-4.067713E-5	5.698569E-5
2.749725E1	-4.084886E-5	5.721381E-5
2.759724E1	-4.087783E-5	5.767761E-5
2.769723E1	-4.111886E-5	5.764613E-5
2.779722E1	-4.127816E-5	5.796247E-5
2.789721E1	-4.070827E-5	5.809667E-5
2.799720E1	-4.027490E-5	5.809552E-5
2.809719E1	-4.056541E-5	5.769854E-5
2.819718E1	-4.065197E-5	5.751657E-5
2.829717E1	-4.049721E-5	5.764024E-5
2.839716E1	-4.027637E-5	5.797952E-5
2.849715E1	-4.020540E-5	5.836148E-5
2.859714E1	-3.991788E-5	5.886148E-5
2.869713E1	-4.016446E-5	5.931935E-5
2.879712E1	-4.036204E-5	5.914720E-5
2.889711E1	-4.061003E-5	5.901359E-5
2.899710E1	-4.144249E-5	5.917556E-5
2.909709E1	-4.190753E-5	5.925467E-5
2.919708E1	-4.273160E-5	5.925568E-5
2.929707E1	-4.318707E-5	5.893101E-5
2.939706E1	-4.339636E-5	5.923534E-5
2.949705E1	-4.352958E-5	5.924575E-5
2.959704E1	-4.406208E-5	5.946916E-5
2.969703E1	-4.394492E-5	5.919046E-5
2.979702E1	-4.394640E-5	5.930190E-5
2.989701E1	-4.411504E-5	5.889968E-5
2.999700E1	-4.448906E-5	5.849493E-5
3.009699E1	-4.440204E-5	5.810003E-5
3.019698E1	-4.437489E-5	5.843555E-5
3.029697E1	-4.459735E-5	5.868924E-5
3.039696E1	-4.513576E-5	5.863430E-5
3.049695E1	-4.510563E-5	5.845352E-5
3.059694E1	-4.450302E-5	5.827274E-5
3.069693E1	-4.462495E-5	5.870423E-5
3.079692E1	-4.504537E-5	5.872470E-5
3.089691E1	-4.432223E-5	5.890548E-5
3.099690E1	-4.412841E-5	5.863483E-5
3.109689E1	-4.338090E-5	5.849493E-5
3.119688E1	-4.314713E-5	5.812208E-5
3.129687E1	-4.334050E-5	5.785322E-5
3.139686E1	-4.362722E-5	5.718278E-5
3.149685E1	-4.403420E-5	5.652948E-5
3.159684E1	-4.401123E-5	5.633794E-5
3.169683E1	-4.450302E-5	5.613346E-5
3.179682E1	-4.447210E-5	5.624735E-5
3.189681E1	-4.456603E-5	5.637823E-5
3.199680E1	-4.495498E-5	5.616359E-5
3.209679E1	-4.477419E-5	5.556097E-5
3.219678E1	-4.480432E-5	5.562124E-5
3.229677E1	-4.470283E-5	5.596422E-5
3.239676E1	-4.422952E-5	5.610886E-5
3.249675E1	-4.440620E-5	5.632175E-5
3.259674E1	-4.433884E-5	5.606019E-5
3.269673E1	-4.464618E-5	5.568021E-5
3.279672E1	-4.486379E-5	5.491538E-5
3.289671E1	-4.544522E-5	5.478101E-5
3.299670E1	-4.548222E-5	5.476438E-5
3.309669E1	-4.570824E-5	5.516928E-5
3.319668E1	-4.558772E-5	5.516928E-5
3.329667E1	-4.535448E-5	5.488956E-5
3.339666E1	-4.520812E-5	5.465573E-5
3.349665E1	-4.509971E-5	5.514781E-5
3.359664E1	-4.538903E-5	5.475049E-5
3.369663E1	-4.529111E-5	5.461672E-5
3.379662E1	-4.539153E-5	5.477357E-5
3.389661E1	-4.604509E-5	5.503902E-5
3.399660E1	-4.616020E-5	5.538019E-5
3.409659E1	-4.677010E-5	5.566289E-5
3.419658E1	-4.713082E-5	5.551052E-5
3.429657E1	-4.646498E-5	5.473071E-5
3.439656E1	-4.645039E-5	5.473461E-5
3.449655E1	-4.709769E-5	5.464802E-5
3.459654E1	-4.721565E-5	5.488653E-5
3.469653E1	-4.690839E-5	5.521585E-5
3.479652E1	-4.711069E-5	5.446477E-5
3.489651E1	-4.766011E-5	5.444153E-5
3.499650E1	-4.851040E-5	5.423522E-5
3.509649E1	-4.847882E-5	5.372430E-5
3.519648E1	-4.819226E-5	5.374072E-5
3.529647E1	-4.832628E-5	5.368698E-5
3.539646E1	-4.818617E-5	5.406854E-5
3.549645E1	-4.816488E-5	5.405116E-5
3.559644E1	-4.808088E-5	5.403865E-5
3.569643E1	-4.794672E-5	5.421254E-5
3.579642E1	-4.796101E-5	5.420451E-5
3.589641E1	-4.784046E-5	5.365245E-5
3.599640E1	-4.807846E-5	5.366906E-5
3.609639E1	-4.769429E-5	5.314996E-5
3.619638E1	-4.795915E-5	5.269932E-5
3.629637E1	-4.788483E-5	5.287431E-5
3.639636E1	-4.792580E-5	5.247731E-5
3.649635E1	-4.758875E-5	5.267151E-5
3.659634E1	-4.759806E-5	5.249684E-5
3.669633E1	-4.746152E-5	5.210990E-5
3.679632E1	-4.688896E-5	5.219589E-5
3.689631E1	-4.725749E-5	5.232103E-5
3.699630E1	-4.724031E-5	5.268165E-5
3.709629E1	-4.724935E-5	5.290212E-5
3.719628E1	-4.781526E-5	5.315266E-5
3.729627E1	-4.793791E-5	5.372300E-5
3.739626E1	-4.823922E-5	5.354222E-5
3.749625E1	-4.867906E-5	5.353753E-5
3.759624E1	-4.834081E-5	5.352204E-5
3.769623E1	-4.854187E-5	5.326716E-5
3.779622E1	-4.892393E-5	5.264240E-5
3.789621E1	-4.918522E-5	5.247870E-5
3.799620E1	-4.950038E-5	5.205738E-5
3.809619E1	-4.916506E-5	5.209757E-5
3.819618E1	-4.866268E-5	5.222922E-5
3.829617E1	-4.828765E-5	5.208920E-5
3.839616E1	-4.854696E-5	5.175897E-5
3.849615E1	-4.860079E-5	5.128242E-5
3.859614E1	-4.829948E-5	5.104137E-5
3.869613E1	-4.829948E-5	5.046889E-5
3.879612E1	-4.872131E-5	4.992654E-5
3.889611E1	-4.842000E-5	4.908288E-5
3.899610E1	-4.816479E-5	4.906884E-5
3.909609E1	-4.810911E-5	4.902130E-5
3.919608E1	-4.865955E-5	4.903432E-5
3.929607E1	-4.828876E-5	4.882299E-5
3.939606E1	-4.877558E-5	4.805696E-5
3.949605E1	-4.890209E-5	4.832961E-5
3.959604E1	-4.894277E-5	4.778726E-5
3.969603E1	-4.860084E-5	4.751114E-5
3.979602E1	-4.873822E-5	4.716038E-5
3.989601E1	-4.832199E-5	4.717355E-5
3.999600E1	-4.807169E-5	4.716140E-5
4.009599E1	-4.807559E-5	4.724927E-5
4.019598E1	-4.816478E-5	4.751155E-5
4.029597E1	-4.834789E-5	4.792108E-5
4.039596E1	-4.844697E-5	4.822711E-5
4.049595E1	-4.841589E-5	4.831509E-5
4.059594E1	-4.867660E-5	4.869619E-5
4.069593E1	-4.854957E-5	4.836465E-5
4.079592E1	-4.893255E-5	4.788003E-5
4.089591E1	-4.854050E-5	4.699173E-5
4.099590E1	-4.841651E-5	4.655820E-5
4.109589E1	-4.822414E-5	4.613190E-5
4.119588E1	-4.798924E-5	4.586750E-5
4.129587E1	-4.753099E-5	4.566289E-5
4.139586E1	-4.745582E-5	4.531654E-5
4.149585E1	-4.766674E-5	4.522615E-5
4.159584E1	-4.718465E-5	4.564798E-5
4.169583E1	-4.769687E-5	4.567811E-5
4.179582E1	-4.802830E-5	4.588903E-5
4.189581E1	-4.806499E-5	4.559158E-5
4.199580E1	-4.800137E-5	4.515753E-5
4.209579E1	-4.852902E-5	4.481645E-5
4.219578E1	-4.896813E-5	4.517784E-5
4.229577E1	-4.909201E-5	4.551740E-5
4.239576E1	-4.932186E-5	4.602664E-5
4.249575E1	-4.949001E-5	4.667382E-5
4.259574E1	-4.941843E-5	4.692457E-5
4.269573E1	-4.941970E-5	4.688023E-5
4.279572E1	-4.928703E-5	4.654352E-5
4.289571E1	-4.863151E-5	4.676866E-5
4.299570E1	-4.745582E-5	4.646151E-5
4.309569E1	-4.772700E-5	4.603968E-5
4.319568E1	-4.721478E-5	4.570824E-5
4.329567E1	-4.757634E-5	4.573837E-5
4.339566E1	-4.767723E-5	4.576418E-5
4.349565E1	-4.792087E-5	4.661960E-5
4.359564E1	-4.803887E-5	4.624281E-5
4.369563E1	-4.787371E-5	4.621854E-5
4.379562E1	-4.755422E-5	4.622087E-5
4.389561E1	-4.735852E-5	4.577350E-5
4.399560E1	-4.785594E-5	4.548258E-5
4.409559E1	-4.849421E-5	4.532374E-5
4.419558E1	-4.835194E-5	4.573652E-5
4.429557E1	-4.808857E-5	4.552746E-5
4.439556E1	-4.802830E-5	4.480432E-5
4.449555E1	-4.785091E-5	4.453315E-5
4.459554E1	-4.727504E-5	4.510563E-5
4.469553E1	-4.637112E-5	4.537680E-5
4.479552E1	-4.679295E-5	4.522615E-5
4.489551E1	-4.682308E-5	4.453315E-5
4.499550E1	-4.667242E-5	4.384014E-5
4.509549E1	-4.667242E-5	4.362923E-5
4.519548E1	-4.721478E-5	4.377988E-5
4.529547E1	-4.739556E-5	4.368949E-5
4.539546E1	-4.661216E-5	4.350870E-5
4.549545E1	-4.643138E-5	4.359909E-5
4.559544E1	-4.644262E-5	4.356053E-5
4.569543E1	-4.696042E-5	4.378166E-5
4.579542E1	-4.760648E-5	4.408119E-5
4.589541E1	-4.768297E-5	4.459517E-5
4.599540E1	-4.784752E-5	4.450302E-5
4.609539E1	-4.820909E-5	4.531654E-5
4.619538E1	-4.784752E-5	4.585890E-5
4.629537E1	-4.760648E-5	4.564798E-5
4.639536E1	-4.733530E-5	4.549733E-5
4.649535E1	-4.733530E-5	4.492484E-5
4.659534E1	-4.733530E-5	4.540694E-5
4.669533E1	-4.698559E-5	4.500991E-5
4.679532E1	-4.721478E-5	4.534667E-5
4.689531E1	-4.661216E-5	4.543707E-5
4.699530E1	-4.606981E-5	4.564798E-5
4.709529E1	-4.584889E-5	4.558172E-5
4.719528E1	-4.596609E-5	4.536236E-5
4.729527E1	-4.654073E-5	4.528680E-5
4.739526E1	-4.670691E-5	4.473047E-5
4.749525E1	-4.649164E-5	4.423184E-5
4.759524E1	-4.697373E-5	4.423184E-5
4.769523E1	-4.721478E-5	4.405105E-5
4.779522E1	-4.723036E-5	4.418755E-5
4.789521E1	-4.704401E-5	4.473522E-5
4.799520E1	-4.691347E-5	4.465367E-5
4.809519E1	-4.643052E-5	4.485495E-5
4.819518E1	-4.655129E-5	4.431594E-5
4.829517E1	-4.616020E-5	4.387027E-5
4.839516E1	-4.579624E-5	4.367611E-5
4.849515E1	-4.553936E-5	4.363058E-5
4.859514E1	-4.511280E-5	4.390971E-5
4.869513E1	-4.432223E-5	4.365936E-5
4.879512E1	-4.420940E-5	4.364375E-5
4.889511E1	-4.492484E-5	4.374975E-5
4.899510E1	-4.549909E-5	4.430002E-5
4.909509E1	-4.555065E-5	4.425404E-5
4.919508E1	-4.558612E-5	4.362445E-5
4.929507E1	-4.522896E-5	4.360582E-5
4.939506E1	-4.552746E-5	4.408119E-5
4.949505E1	-4.525628E-5	4.317727E-5
4.959504E1	-4.534667E-5	4.293622E-5
4.969503E1	-4.444275E-5	4.314713E-5
4.979502E1	-4.433560E-5	4.263385E-5
4.989501E1	-4.354973E-5	4.394581E-5
4.999500E1	-4.450302E-5	4.218295E-5
5.009499E1	-4.489471E-5	4.221308E-5
5.019498E1	-4.348780E-5	4.313730E-5
5.029497E1	-4.549733E-5	4.233361E-5
5.039496E1	-4.619033E-5	4.305674E-5
5.049495E1	-4.631086E-5	4.344844E-5
5.059494E1	-4.617873E-5	4.308398E-5
5.069493E1	-4.597947E-5	4.313648E-5
5.079492E1	-4.542178E-5	4.314183E-5
5.089491E1	-4.520768E-5	4.338037E-5
5.099490E1	-4.504537E-5	4.356896E-5
5.109489E1	-4.523562E-5	4.331175E-5
5.119488E1	-4.517391E-5	4.378513E-5
5.129487E1	-4.504427E-5	4.369905E-5
5.139486E1	-4.543350E-5	4.363714E-5
5.149485E1	-4.521352E-5	4.362988E-5
5.159484E1	-4.527404E-5	4.336806E-5
5.169483E1	-4.496445E-5	4.324548E-5
5.179482E1	-4.495498E-5	4.305674E-5
5.189481E1	-4.528641E-5	4.281570E-5
5.199480E1	-4.570824E-5	4.200217E-5
5.209479E1	-4.619033E-5	4.179125E-5
5.219478E1	-4.634099E-5	4.158034E-5
5.229477E1	-4.616020E-5	4.148995E-5
5.239476E1	-4.594929E-5	4.130916E-5
5.249475E1	-4.579863E-5	4.173099E-5
5.259474E1	-4.558243E-5	4.201283E-5
5.269473E1	-4.560887E-5	4.183200E-5
5.279472E1	-4.562504E-5	4.139339E-5
5.289471E1	-4.515730E-5	4.119790E-5
5.299470E1	-4.464894E-5	4.165225E-5
5.309469E1	-4.437775E-5	4.166235E-5
5.319468E1	-4.461014E-5	4.168326E-5
5.329467E1	-4.481156E-5	4.192402E-5
5.339466E1	-4.503614E-5	4.218195E-5
5.349465E1	-4.512917E-5	4.209919E-5
5.359464E1	-4.523532E-5	4.179943E-5
5.369463E1	-4.526921E-5	4.221692E-5
5.379462E1	-4.567811E-5	4.076681E-5
5.389461E1	-4.619033E-5	4.046550E-5
5.399460E1	-4.612670E-5	4.070133E-5
5.409459E1	-4.649164E-5	4.061616E-5
5.419458E1	-4.685321E-5	4.067642E-5
5.429457E1	-4.661216E-5	4.118864E-5
5.439456E1	-4.688334E-5	4.058603E-5
5.449455E1	-4.649164E-5	4.070655E-5
5.459454E1	-4.676282E-5	4.049563E-5
5.469453E1	-4.715452E-5	4.031485E-5
5.479452E1	-4.736543E-5	3.974237E-5
5.489451E1	-4.730865E-5	3.997852E-5
5.499450E1	-4.657430E-5	3.979741E-5
5.509449E1	-4.659032E-5	3.937117E-5
5.519448E1	-4.671417E-5	3.928935E-5
5.529447E1	-4.650268E-5	3.907575E-5
5.539446E1	-4.652485E-5	3.921005E-5
5.549445E1	-4.655405E-5	3.988667E-5
5.559444E1	-4.624671E-5	3.960173E-5
5.569443E1	-4.605585E-5	3.938517E-5
5.579442E1	-4.601148E-5	3.880151E-5
5.589441E1	-4.627986E-5	3.852066E-5
5.599440E1	-4.646885E-5	3.828621E-5
5.609439E1	-4.606707E-5	3.863852E-5
5.619438E1	-4.596457E-5	3.850764E-5
5.629437E1	-4.610691E-5	3.767942E-5
5.639436E1	-4.591349E-5	3.719979E-5
5.649435E1	-4.513576E-5	3.730178E-5
5.659434E1	-4.480432E-5	3.678956E-5
5.669433E1	-4.498511E-5	3.633760E-5
5.679432E1	-4.456328E-5	3.597603E-5
5.689431E1	-4.468380E-5	3.501185E-5
5.699430E1	-4.447288E-5	3.465028E-5
5.709429E1	-4.420171E-5	3.419832E-5
5.719428E1	-4.459341E-5	3.437911E-5
5.729427E1	-4.423184E-5	3.489133E-5
5.739426E1	-4.420171E-5	3.452976E-5
5.749425E1	-4.438249E-5	3.374636E-5
5.759424E1	-4.456328E-5	3.338479E-5
5.769423E1	-4.474406E-5	3.350532E-5
5.779422E1	-4.525628E-5	3.410793E-5
5.789421E1	-4.528641E-5	3.338479E-5
5.799420E1	-4.540694E-5	3.296296E-5
5.809419E1	-4.528641E-5	3.269179E-5
5.819418E1	-4.558772E-5	3.380662E-5
5.829417E1	-4.567811E-5	3.380662E-5
5.839416E1	-4.628073E-5	3.419832E-5
5.849415E1	-4.582877E-5	3.350532E-5
5.859414E1	-4.549733E-5	3.281231E-5
5.869413E1	-4.498511E-5	3.202891E-5
5.879412E1	-4.510563E-5	3.220970E-5
5.889411E1	-4.498511E-5	3.254113E-5
5.899410E1	-4.456328E-5	3.290270E-5
5.909409E1	-4.314713E-5	3.320401E-5
5.919408E1	-4.293622E-5	3.317388E-5
5.929407E1	-4.323753E-5	3.353545E-5
5.939406E1	-4.293622E-5	3.350532E-5
5.949405E1	-4.251439E-5	3.326427E-5
5.959404E1	-4.269517E-5	3.392715E-5
5.969403E1	-4.221308E-5	3.332453E-5
5.979402E1	-4.269517E-5	3.296296E-5
5.989401E1	-4.272530E-5	3.233022E-5
5.999400E1	-4.290609E-5	3.269179E-5
6.009399E1	-4.359909E-5	3.254113E-5
6.019398E1	-4.335805E-5	3.193852E-5
6.029397E1	-4.356896E-5	3.187826E-5
6.039396E1	-4.447288E-5	3.181800E-5
6.049395E1	-4.414145E-5	3.172761E-5
6.059394E1	-4.393053E-5	3.217957E-5
6.069393E1	-4.393053E-5	3.112499E-5
6.079392E1	-4.423184E-5	3.073329E-5
6.089391E1	-4.438249E-5	3.022107E-5
6.099390E1	-4.390040E-5	2.967872E-5
6.109389E1	-4.396066E-5	2.922676E-5
6.119388E1	-4.380954E-5	2.897317E-5
6.129387E1	-4.404842E-5	2.875252E-5
6.139386E1	-4.400662E-5	2.785589E-5
6.149385E1	-4.400172E-5	2.740431E-5
6.159384E1	-4.416940E-5	2.730100E-5
6.169383E1	-4.457896E-5	2.758424E-5
6.179382E1	-4.467191E-5	2.808240E-5
6.189381E1	-4.446977E-5	2.798069E-5
6.199380E1	-4.465526E-5	2.780294E-5
6.209379E1	-4.538114E-5	2.813619E-5
6.219378E1	-4.584768E-5	2.847391E-5
6.229377E1	-4.619365E-5	2.766526E-5
6.239376E1	-4.617681E-5	2.763050E-5
6.249375E1	-4.573785E-5	2.766560E-5
6.259374E1	-4.571427E-5	2.711130E-5
6.269373E1	-4.592429E-5	2.688609E-5
6.279372E1	-4.583079E-5	2.631771E-5
6.289371E1	-4.604940E-5	2.534392E-5
6.299370E1	-4.588329E-5	2.465276E-5
6.309369E1	-4.557252E-5	2.462901E-5
6.319368E1	-4.531725E-5	2.447049E-5
6.329367E1	-4.554014E-5	2.464764E-5
6.339366E1	-4.567066E-5	2.477235E-5
6.349365E1	-4.578115E-5	2.450037E-5
6.359364E1	-4.611418E-5	2.398073E-5
6.369363E1	-4.627142E-5	2.414084E-5
6.379362E1	-4.581194E-5	2.447583E-5
6.389361E1	-4.577433E-5	2.407064E-5
6.399360E1	-4.591964E-5	2.407425E-5
6.409359E1	-4.523042E-5	2.347163E-5
6.419358E1	-4.513762E-5	2.312383E-5
6.429357E1	-4.472861E-5	2.290246E-5
6.439356E1	-4.443736E-5	2.344524E-5
6.449355E1	-4.421653E-5	2.372952E-5
6.459354E1	-4.414736E-5	2.360604E-5
6.469353E1	-4.423946E-5	2.356456E-5
6.479352E1	-4.401842E-5	2.375194E-5
6.489351E1	-4.352803E-5	2.378906E-5
6.499350E1	-4.371948E-5	2.342651E-5
6.509349E1	-4.349765E-5	2.351582E-5
6.519348E1	-4.396677E-5	2.340639E-5
6.529347E1	-4.418857E-5	2.382907E-5
6.539346E1	-4.398642E-5	2.320463E-5
6.549345E1	-4.385464E-5	2.308582E-5
6.559344E1	-4.383114E-5	2.369859E-5
6.569343E1	-4.375729E-5	2.390460E-5
6.579342E1	-4.327468E-5	2.355743E-5
6.589341E1	-4.337822E-5	2.308599E-5
6.599340E1	-4.333749E-5	2.305960E-5
6.609339E1	-4.338644E-5	2.255003E-5
6.619338E1	-4.329478E-5	2.198165E-5
6.629337E1	-4.369161E-5	2.184539E-5
6.639336E1	-4.374316E-5	2.171804E-5
6.649335E1	-4.358724E-5	2.143254E-5
6.659334E1	-4.340491E-5	2.139126E-5
6.669333E1	-4.322495E-5	2.117554E-5
6.679332E1	-4.334606E-5	2.100153E-5
6.689331E1	-4.310414E-5	2.088628E-5
6.699330E1	-4.242801E-5	2.089336E-5
6.709329E1	-4.239000E-5	2.052319E-5
6.719328E1	-4.229361E-5	1.991757E-5
6.729327E1	-4.227348E-5	1.944098E-5
6.739326E1	-4.255384E-5	1.917392E-5
6.749325E1	-4.268544E-5	1.944602E-5
6.759324E1	-4.269491E-5	1.964535E-5
6.769323E1	-4.293752E-5	1.974689E-5
6.779322E1	-4.307676E-5	1.922654E-5
6.789321E1	-4.305075E-5	1.845879E-5
6.799320E1	-4.256128E-5	1.795993E-5
6.809319E1	-4.280888E-5	1.739216E-5
6.819318E1	-4.257556E-5	1.744271E-5
6.829317E1	-4.240950E-5	1.737541E-5
6.839316E1	-4.272682E-5	1.752379E-5
6.849315E1	-4.324831E-5	1.749171E-5
6.859314E1	-4.335967E-5	1.716676E-5
6.869313E1	-4.364823E-5	1.689515E-5
6.879312E1	-4.371939E-5	1.701986E-5
6.889311E1	-4.354731E-5	1.728810E-5
6.899310E1	-4.325138E-5	1.726189E-5
6.909309E1	-4.294286E-5	1.696710E-5
6.919308E1	-4.313379E-5	1.667924E-5
6.929307E1	-4.326710E-5	1.689612E-5
6.939306E1	-4.273378E-5	1.783546E-5
6.949305E1	-4.232474E-5	1.765462E-5
6.959304E1	-4.200828E-5	1.773919E-5
6.969303E1	-4.179669E-5	1.722277E-5
6.979302E1	-4.182138E-5	1.708275E-5
6.989301E1	-4.163588E-5	1.752126E-5
6.999300E1	-4.131403E-5	1.778439E-5
7.009299E1	-4.085753E-5	1.725938E-5
7.019298E1	-4.071444E-5	1.726001E-5
7.029297E1	-4.103523E-5	1.654901E-5
7.039296E1	-4.085330E-5	1.554514E-5
7.049295E1	-4.128893E-5	1.532289E-5
7.059294E1	-4.111896E-5	1.545967E-5
7.069293E1	-4.107659E-5	1.526343E-5
7.079292E1	-4.135460E-5	1.537000E-5
7.089291E1	-4.222817E-5	1.548749E-5
7.099290E1	-4.224897E-5	1.524822E-5
7.109289E1	-4.232354E-5	1.498888E-5
7.119288E1	-4.239568E-5	1.441531E-5
7.129287E1	-4.201765E-5	1.437874E-5
7.139286E1	-4.198804E-5	1.393892E-5
7.149285E1	-4.238335E-5	1.320465E-5
7.159284E1	-4.262223E-5	1.263409E-5
7.169283E1	-4.274064E-5	1.203778E-5
7.179282E1	-4.325670E-5	1.189025E-5
7.189281E1	-4.301870E-5	1.166341E-5
7.199280E1	-4.185639E-5	1.159963E-5
7.209279E1	-4.116136E-5	1.181302E-5
7.219278E1	-4.091681E-5	1.180892E-5
7.229277E1	-4.092551E-5	1.178911E-5
7.239276E1	-4.054276E-5	1.169656E-5
7.249275E1	-4.051166E-5	1.186576E-5
7.259274E1	-4.042413E-5	1.145119E-5
7.269273E1	-4.040427E-5	1.075161E-5
7.279272E1	-4.028948E-5	1.045470E-5
7.289271E1	-4.065703E-5	1.029701E-5
7.299270E1	-4.095179E-5	1.005433E-5
7.309269E1	-4.092448E-5	1.015400E-5
7.319268E1	-4.058416E-5	1.022441E-5
7.329267E1	-3.981749E-5	1.015947E-5
7.339266E1	-3.965833E-5	9.832332E-6
7.349265E1	-3.987620E-5	9.871843E-6
7.359264E1	-4.028847E-5	1.028680E-5
7.369263E1	-4.053858E-5	1.058418E-5
7.379262E1	-4.052298E-5	1.031162E-5
7.389261E1	-4.054390E-5	1.032581E-5
7.399260E1	-4.045471E-5	1.078973E-5
7.409259E1	-4.035852E-5	1.009940E-5
7.419258E1	-4.073015E-5	9.961311E-6
7.429257E1	-4.076947E-5	1.043728E-5
7.439256E1	-4.113568E-5	1.069747E-5
7.449255E1	-4.097773E-5	1.069639E-5
7.459254E1	-4.158034E-5	9.973255E-6
7.469253E1	-4.197204E-5	9.732210E-6
7.479252E1	-4.170086E-5	9.671948E-6
7.489251E1	-4.079694E-5	9.581556E-6
7.499250E1	-4.022446E-5	9.280250E-6
7.509249E1	-3.974237E-5	9.611687E-6
7.519248E1	-3.998341E-5	9.491164E-6
7.529247E1	-4.046550E-5	1.003352E-5
7.539246E1	-4.017076E-5	9.986976E-6
7.549245E1	-4.031485E-5	9.732210E-6
7.559244E1	-4.058603E-5	9.732210E-6
7.569243E1	-4.088733E-5	1.021430E-5
7.579242E1	-4.058603E-5	9.792471E-6
7.589241E1	-4.091746E-5	9.340511E-6
7.599240E1	-4.090236E-5	8.953894E-6
7.609239E1	-4.097765E-5	8.997282E-6
7.619238E1	-4.112394E-5	8.443016E-6
7.629237E1	-4.111458E-5	8.017762E-6
7.639236E1	-4.105738E-5	8.255806E-6
7.649235E1	-4.085720E-5	7.472409E-6
7.659234E1	-4.094731E-5	7.828910E-6
7.669233E1	-4.127903E-5	8.135284E-6
7.679232E1	-4.157048E-5	8.264982E-6
7.689231E1	-4.184822E-5	8.288194E-6
7.699230E1	-4.206243E-5	8.466721E-6
7.709229E1	-4.234398E-5	8.036253E-6
7.719228E1	-4.256564E-5	7.573345E-6
7.729227E1	-4.209394E-5	7.579459E-6
7.739226E1	-4.182138E-5	7.321755E-6
7.749225E1	-4.173099E-5	6.658880E-6
7.759224E1	-4.164060E-5	6.176790E-6
7.769223E1	-4.153732E-5	5.557835E-6
7.779222E1	-4.118700E-5	5.382578E-6
7.789221E1	-4.098393E-5	5.151963E-6
7.799220E1	-4.102132E-5	4.918049E-6
7.809219E1	-4.130916E-5	4.881170E-6
7.819218E1	-4.229930E-5	4.803398E-6
7.829217E1	-4.227334E-5	4.730517E-6
7.839216E1	-4.269254E-5	4.521868E-6
7.849215E1	-4.241622E-5	4.711113E-6
7.859214E1	-4.259950E-5	4.660783E-6
7.869213E1	-4.250464E-5	4.374721E-6
7.879212E1	-4.236374E-5	3.434898E-6
7.889211E1	-4.239387E-5	3.465028E-6
7.899210E1	-4.221308E-5	3.675943E-6
7.909209E1	-4.218295E-5	4.127903E-6
7.919208E1	-4.233361E-5	3.585551E-6
7.929207E1	-4.220362E-5	3.529753E-6
7.939206E1	-4.251824E-5	3.870910E-6
7.949205E1	-4.278557E-5	3.645812E-6
7.959204E1	-4.298390E-5	3.492633E-6
7.969203E1	-4.312352E-5	3.570852E-6
7.979202E1	-4.301594E-5	3.505696E-6
7.989201E1	-4.312304E-5	3.349888E-6
7.999200E1	-4.309785E-5	3.254932E-6
8.009199E1	-4.312382E-5	3.288640E-6
8.019198E1	-4.330713E-5	3.450648E-6
8.029197E1	-4.346393E-5	3.410727E-6
8.039196E1	-4.343996E-5	3.364364E-6
8.049195E1	-4.339630E-5	3.128793E-6
8.059194E1	-4.301075E-5	3.221135E-6
8.069193E1	-4.316786E-5	3.627989E-6
8.079192E1	-4.307558E-5	3.858985E-6
8.089191E1	-4.283168E-5	4.316186E-6
8.099190E1	-4.245567E-5	4.436380E-6
8.109189E1	-4.228028E-5	3.654248E-6
8.119188E1	-4.251439E-5	3.585551E-6
8.129187E1	-4.297375E-5	3.562700E-6
8.139186E1	-4.286841E-5	3.622053E-6
8.149185E1	-4.271470E-5	3.596996E-6
8.159184E1	-4.230348E-5	3.163721E-6
8.169183E1	-4.233361E-5	3.434898E-6
8.179182E1	-4.201835E-5	4.106220E-6
8.189181E1	-4.167073E-5	4.007381E-6
8.199180E1	-4.160227E-5	3.897061E-6
8.209179E1	-4.226505E-5	3.328090E-6
8.219178E1	-4.209256E-5	2.711761E-6
8.229177E1	-4.205059E-5	2.832284E-6
8.239176E1	-4.163678E-5	2.924409E-6
8.249175E1	-4.122945E-5	3.293522E-6
8.259174E1	-4.112796E-5	3.144345E-6
8.269173E1	-4.143518E-5	3.145472E-6
8.279172E1	-4.070655E-5	2.802153E-6
8.289171E1	-4.070655E-5	2.802153E-6
8.299170E1	-4.082707E-5	3.465028E-6
8.309169E1	-4.058603E-5	3.555420E-6
8.319168E1	-4.082707E-5	3.706074E-6
8.329167E1	-4.110480E-5	3.439336E-6
8.339166E1	-4.059456E-5	3.244135E-6
8.349165E1	-4.045808E-5	2.985326E-6
8.359164E1	-3.995938E-5	2.518963E-6
8.369163E1	-3.967483E-5	2.437405E-6
8.379162E1	-3.974127E-5	1.854651E-6
8.389161E1	-3.954915E-5	1.135953E-6
8.399160E1	-3.973028E-5	6.886150E-7
8.409159E1	-3.970112E-5	9.070535E-7
8.419158E1	-3.971669E-5	1.005212E-6
8.429157E1	-3.948616E-5	1.253880E-6
8.439156E1	-3.913479E-5	2.011615E-6
8.449155E1	-3.910666E-5	1.798031E-6
8.459154E1	-3.939669E-5	1.796314E-6
8.469153E1	-3.934885E-5	2.060833E-6
8.479152E1	-3.910962E-5	2.079017E-6
8.489151E1	-3.895897E-5	2.139278E-6
8.499150E1	-3.850701E-5	2.079017E-6
8.509149E1	-3.847688E-5	2.350193E-6
8.519148E1	-3.853714E-5	1.687318E-6
8.529147E1	-3.847688E-5	1.747579E-6
8.539146E1	-3.874806E-5	1.476403E-6
8.549145E1	-3.926015E-5	1.894904E-6
8.559144E1	-3.933050E-5	2.021528E-6
8.569143E1	-3.960098E-5	2.239899E-6
8.579142E1	-3.930446E-5	2.194819E-6
8.589141E1	-3.898608E-5	2.267139E-6
8.599140E1	-3.880430E-5	2.393147E-6
8.609139E1	-3.841044E-5	1.807361E-6
8.619138E1	-3.819341E-5	1.790851E-6
8.629137E1	-3.820941E-5	1.728789E-6
8.639136E1	-3.828637E-5	1.733941E-6
8.649135E1	-3.843095E-5	1.688839E-6
8.659134E1	-3.870767E-5	1.769324E-6
8.669133E1	-3.886557E-5	1.870315E-6
8.679132E1	-3.903413E-5	2.357014E-6
8.689131E1	-3.940428E-5	2.223178E-6
8.699130E1	-3.947550E-5	1.857431E-6
8.709129E1	-3.978486E-5	1.986529E-6
8.719128E1	-3.961933E-5	1.898488E-6
8.729127E1	-3.960832E-5	1.953244E-6
8.739126E1	-3.962350E-5	2.098341E-6
8.749125E1	-3.962629E-5	2.324307E-6
8.759124E1	-3.965915E-5	2.284130E-6
8.769123E1	-3.980263E-5	1.355881E-6
8.779122E1	-3.968127E-5	1.049229E-6
8.789121E1	-3.964392E-5	1.290295E-6
8.799120E1	-3.934424E-5	1.477509E-6
8.809119E1	-3.903735E-5	1.751465E-6
8.819118E1	-3.867167E-5	1.652300E-6
8.829117E1	-3.795733E-5	1.328104E-6
8.839116E1	-3.802952E-5	1.608618E-6
8.849115E1	-3.772978E-5	1.677746E-6
8.859114E1	-3.767850E-5	1.778605E-6
8.869113E1	-3.748257E-5	1.777710E-6
8.879112E1	-3.719413E-5	1.696698E-6
8.889111E1	-3.694194E-5	1.758774E-6
8.899110E1	-3.696150E-5	2.421537E-6
8.909109E1	-3.669673E-5	2.568369E-6
8.919108E1	-3.670359E-5	2.976577E-6
8.929107E1	-3.598954E-5	2.859600E-6
8.939106E1	-3.531657E-5	3.038883E-6
8.949105E1	-3.497558E-5	2.869849E-6
8.959104E1	-3.451988E-5	3.504213E-6
8.969103E1	-3.437528E-5	3.469829E-6
8.979102E1	-3.410498E-5	3.472866E-6
8.989101E1	-3.413834E-5	3.566854E-6
8.999100E1	-3.411542E-5	3.895762E-6
9.009099E1	-3.406570E-5	3.966991E-6
9.019098E1	-3.483751E-5	4.144611E-6
9.029097E1	-3.534522E-5	4.636749E-6
9.039096E1	-3.577670E-5	4.621944E-6
9.049095E1	-3.557078E-5	4.465983E-6
9.059094E1	-3.497645E-5	4.219614E-6
9.069093E1	-3.467697E-5	4.240382E-6
9.079092E1	-3.437295E-5	4.134103E-6
9.089091E1	-3.420544E-5	3.783702E-6
9.099090E1	-3.394460E-5	3.594009E-6
9.109089E1	-3.396060E-5	3.426261E-6
9.119088E1	-3.433209E-5	3.709779E-6
9.129087E1	-3.442874E-5	4.185341E-6
9.139086E1	-3.377088E-5	4.678062E-6
9.149085E1	-3.355291E-5	5.227582E-6
9.159084E1	-3.312168E-5	5.597043E-6
9.169083E1	-3.289510E-5	5.383099E-6
9.179082E1	-3.287275E-5	5.677775E-6
9.189081E1	-3.262768E-5	6.227415E-6
9.199080E1	-3.321135E-5	5.527959E-6
9.209079E1	-3.254174E-5	5.829888E-6
9.219078E1	-3.206592E-5	5.335526E-6
9.229077E1	-3.178481E-5	5.415561E-6
9.239076E1	-3.148829E-5	5.288124E-6
9.249075E1	-3.153336E-5	5.254427E-6
9.259074E1	-3.155220E-5	5.374916E-6
9.269073E1	-3.115412E-5	5.364898E-6
9.279072E1	-3.166413E-5	5.518041E-6
9.289071E1	-3.177543E-5	5.492560E-6
9.299070E1	-3.213008E-5	5.491815E-6
9.309069E1	-3.226796E-5	5.586370E-6
9.319068E1	-3.280377E-5	5.648778E-6
9.329067E1	-3.247994E-5	5.179476E-6
9.339066E1	-3.255002E-5	5.524598E-6
9.349065E1	-3.260140E-5	5.604307E-6
9.359064E1	-3.217346E-5	6.386281E-6
9.369063E1	-3.175699E-5	6.385833E-6
9.379062E1	-3.171335E-5	6.228342E-6
9.389061E1	-3.183472E-5	6.088199E-6
9.399060E1	-3.227640E-5	6.068875E-6
9.409059E1	-3.270417E-5	5.673243E-6
9.419058E1	-3.285996E-5	5.563606E-6
9.429057E1	-3.284741E-5	5.930245E-6
9.439056E1	-3.293614E-5	5.916731E-6
9.449055E1	-3.296749E-5	5.900043E-6
9.459054E1	-3.344535E-5	6.048382E-6
9.469053E1	-3.336339E-5	6.250237E-6
9.479052E1	-3.289219E-5	6.359416E-6
9.489051E1	-3.304868E-5	6.393265E-6
9.499050E1	-3.282845E-5	5.505971E-6
9.509049E1	-3.314567E-5	5.547666E-6
9.519048E1	-3.288290E-5	5.879571E-6
9.529047E1	-3.209668E-5	6.327896E-6
9.539046E1	-3.192614E-5	5.680335E-6
9.549045E1	-3.124901E-5	5.977527E-6
9.559044E1	-3.114163E-5	6.347260E-6
9.569043E1	-3.094958E-5	6.632365E-6
9.579042E1	-3.074618E-5	6.079743E-6
9.589041E1	-3.138574E-5	5.866705E-6
9.599040E1	-3.169748E-5	6.990318E-6
9.609039E1	-3.141180E-5	7.524925E-6
9.619038E1	-3.124791E-5	8.001595E-6
9.629037E1	-3.125500E-5	8.093598E-6
9.639036E1	-3.104415E-5	8.378650E-6
9.649035E1	-3.100559E-5	8.327132E-6
9.659034E1	-3.102188E-5	8.535072E-6
9.669033E1	-3.064024E-5	8.984285E-6
9.679032E1	-3.032454E-5	9.123259E-6
9.689031E1	-3.005686E-5	8.850675E-6
9.699030E1	-3.013354E-5	8.783509E-6
9.709029E1	-3.060772E-5	9.025965E-6
9.719028E1	-3.059255E-5	9.106204E-6
9.729027E1	-3.110886E-5	8.684783E-6
9.739026E1	-3.074781E-5	8.309789E-6
9.749025E1	-3.027556E-5	8.657961E-6
9.759024E1	-3.049608E-5	8.836699E-6
9.769023E1	-3.089759E-5	8.707204E-6
9.779022E1	-3.059046E-5	8.435877E-6
9.789021E1	-3.088395E-5	8.526983E-6
9.799020E1	-3.127565E-5	8.526983E-6
9.809019E1	-3.091408E-5	8.285937E-6
9.819018E1	-3.049225E-5	8.466721E-6
9.829017E1	-3.076342E-5	8.346199E-6
9.839016E1	-3.055251E-5	7.894238E-6
9.849015E1	-3.055251E-5	8.225676E-6
9.859014E1	-3.067303E-5	8.768028E-6
9.869013E1	-3.007042E-5	8.316068E-6
9.879012E1	-2.952807E-5	8.285937E-6
9.889011E1	-2.985950E-5	8.346199E-6
9.899010E1	-3.001016E-5	8.376329E-6
9.909009E1	-3.013068E-5	8.195545E-6
9.919008E1	-3.035214E-5	8.220752E-6
9.929007E1	-3.034816E-5	8.711218E-6
9.939006E1	-3.066007E-5	8.873177E-6
9.949005E1	-3.107174E-5	9.132713E-6
9.959004E1	-3.176426E-5	9.129356E-6
9.969003E1	-3.179299E-5	9.142480E-6
9.979002E1	-3.147757E-5	9.167410E-6
9.989001E1	-3.139229E-5	9.421152E-6
9.999000E1	-3.123581E-5	9.416981E-6
1.000900E2	-3.131159E-5	9.650896E-6
1.001900E2	-3.121539E-5	8.948812E-6
1.002900E2	-3.124552E-5	8.918681E-6
1.003900E2	-3.187826E-5	9.039204E-6
1.004900E2	-3.250387E-5	1.132914E-5
1.005899E2	-3.205904E-5	8.406460E-6
1.006899E2	-3.233022E-5	7.743585E-6
1.007899E2	-3.275205E-5	8.285937E-6
1.008899E2	-3.317388E-5	8.737897E-6
1.009899E2	-3.425390E-5	1.132914E-5
1.010899E2	-3.350532E-5	8.526983E-6
1.011899E2	-3.455877E-5	1.132914E-5
1.012899E2	-3.543368E-5	1.132914E-5
1.013899E2	-3.314375E-5	9.702079E-6
1.014899E2	-3.299310E-5	8.948812E-6
1.015898E2	-3.320401E-5	9.009073E-6
1.016898E2	-3.290270E-5	9.250119E-6
1.017898E2	-3.260140E-5	9.280250E-6
1.018898E2	-3.251100E-5	9.009073E-6
1.019898E2	-3.226996E-5	8.376329E-6
1.020898E2	-3.193852E-5	8.828289E-6
1.021898E2	-3.223983E-5	9.491164E-6
1.022898E2	-3.196865E-5	9.702079E-6
1.023898E2	-3.199878E-5	9.732210E-6
1.024898E2	-3.242061E-5	9.702079E-6
1.025897E2	-3.169748E-5	9.732210E-6
1.026897E2	-3.172761E-5	9.370642E-6
1.027897E2	-3.115512E-5	9.461034E-6
1.028897E2	-3.124552E-5	9.551426E-6
1.029897E2	-3.127565E-5	9.943125E-6
1.030897E2	-3.133591E-5	1.024443E-5
1.031897E2	-3.181800E-5	1.027456E-5
1.032897E2	-3.133591E-5	9.671948E-6
1.033897E2	-3.127565E-5	9.250119E-6
1.034897E2	-3.049225E-5	9.370642E-6
1.035896E2	-2.985950E-5	9.491164E-6
1.036896E2	-2.934728E-5	9.280250E-6
1.037896E2	-2.958833E-5	9.400772E-6
1.038896E2	-2.958833E-5	9.430903E-6
1.039896E2	-2.991977E-5	9.310380E-6
1.040896E2	-3.013068E-5	9.461034E-6
1.041896E2	-3.022107E-5	9.702079E-6
1.042896E2	-2.982937E-5	9.732210E-6
1.043896E2	-2.967872E-5	9.792471E-6
1.044896E2	-2.928702E-5	9.611687E-6
1.045895E2	-2.901585E-5	9.671948E-6
1.046895E2	-2.892545E-5	9.250119E-6
1.047895E2	-2.850362E-5	8.587244E-6
1.048895E2	-2.850362E-5	8.376329E-6
1.049895E2	-2.886519E-5	9.310380E-6
1.050895E2	-2.907611E-5	8.768028E-6
1.051895E2	-2.892545E-5	8.165414E-6
1.052895E2	-2.910624E-5	8.737897E-6
1.053895E2	-2.898571E-5	8.737897E-6
1.054895E2	-2.868441E-5	8.948812E-6
1.055894E2	-2.919663E-5	9.491164E-6
1.056894E2	-2.898571E-5	9.159727E-6
1.057894E2	-2.886519E-5	9.370642E-6
1.058894E2	-2.931715E-5	9.822602E-6
1.059894E2	-2.916650E-5	1.042522E-5
1.060894E2	-2.916650E-5	1.111822E-5
1.061894E2	-2.934728E-5	1.135927E-5
1.062894E2	-2.898571E-5	1.105796E-5
1.063894E2	-2.881164E-5	1.036660E-5
1.064894E2	-2.904449E-5	1.051757E-5
1.065893E2	-2.930130E-5	1.016343E-5
1.066893E2	-2.946738E-5	9.724501E-6
1.067893E2	-2.974732E-5	9.655504E-6
1.068893E2	-3.037173E-5	9.611687E-6
1.069893E2	-3.094421E-5	9.340511E-6
1.070893E2	-3.144482E-5	9.654983E-6
1.071893E2	-3.140767E-5	1.038855E-5
1.072893E2	-3.134323E-5	1.063260E-5
1.073893E2	-3.071722E-5	1.056442E-5
1.074893E2	-3.067800E-5	1.052733E-5
1.075892E2	-3.056106E-5	1.035151E-5
1.076892E2	-3.038337E-5	9.619889E-6
1.077892E2	-3.037173E-5	9.491164E-6
1.078892E2	-3.073329E-5	9.461034E-6
1.079892E2	-2.970885E-5	8.888551E-6
1.080892E2	-2.937741E-5	8.948812E-6
1.081892E2	-2.988964E-5	9.069335E-6
1.082892E2	-3.025120E-5	9.310380E-6
1.083892E2	-3.028133E-5	9.250119E-6
1.084892E2	-3.013068E-5	9.461034E-6
1.085891E2	-3.034160E-5	1.006365E-5
1.086891E2	-2.982937E-5	9.822602E-6
1.087891E2	-2.916650E-5	9.250119E-6
1.088891E2	-2.922676E-5	9.551426E-6
1.089891E2	-2.886519E-5	9.521295E-6
1.090891E2	-2.856389E-5	9.039204E-6
1.091891E2	-2.820232E-5	8.105153E-6
1.092891E2	-2.853375E-5	8.436591E-6
1.093891E2	-2.835297E-5	7.894238E-6
1.094891E2	-2.778049E-5	8.014761E-6
1.095890E2	-2.744905E-5	8.014761E-6
1.096890E2	-2.738879E-5	7.773716E-6
1.097890E2	-2.744905E-5	8.225676E-6
1.098890E2	-2.744905E-5	8.647505E-6
1.099890E2	-2.790101E-5	8.647505E-6
1.100890E2	-2.747918E-5	8.285937E-6
1.101890E2	-2.699709E-5	8.587244E-6
1.102890E2	-2.693683E-5	8.828289E-6
1.103890E2	-2.705735E-5	9.370642E-6
1.104890E2	-2.703162E-5	9.387882E-6
1.105889E2	-2.682327E-5	8.758375E-6
1.106889E2	-2.612330E-5	8.105153E-6
1.107889E2	-2.566734E-5	8.768028E-6
1.108889E2	-2.591708E-5	8.774518E-6
1.109889E2	-2.555082E-5	8.285937E-6
1.110889E2	-2.482768E-5	8.978943E-6
1.111889E2	-2.524951E-5	8.647505E-6
1.112889E2	-2.561108E-5	9.069335E-6
1.113889E2	-2.530977E-5	9.340511E-6
1.114889E2	-2.537003E-5	9.009073E-6
1.115888E2	-2.502063E-5	9.024729E-6
1.116888E2	-2.489827E-5	9.064207E-6
1.117888E2	-2.511151E-5	9.172270E-6
1.118888E2	-2.488158E-5	9.049224E-6
1.119888E2	-2.482505E-5	8.963165E-6
1.120888E2	-2.465109E-5	9.077190E-6
1.121888E2	-2.413754E-5	8.767041E-6
1.122888E2	-2.360806E-5	8.727714E-6
1.123888E2	-2.419356E-5	8.435887E-6
1.124888E2	-2.432375E-5	8.381758E-6
1.125887E2	-2.491807E-5	8.526983E-6
1.126887E2	-2.480830E-5	8.307520E-6
1.127887E2	-2.439792E-5	8.029583E-6
1.128887E2	-2.455274E-5	7.643352E-6
1.129887E2	-2.446233E-5	7.621786E-6
1.130887E2	-2.451867E-5	7.585418E-6
1.131887E2	-2.467000E-5	8.031558E-6
1.132887E2	-2.441092E-5	8.067121E-6
1.133887E2	-2.413444E-5	7.822093E-6
1.134887E2	-2.369754E-5	7.668352E-6
1.135886E2	-2.333702E-5	7.502104E-6
1.136886E2	-2.331684E-5	7.171172E-6
1.137886E2	-2.333726E-5	6.646944E-6
1.138886E2	-2.366565E-5	6.926316E-6
1.139886E2	-2.401569E-5	6.809126E-6
1.140886E2	-2.409903E-5	7.435933E-6
1.141886E2	-2.441086E-5	7.573983E-6
1.142886E2	-2.449763E-5	7.579357E-6
1.143886E2	-2.444468E-5	7.546647E-6
1.144886E2	-2.565749E-5	7.672655E-6
1.145885E2	-2.534670E-5	6.776583E-6
1.146885E2	-2.419567E-5	8.669156E-6
1.147885E2	-2.464690E-5	9.129596E-6
1.148885E2	-2.467703E-5	8.918681E-6
1.149885E2	-2.443598E-5	8.406460E-6
1.150885E2	-2.470716E-5	7.653193E-6
1.151885E2	-2.419494E-5	6.508227E-6
1.152885E2	-2.413468E-5	7.020449E-6
1.153885E2	-2.452637E-5	6.869795E-6
1.154885E2	-2.419494E-5	6.357574E-6
1.155884E2	-2.422507E-5	6.237051E-6
1.156884E2	-2.434559E-5	6.719142E-6
1.157884E2	-2.392376E-5	8.406460E-6
1.158884E2	-2.428533E-5	7.321755E-6
1.159884E2	-2.286919E-5	7.080710E-6
1.160884E2	-2.347180E-5	6.417835E-6
1.161884E2	-2.395389E-5	6.839664E-6
1.162884E2	-2.449624E-5	6.598619E-6
1.163884E2	-2.434559E-5	6.417835E-6
1.164884E2	-2.446611E-5	6.568488E-6
1.165883E2	-2.455650E-5	6.598619E-6
1.166883E2	-2.431546E-5	7.201233E-6
1.167883E2	-2.431546E-5	7.442278E-6
1.168883E2	-2.530977E-5	7.261494E-6
1.169883E2	-2.606304E-5	7.442278E-6
1.170883E2	-2.648487E-5	7.020449E-6
1.171883E2	-2.633421E-5	7.532670E-6
1.172883E2	-2.642461E-5	7.231363E-6
1.173883E2	-2.540016E-5	7.140971E-6
1.174883E2	-2.488794E-5	7.713454E-6
1.175882E2	-2.515912E-5	7.924369E-6
1.176882E2	-2.558095E-5	7.713454E-6
1.177882E2	-2.564121E-5	7.502539E-6
1.178882E2	-2.558095E-5	8.105153E-6
1.179882E2	-2.573160E-5	8.346199E-6
1.180882E2	-2.594252E-5	8.285937E-6
1.181882E2	-2.594252E-5	7.894238E-6
1.182882E2	-2.594252E-5	7.321755E-6
1.183882E2	-2.588225E-5	7.743585E-6
1.184882E2	-2.600278E-5	7.984630E-6
1.185881E2	-2.618356E-5	7.623062E-6
1.186881E2	-2.630408E-5	7.623062E-6
1.187881E2	-2.678617E-5	7.502539E-6
1.188881E2	-2.678617E-5	7.140971E-6
1.189881E2	-2.708748E-5	6.809534E-6
1.190881E2	-2.793114E-5	6.719142E-6
1.191881E2	-2.814206E-5	7.020449E-6
1.192881E2	-2.756957E-5	6.749272E-6
1.193881E2	-2.765996E-5	6.357574E-6
1.194881E2	-2.735866E-5	5.815221E-6
1.195880E2	-2.805166E-5	6.538358E-6
1.196880E2	-2.805166E-5	7.291625E-6
1.197880E2	-2.765996E-5	6.869795E-6
1.198880E2	-2.765996E-5	6.568488E-6
1.199880E2	-2.817219E-5	7.080710E-6
1.200880E2	-2.799140E-5	7.351886E-6
1.201880E2	-2.799140E-5	7.080710E-6
1.202880E2	-2.720800E-5	6.809534E-6
1.203880E2	-2.720800E-5	6.809534E-6
1.204880E2	-2.684644E-5	6.538358E-6
1.205879E2	-2.756957E-5	6.056267E-6
1.206879E2	-2.747918E-5	5.634437E-6
1.207879E2	-2.738879E-5	5.634437E-6
1.208879E2	-2.705735E-5	5.845352E-6
1.209879E2	-2.624382E-5	5.634437E-6
1.210879E2	-2.588225E-5	5.513915E-6
1.211879E2	-2.594252E-5	5.875483E-6
1.212879E2	-2.561108E-5	6.297312E-6
1.213879E2	-2.540016E-5	6.628750E-6
1.214879E2	-2.588225E-5	6.960187E-6
1.215878E2	-2.567134E-5	7.321755E-6
1.216878E2	-2.576173E-5	7.924369E-6
1.217878E2	-2.570147E-5	7.653193E-6
1.218878E2	-2.600278E-5	7.412147E-6
1.219878E2	-2.657526E-5	7.924369E-6
1.220878E2	-2.681631E-5	8.255806E-6
1.221878E2	-2.708748E-5	7.683324E-6
1.222878E2	-2.744905E-5	7.924369E-6
1.223878E2	-2.726827E-5	8.346199E-6
1.224878E2	-2.744905E-5	8.587244E-6
1.225877E2	-2.765996E-5	8.526983E-6
1.226877E2	-2.772023E-5	8.948812E-6
1.227877E2	-2.741892E-5	9.461034E-6
1.228877E2	-2.684644E-5	9.370642E-6
1.229877E2	-2.711761E-5	8.798159E-6
1.230877E2	-2.744905E-5	8.768028E-6
1.231877E2	-2.696696E-5	8.647505E-6
1.232877E2	-2.696696E-5	8.044892E-6
1.233877E2	-2.708748E-5	7.743585E-6
1.234877E2	-2.711761E-5	7.924369E-6
1.235876E2	-2.705735E-5	8.135284E-6
1.236876E2	-2.684368E-5	8.076269E-6
1.237876E2	-2.606130E-5	7.995748E-6
1.238876E2	-2.606242E-5	7.618236E-6
1.239876E2	-2.574043E-5	8.121724E-6
1.240876E2	-2.578892E-5	8.357085E-6
1.241876E2	-2.570016E-5	7.946640E-6
1.242876E2	-2.521938E-5	7.864108E-6
1.243876E2	-2.509882E-5	8.350286E-6
1.244876E2	-2.459552E-5	8.315630E-6
1.245875E2	-2.559293E-5	1.054574E-5
1.246875E2	-2.443967E-5	8.285593E-6
1.247875E2	-2.424373E-5	8.538500E-6
1.248875E2	-2.482379E-5	8.765806E-6
1.249875E2	-2.472461E-5	8.873896E-6
1.250875E2	-2.476799E-5	8.727798E-6
1.251875E2	-2.469554E-5	8.754216E-6
1.252875E2	-2.447322E-5	8.644650E-6
1.253875E2	-2.465178E-5	8.355195E-6
1.254875E2	-2.482862E-5	8.765884E-6
1.255874E2	-2.449503E-5	9.067952E-6
1.256874E2	-2.415101E-5	9.181099E-6
1.257874E2	-2.410579E-5	8.855718E-6
1.258874E2	-2.455695E-5	8.886784E-6
1.259874E2	-2.705735E-5	1.006365E-5
1.260874E2	-2.570147E-5	8.496852E-6
1.261874E2	-2.368269E-5	1.006365E-5
1.262874E2	-2.705735E-5	1.006365E-5
1.263874E2	-2.613365E-5	8.262995E-6
1.264874E2	-2.743755E-5	4.513737E-6
1.265873E2	-2.648487E-5	7.984630E-6
1.266873E2	-2.642461E-5	7.502539E-6
1.267873E2	-2.645474E-5	7.623062E-6
1.268873E2	-2.642445E-5	7.598747E-6
1.269873E2	-2.681115E-5	7.689782E-6
1.270873E2	-2.666970E-5	8.102978E-6
1.271873E2	-2.681087E-5	8.327794E-6
1.272873E2	-2.675531E-5	7.871070E-6
1.273873E2	-2.666373E-5	7.794202E-6
1.274873E2	-2.650114E-5	7.401338E-6
1.275872E2	-2.665280E-5	6.888558E-6
1.276872E2	-2.710174E-5	6.830791E-6
1.277872E2	-2.699390E-5	6.747059E-6
1.278872E2	-2.684919E-5	6.940696E-6
1.279872E2	-2.710674E-5	7.157323E-6
1.280872E2	-2.740050E-5	6.737220E-6
1.281872E2	-2.781034E-5	6.457743E-6
1.282872E2	-2.733933E-5	6.424371E-6
1.283872E2	-2.718133E-5	6.406908E-6
1.284872E2	-2.706949E-5	6.668235E-6
1.285871E2	-2.734757E-5	6.735341E-6
1.286871E2	-2.756742E-5	6.695879E-6
1.287871E2	-2.739621E-5	6.463251E-6
1.288871E2	-2.734181E-5	6.743598E-6
1.289871E2	-2.705941E-5	6.299708E-6
1.290871E2	-2.712809E-5	6.660214E-6
1.291871E2	-2.691374E-5	6.855526E-6
1.292871E2	-2.731069E-5	6.648328E-6
1.293871E2	-2.762983E-5	6.628750E-6
1.294871E2	-2.768275E-5	6.788791E-6
1.295870E2	-2.728230E-5	6.716823E-6
1.296870E2	-2.665105E-5	6.519668E-6
1.297870E2	-2.632477E-5	6.011187E-6
1.298870E2	-2.642275E-5	6.119255E-6
1.299870E2	-2.682876E-5	6.174681E-6
1.300870E2	-2.754853E-5	6.011482E-6
1.301870E2	-2.758880E-5	5.993717E-6
1.302870E2	-2.793938E-5	6.170475E-6
1.303870E2	-2.766633E-5	6.456495E-6
1.304870E2	-2.783281E-5	6.475936E-6
1.305869E2	-2.768614E-5	6.400480E-6
1.306869E2	-2.793930E-5	6.440631E-6
1.307869E2	-2.782460E-5	6.729670E-6
1.308869E2	-2.786619E-5	6.694570E-6
1.309869E2	-2.807239E-5	6.987552E-6
1.310869E2	-2.827424E-5	7.215699E-6
1.311869E2	-2.844268E-5	7.287659E-6
1.312869E2	-2.794475E-5	7.103849E-6
