0.000000E0	2.698780E-5	3.984975E-5
9.999000E-2	2.659989E-5	4.008379E-5
1.999800E-1	2.723207E-5	4.012752E-5
2.999700E-1	2.702212E-5	4.020465E-5
3.999600E-1	2.749363E-5	3.988604E-5
4.999500E-1	2.778125E-5	3.990925E-5
5.999400E-1	2.771086E-5	4.032911E-5
6.999300E-1	2.709093E-5	4.066526E-5
7.999200E-1	2.680823E-5	4.070519E-5
8.999100E-1	2.616529E-5	4.126805E-5
9.999000E-1	2.573295E-5	4.175970E-5
1.099890E0	2.601873E-5	4.166941E-5
1.199880E0	2.607841E-5	4.146502E-5
1.299870E0	2.613520E-5	4.114210E-5
1.399860E0	2.662789E-5	4.079594E-5
1.499850E0	2.675694E-5	4.059870E-5
1.599840E0	2.638409E-5	4.014025E-5
1.699830E0	2.635075E-5	4.020836E-5
1.799820E0	2.648889E-5	4.014536E-5
1.899810E0	2.668554E-5	3.997603E-5
1.999800E0	2.697757E-5	3.927926E-5
2.099790E0	2.672874E-5	3.857640E-5
2.199780E0	2.672916E-5	3.888807E-5
2.299770E0	2.655862E-5	3.892204E-5
2.399760E0	2.637093E-5	3.818475E-5
2.499750E0	2.631557E-5	3.771311E-5
2.599740E0	2.616256E-5	3.748372E-5
2.699730E0	2.619069E-5	3.760137E-5
2.799720E0	2.615763E-5	3.793994E-5
2.899710E0	2.588787E-5	3.747398E-5
2.999700E0	2.607882E-5	3.795497E-5
3.099690E0	2.700593E-5	3.771904E-5
3.199680E0	2.702671E-5	3.792392E-5
3.299670E0	2.719299E-5	3.816834E-5
3.399660E0	2.670515E-5	3.807251E-5
3.499650E0	2.663583E-5	3.843895E-5
3.599640E0	2.695778E-5	3.813986E-5
3.699630E0	2.685187E-5	3.776451E-5
3.799620E0	2.665533E-5	3.768535E-5
3.899610E0	2.653918E-5	3.782055E-5
3.999600E0	2.668670E-5	3.770916E-5
4.099590E0	2.679162E-5	3.763754E-5
4.199580E0	2.642194E-5	3.720137E-5
4.299570E0	2.623998E-5	3.697810E-5
4.399560E0	2.624776E-5	3.720121E-5
4.499550E0	2.628351E-5	3.720716E-5
4.599540E0	2.657071E-5	3.725296E-5
4.699530E0	2.599449E-5	3.768890E-5
4.799520E0	2.603862E-5	3.793956E-5
4.899510E0	2.578823E-5	3.838471E-5
4.999500E0	2.576988E-5	3.896486E-5
5.099490E0	2.567009E-5	3.965922E-5
5.199480E0	2.555678E-5	3.949455E-5
5.299470E0	2.614049E-5	3.935463E-5
5.399460E0	2.623014E-5	3.895897E-5
5.499450E0	2.512068E-5	3.870043E-5
5.599440E0	2.490412E-5	3.846800E-5
5.699430E0	2.496901E-5	3.797926E-5
5.799420E0	2.558511E-5	3.789542E-5
5.899410E0	2.546524E-5	3.797126E-5
5.999400E0	2.503468E-5	3.824536E-5
6.099390E0	2.500506E-5	3.843414E-5
6.199380E0	2.526651E-5	3.797441E-5
6.299370E0	2.527714E-5	3.815406E-5
6.399360E0	2.529405E-5	3.776051E-5
6.499350E0	2.550516E-5	3.776010E-5
6.599340E0	2.576808E-5	3.771614E-5
6.699330E0	2.575929E-5	3.764104E-5
6.799320E0	2.597265E-5	3.748257E-5
6.899310E0	2.621129E-5	3.666272E-5
6.999300E0	2.631792E-5	3.642975E-5
7.099290E0	2.642461E-5	3.654852E-5
7.199280E0	2.663552E-5	3.624721E-5
7.299270E0	2.711761E-5	3.615682E-5
7.399260E0	2.657526E-5	3.603629E-5
7.499250E0	2.564121E-5	3.567473E-5
7.599240E0	2.598360E-5	3.551426E-5
7.699230E0	2.618594E-5	3.506977E-5
7.799220E0	2.599001E-5	3.489800E-5
7.899210E0	2.591609E-5	3.429215E-5
7.999200E0	2.634341E-5	3.432360E-5
8.099190E0	2.601464E-5	3.369649E-5
8.199180E0	2.607226E-5	3.303471E-5
8.299170E0	2.599931E-5	3.246356E-5
8.399160E0	2.564121E-5	3.175774E-5
8.499150E0	2.564121E-5	3.175774E-5
8.599140E0	2.507729E-5	3.208120E-5
8.699130E0	2.497049E-5	3.260762E-5
8.799120E0	2.578971E-5	3.287371E-5
8.899110E0	2.612814E-5	3.305874E-5
8.999100E0	2.606111E-5	3.298354E-5
9.099090E0	2.607484E-5	3.286674E-5
9.199080E0	2.551569E-5	3.271906E-5
9.299070E0	2.576173E-5	3.223983E-5
9.399060E0	2.582199E-5	3.199878E-5
9.499050E0	2.618356E-5	3.133591E-5
9.599040E0	2.601727E-5	3.111323E-5
9.699030E0	2.621369E-5	3.085382E-5
9.799020E0	2.681631E-5	3.094421E-5
9.899010E0	2.684644E-5	3.073329E-5
9.999000E0	2.627395E-5	3.067303E-5
1.009899E1	2.607919E-5	3.118674E-5
1.019898E1	2.554010E-5	3.114752E-5
1.029897E1	2.557454E-5	3.075323E-5
1.039896E1	2.560393E-5	3.056271E-5
1.049895E1	2.567680E-5	3.053452E-5
1.059894E1	2.569345E-5	2.990134E-5
1.069893E1	2.575336E-5	2.965587E-5
1.079892E1	2.534907E-5	2.962056E-5
1.089891E1	2.582458E-5	3.014263E-5
1.099890E1	2.576498E-5	2.978247E-5
1.109889E1	2.555580E-5	2.998355E-5
1.119888E1	2.503201E-5	3.030216E-5
1.129887E1	2.483690E-5	3.001403E-5
1.139886E1	2.484231E-5	2.996510E-5
1.149885E1	2.484739E-5	3.032038E-5
1.159884E1	2.493317E-5	3.126213E-5
1.169883E1	2.451614E-5	3.169370E-5
1.179882E1	2.413305E-5	3.233340E-5
1.189881E1	2.358384E-5	3.160275E-5
1.199880E1	2.343213E-5	3.117960E-5
1.209879E1	2.387356E-5	3.061627E-5
1.219878E1	2.408771E-5	3.048717E-5
1.229877E1	2.413192E-5	3.058688E-5
1.239876E1	2.409947E-5	3.024330E-5
1.249875E1	2.454343E-5	3.015444E-5
1.259874E1	2.413163E-5	3.014998E-5
1.269873E1	2.413322E-5	2.968774E-5
1.279872E1	2.402269E-5	2.977200E-5
1.289871E1	2.336194E-5	2.965593E-5
1.299870E1	2.326111E-5	2.967873E-5
1.309869E1	2.317720E-5	2.970669E-5
1.319868E1	2.309751E-5	2.977940E-5
1.329867E1	2.363818E-5	3.004984E-5
1.339866E1	2.389363E-5	3.056454E-5
1.349865E1	2.376594E-5	3.048338E-5
1.359864E1	2.370663E-5	3.011427E-5
1.369863E1	2.354972E-5	3.026155E-5
1.379862E1	2.369038E-5	3.026970E-5
1.389861E1	2.429570E-5	3.034935E-5
1.399860E1	2.408735E-5	3.028895E-5
1.409859E1	2.406050E-5	3.026286E-5
1.419858E1	2.479360E-5	3.007124E-5
1.429857E1	2.545667E-5	3.025715E-5
1.439856E1	2.514097E-5	3.029908E-5
1.449855E1	2.461677E-5	2.988964E-5
1.459854E1	2.437572E-5	3.079356E-5
1.469853E1	2.443598E-5	3.055251E-5
1.479852E1	2.473729E-5	2.985950E-5
1.489851E1	2.509886E-5	2.910624E-5
1.499850E1	2.512899E-5	2.919663E-5
1.509849E1	2.485781E-5	2.964859E-5
1.519848E1	2.473729E-5	2.998003E-5
1.529847E1	2.518925E-5	2.934728E-5
1.539846E1	2.573160E-5	2.916650E-5
1.549845E1	2.527964E-5	2.931715E-5
1.559844E1	2.482768E-5	2.952807E-5
1.569843E1	2.449624E-5	2.955820E-5
1.579842E1	2.344167E-5	2.976911E-5
1.589841E1	2.353206E-5	2.964859E-5
1.599840E1	2.365258E-5	2.943767E-5
1.609839E1	2.401415E-5	2.877480E-5
1.619838E1	2.403547E-5	2.804183E-5
1.629837E1	2.400598E-5	2.775634E-5
1.639836E1	2.347180E-5	2.723814E-5
1.649835E1	2.365258E-5	2.741892E-5
1.659834E1	2.357045E-5	2.787077E-5
1.669833E1	2.340390E-5	2.768917E-5
1.679832E1	2.316389E-5	2.724937E-5
1.689831E1	2.371285E-5	2.711761E-5
1.699830E1	2.312461E-5	2.646837E-5
1.709829E1	2.295958E-5	2.573160E-5
1.719828E1	2.329102E-5	2.527964E-5
1.729827E1	2.257168E-5	2.461402E-5
1.739826E1	2.320062E-5	2.482768E-5
1.749825E1	2.304997E-5	2.458664E-5
1.759824E1	2.314036E-5	2.467703E-5
1.769823E1	2.216981E-5	2.323926E-5
1.779822E1	2.271853E-5	2.404428E-5
1.789821E1	2.344167E-5	2.410454E-5
1.799820E1	2.226256E-5	2.281359E-5
1.809819E1	2.401415E-5	2.380324E-5
1.819818E1	2.378928E-5	2.396517E-5
1.829817E1	2.420483E-5	2.351892E-5
1.839816E1	2.457919E-5	2.357076E-5
1.849815E1	2.472312E-5	2.372325E-5
1.859814E1	2.498390E-5	2.333316E-5
1.869813E1	2.497052E-5	2.312640E-5
1.879812E1	2.499843E-5	2.251396E-5
1.889811E1	2.514139E-5	2.230916E-5
1.899810E1	2.469720E-5	2.192241E-5
1.909809E1	2.442085E-5	2.183251E-5
1.919808E1	2.438320E-5	2.236000E-5
1.929807E1	2.378147E-5	2.243301E-5
1.939806E1	2.366335E-5	2.254233E-5
1.949805E1	2.353040E-5	2.275252E-5
1.959804E1	2.358038E-5	2.284072E-5
1.969803E1	2.351738E-5	2.262282E-5
1.979802E1	2.341154E-5	2.175435E-5
1.989801E1	2.425231E-5	2.121195E-5
1.999800E1	2.469204E-5	2.132395E-5
2.009799E1	2.493070E-5	2.124003E-5
2.019798E1	2.479755E-5	2.193514E-5
2.029797E1	2.462996E-5	2.236822E-5
2.039796E1	2.450349E-5	2.303518E-5
2.049795E1	2.427418E-5	2.339769E-5
2.059794E1	2.432157E-5	2.348399E-5
2.069793E1	2.474258E-5	2.379462E-5
2.079792E1	2.454090E-5	2.402807E-5
2.089791E1	2.421935E-5	2.395818E-5
2.099790E1	2.342935E-5	2.347724E-5
2.109789E1	2.313875E-5	2.357999E-5
2.119788E1	2.271375E-5	2.323249E-5
2.129787E1	2.336003E-5	2.246384E-5
2.139786E1	2.333588E-5	2.185712E-5
2.149785E1	2.338141E-5	2.190500E-5
2.159784E1	2.383337E-5	2.205566E-5
2.169783E1	2.429639E-5	2.192060E-5
2.179782E1	2.470846E-5	2.168108E-5
2.189781E1	2.471814E-5	2.143683E-5
2.199780E1	2.523193E-5	2.098430E-5
2.209779E1	2.551820E-5	2.117019E-5
2.219778E1	2.564002E-5	2.093290E-5
2.229777E1	2.546228E-5	2.053866E-5
2.239776E1	2.572628E-5	2.028856E-5
2.249775E1	2.597737E-5	2.018255E-5
2.259774E1	2.615343E-5	1.964520E-5
2.269773E1	2.606304E-5	1.982599E-5
2.279772E1	2.615343E-5	1.949455E-5
2.289771E1	2.672591E-5	1.904259E-5
2.299770E1	2.618356E-5	1.928364E-5
2.309769E1	2.570147E-5	1.976573E-5
2.319768E1	2.594252E-5	2.012729E-5
2.329767E1	2.636435E-5	1.955481E-5
2.339766E1	2.594252E-5	1.916311E-5
2.349765E1	2.543029E-5	1.889194E-5
2.359764E1	2.548798E-5	1.898032E-5
2.369763E1	2.607655E-5	1.879721E-5
2.379762E1	2.543029E-5	1.880154E-5
2.389761E1	2.546043E-5	1.886181E-5
2.399760E1	2.561108E-5	1.919324E-5
2.409759E1	2.611979E-5	1.968849E-5
2.419758E1	2.634079E-5	2.011321E-5
2.429757E1	2.583025E-5	1.949376E-5
2.439756E1	2.606304E-5	1.904259E-5
2.449755E1	2.564121E-5	1.949455E-5
2.459754E1	2.534659E-5	2.025459E-5
2.469753E1	2.534560E-5	2.073040E-5
2.479752E1	2.530698E-5	2.090802E-5
2.489751E1	2.458664E-5	2.097095E-5
2.499750E1	2.425520E-5	2.069978E-5
2.509749E1	2.376989E-5	2.026568E-5
2.519748E1	2.372794E-5	2.088489E-5
2.529747E1	2.332475E-5	2.091211E-5
2.539746E1	2.300195E-5	2.073358E-5
2.549745E1	2.383337E-5	2.054912E-5
2.559744E1	2.384587E-5	2.005985E-5
2.569743E1	2.377067E-5	1.954260E-5
2.579742E1	2.423554E-5	1.958156E-5
2.589741E1	2.428806E-5	1.972264E-5
2.599740E1	2.359232E-5	1.973560E-5
2.609739E1	2.347180E-5	1.979586E-5
2.619738E1	2.314036E-5	2.045873E-5
2.629737E1	2.286919E-5	2.060939E-5
2.639736E1	2.304997E-5	2.048886E-5
2.649735E1	2.341154E-5	1.979586E-5
2.659734E1	2.268840E-5	1.979586E-5
2.669733E1	2.238925E-5	2.040811E-5
2.679732E1	2.235675E-5	2.066876E-5
2.689731E1	2.172422E-5	2.036834E-5
2.699730E1	2.148318E-5	2.076004E-5
2.709729E1	2.154344E-5	2.024782E-5
2.719728E1	2.166396E-5	1.964520E-5
2.729727E1	2.160370E-5	1.961507E-5
2.739726E1	2.119841E-5	1.984123E-5
2.749725E1	2.104167E-5	1.985232E-5
2.759724E1	2.064974E-5	1.968679E-5
2.769723E1	2.097607E-5	1.962324E-5
2.779722E1	2.155509E-5	1.909245E-5
2.789721E1	2.149286E-5	1.921376E-5
2.799720E1	2.121318E-5	1.909440E-5
2.809719E1	2.123181E-5	1.882615E-5
2.819718E1	2.172555E-5	1.863426E-5
2.829717E1	2.140944E-5	1.901824E-5
2.839716E1	2.160072E-5	1.900580E-5
2.849715E1	2.175527E-5	1.894960E-5
2.859714E1	2.179206E-5	1.914454E-5
2.869713E1	2.179299E-5	1.935477E-5
2.879712E1	2.159627E-5	1.939646E-5
2.889711E1	2.236427E-5	1.910039E-5
2.899710E1	2.279937E-5	1.889609E-5
2.909709E1	2.270312E-5	1.845422E-5
2.919708E1	2.265846E-5	1.814656E-5
2.929707E1	2.285755E-5	1.738738E-5
2.939706E1	2.262454E-5	1.743777E-5
2.949705E1	2.233053E-5	1.775602E-5
2.959704E1	2.231893E-5	1.746088E-5
2.969703E1	2.247423E-5	1.739873E-5
2.979702E1	2.258392E-5	1.759640E-5
2.989701E1	2.273835E-5	1.771472E-5
2.999700E1	2.299730E-5	1.767354E-5
3.009699E1	2.309446E-5	1.809302E-5
3.019698E1	2.278674E-5	1.753449E-5
3.029697E1	2.247617E-5	1.677326E-5
3.039696E1	2.305075E-5	1.665033E-5
3.049695E1	2.373923E-5	1.656834E-5
3.059694E1	2.402975E-5	1.648131E-5
3.069693E1	2.386681E-5	1.665067E-5
3.079692E1	2.349376E-5	1.636476E-5
3.089691E1	2.353415E-5	1.618536E-5
3.099690E1	2.355545E-5	1.571949E-5
3.109689E1	2.302123E-5	1.528374E-5
3.119688E1	2.324406E-5	1.526145E-5
3.129687E1	2.340742E-5	1.524833E-5
3.139686E1	2.332425E-5	1.527855E-5
3.149685E1	2.318352E-5	1.508008E-5
3.159684E1	2.255129E-5	1.474048E-5
3.169683E1	2.228239E-5	1.434697E-5
3.179682E1	2.191622E-5	1.400652E-5
3.189681E1	2.183201E-5	1.392580E-5
3.199680E1	2.171278E-5	1.362498E-5
3.209679E1	2.136530E-5	1.317301E-5
3.219678E1	2.125566E-5	1.341337E-5
3.229677E1	2.131721E-5	1.382638E-5
3.239676E1	2.149126E-5	1.301744E-5
3.249675E1	2.115636E-5	1.293095E-5
3.259674E1	2.131188E-5	1.285291E-5
3.269673E1	2.174463E-5	1.347206E-5
3.279672E1	2.138222E-5	1.300109E-5
3.289671E1	2.089689E-5	1.307067E-5
3.299670E1	2.088698E-5	1.142420E-5
3.309669E1	2.036887E-5	1.204521E-5
3.319668E1	2.067619E-5	1.196890E-5
3.329667E1	2.121146E-5	1.205902E-5
3.339666E1	2.076053E-5	1.206200E-5
3.349665E1	2.113017E-5	1.224981E-5
3.359664E1	2.119751E-5	1.204510E-5
3.369663E1	2.126901E-5	1.192163E-5
3.379662E1	2.099271E-5	1.230976E-5
3.389661E1	2.128868E-5	1.258071E-5
3.399660E1	2.090819E-5	1.253540E-5
3.409659E1	2.081420E-5	1.189654E-5
3.419658E1	2.123211E-5	1.134634E-5
3.429657E1	2.155380E-5	1.134516E-5
3.439656E1	2.157078E-5	1.126429E-5
3.449655E1	2.164007E-5	1.085727E-5
3.459654E1	2.247792E-5	1.067051E-5
3.469653E1	2.274774E-5	1.098166E-5
3.479652E1	2.300493E-5	1.036256E-5
3.489651E1	2.356055E-5	1.073544E-5
3.499650E1	2.422533E-5	1.007047E-5
3.509649E1	2.421036E-5	1.026248E-5
3.519648E1	2.382748E-5	1.042634E-5
3.529647E1	2.372421E-5	1.047951E-5
3.539646E1	2.369478E-5	1.026486E-5
3.549645E1	2.336640E-5	1.026116E-5
3.559644E1	2.334243E-5	1.041924E-5
3.569643E1	2.300625E-5	1.024737E-5
3.579642E1	2.316455E-5	1.000795E-5
3.589641E1	2.275765E-5	9.782576E-6
3.599640E1	2.296375E-5	9.661284E-6
3.609639E1	2.322120E-5	9.380507E-6
3.619638E1	2.317909E-5	9.007372E-6
3.629637E1	2.289020E-5	8.886988E-6
3.639636E1	2.285256E-5	8.899644E-6
3.649635E1	2.249389E-5	8.841436E-6
3.659634E1	2.239799E-5	8.652461E-6
3.669633E1	2.208333E-5	8.491756E-6
3.679632E1	2.265535E-5	8.946550E-6
3.689631E1	2.273092E-5	8.938989E-6
3.699630E1	2.269477E-5	9.023583E-6
3.709629E1	2.282846E-5	9.602752E-6
3.719628E1	2.279372E-5	9.961784E-6
3.729627E1	2.285747E-5	9.971393E-6
3.739626E1	2.306681E-5	9.652770E-6
3.749625E1	2.305135E-5	9.155883E-6
3.759624E1	2.330547E-5	8.798533E-6
3.769623E1	2.330256E-5	8.585761E-6
3.779622E1	2.328494E-5	8.253448E-6
3.789621E1	2.393098E-5	7.858795E-6
3.799620E1	2.405431E-5	8.260729E-6
3.809619E1	2.419792E-5	7.481908E-6
3.819618E1	2.387910E-5	7.419687E-6
3.829617E1	2.386654E-5	6.848344E-6
3.839616E1	2.402679E-5	6.556148E-6
3.849615E1	2.408478E-5	6.184463E-6
3.859614E1	2.420388E-5	5.699646E-6
3.869613E1	2.420359E-5	5.704112E-6
3.879612E1	2.398477E-5	6.198208E-6
3.889611E1	2.403465E-5	6.563171E-6
3.899610E1	2.407478E-5	6.217685E-6
3.909609E1	2.408443E-5	6.347159E-6
3.919608E1	2.398630E-5	6.228053E-6
3.929607E1	2.409362E-5	5.546828E-6
3.939606E1	2.409148E-5	5.268414E-6
3.949605E1	2.400068E-5	5.009252E-6
3.959604E1	2.405757E-5	5.008712E-6
3.969603E1	2.398311E-5	4.508759E-6
3.979602E1	2.417591E-5	4.104530E-6
3.989601E1	2.452883E-5	3.399689E-6
3.999600E1	2.470685E-5	3.597486E-6
4.009599E1	2.423171E-5	3.823844E-6
4.019598E1	2.463993E-5	4.310125E-6
4.029597E1	2.537405E-5	3.950364E-6
4.039596E1	2.550106E-5	3.743573E-6
4.049595E1	2.543215E-5	3.551041E-6
4.059594E1	2.585551E-5	3.264357E-6
4.069593E1	2.583230E-5	2.894863E-6
4.079592E1	2.580907E-5	1.924034E-6
4.089591E1	2.550750E-5	1.792157E-6
4.099590E1	2.562760E-5	1.593448E-6
4.109589E1	2.640419E-5	1.314091E-6
4.119588E1	2.647647E-5	8.441633E-7
4.129587E1	2.690009E-5	1.105378E-7
4.139586E1	2.720059E-5	4.854943E-7
4.149585E1	2.681471E-5	9.524707E-7
4.159584E1	2.690691E-5	9.008724E-7
4.169583E1	2.711795E-5	5.790029E-7
4.179582E1	2.741157E-5	1.114325E-7
4.189581E1	2.836459E-5	2.507328E-7
4.199580E1	2.907672E-5	-1.452830E-7
4.209579E1	2.885788E-5	2.006756E-7
4.219578E1	2.881886E-5	2.440966E-7
4.229577E1	2.882908E-5	5.336992E-7
4.239576E1	2.819369E-5	4.859490E-7
4.249575E1	2.759933E-5	5.482793E-7
4.259574E1	2.716090E-5	6.625756E-7
4.269573E1	2.664412E-5	6.306676E-9
4.279572E1	2.599721E-5	2.629477E-7
4.289571E1	2.588371E-5	2.267515E-7
4.299570E1	2.577848E-5	6.906912E-8
4.309569E1	2.562074E-5	-3.932458E-7
4.319568E1	2.565972E-5	-7.361414E-7
4.329567E1	2.533643E-5	-6.621860E-7
4.339566E1	2.503582E-5	-1.002600E-6
4.349565E1	2.497931E-5	-1.031694E-6
4.359564E1	2.548156E-5	-1.210681E-6
4.369563E1	2.519202E-5	-9.716946E-7
4.379562E1	2.494975E-5	-6.120031E-7
4.389561E1	2.444188E-5	-9.415585E-7
4.399560E1	2.422060E-5	-1.472189E-6
4.409559E1	2.452493E-5	-1.882619E-6
4.419558E1	2.478698E-5	-2.242202E-6
4.429557E1	2.422788E-5	-2.528295E-6
4.439556E1	2.396474E-5	-2.463133E-6
4.449555E1	2.385528E-5	-2.934072E-6
4.459554E1	2.394291E-5	-2.756631E-6
4.469553E1	2.346194E-5	-2.922132E-6
4.479552E1	2.315051E-5	-2.865994E-6
4.489551E1	2.320541E-5	-2.722614E-6
4.499550E1	2.298136E-5	-2.973731E-6
4.509549E1	2.298647E-5	-3.287838E-6
4.519548E1	2.310760E-5	-2.687852E-6
4.529547E1	2.304468E-5	-2.525495E-6
4.539546E1	2.271902E-5	-2.317304E-6
4.549545E1	2.215291E-5	-2.855433E-6
4.559544E1	2.193203E-5	-2.820635E-6
4.569543E1	2.167380E-5	-2.244985E-6
4.579542E1	2.193076E-5	-1.852637E-6
4.589541E1	2.175906E-5	-1.884019E-6
4.599540E1	2.180070E-5	-2.204819E-6
4.609539E1	2.141137E-5	-1.829959E-6
4.619538E1	2.162437E-5	-2.286188E-6
4.629537E1	2.115065E-5	-2.668706E-6
4.639536E1	2.158490E-5	-2.851074E-6
4.649535E1	2.178949E-5	-3.256181E-6
4.659534E1	2.153048E-5	-3.327464E-6
4.669533E1	2.084809E-5	-3.096946E-6
4.679532E1	2.084447E-5	-3.329906E-6
4.689531E1	2.092701E-5	-3.547205E-6
4.699530E1	2.058430E-5	-3.409515E-6
4.709529E1	2.083327E-5	-3.644336E-6
4.719528E1	2.084472E-5	-3.817861E-6
4.729527E1	2.088807E-5	-4.176888E-6
4.739526E1	2.039279E-5	-4.293001E-6
4.749525E1	2.036478E-5	-4.279741E-6
4.759524E1	2.127720E-5	-4.039999E-6
4.769523E1	2.159472E-5	-3.991165E-6
4.779522E1	2.148810E-5	-4.041359E-6
4.789521E1	2.111586E-5	-4.050640E-6
4.799520E1	2.084126E-5	-4.007741E-6
4.809519E1	2.070641E-5	-3.906565E-6
4.819518E1	2.133180E-5	-3.993030E-6
4.829517E1	2.061075E-5	-4.014687E-6
4.839516E1	2.043382E-5	-4.205823E-6
4.849515E1	2.079834E-5	-4.121711E-6
4.859514E1	2.073583E-5	-4.439074E-6
4.869513E1	2.119854E-5	-5.017551E-6
4.879512E1	2.121605E-5	-5.470989E-6
4.889511E1	2.113740E-5	-4.995032E-6
4.899510E1	2.142763E-5	-4.315718E-6
4.909509E1	2.149865E-5	-4.466489E-6
4.919508E1	2.173475E-5	-4.331437E-6
4.929507E1	2.168266E-5	-3.828998E-6
4.939506E1	2.173120E-5	-3.598491E-6
4.949505E1	2.181728E-5	-3.690772E-6
4.959504E1	2.151260E-5	-3.854371E-6
4.969503E1	2.148098E-5	-3.833844E-6
4.979502E1	2.171775E-5	-4.190208E-6
4.989501E1	2.164868E-5	-4.473121E-6
4.999500E1	2.135314E-5	-4.709037E-6
5.009499E1	2.137136E-5	-4.881025E-6
5.019498E1	2.119877E-5	-4.920829E-6
5.029497E1	2.132841E-5	-5.223761E-6
5.039496E1	2.087614E-5	-5.607076E-6
5.049495E1	2.107476E-5	-6.504899E-6
5.059494E1	2.093722E-5	-7.103589E-6
5.069493E1	2.115499E-5	-7.126202E-6
5.079492E1	2.135390E-5	-6.896948E-6
5.089491E1	2.193796E-5	-6.950357E-6
5.099490E1	2.236286E-5	-6.907349E-6
5.109489E1	2.254091E-5	-7.240994E-6
5.119488E1	2.280389E-5	-6.860032E-6
5.129487E1	2.234762E-5	-6.858417E-6
5.139486E1	2.231949E-5	-7.053835E-6
5.149485E1	2.247684E-5	-7.338787E-6
5.159484E1	2.223439E-5	-7.352666E-6
5.169483E1	2.232143E-5	-7.493340E-6
5.179482E1	2.157973E-5	-7.825495E-6
5.189481E1	2.156055E-5	-7.833053E-6
5.199480E1	2.149726E-5	-7.345050E-6
5.209479E1	2.188560E-5	-7.162665E-6
5.219478E1	2.137489E-5	-6.878756E-6
5.229477E1	2.116882E-5	-7.167899E-6
5.239476E1	2.097908E-5	-6.867903E-6
5.249475E1	2.132955E-5	-6.318470E-6
5.259474E1	2.159264E-5	-6.519972E-6
5.269473E1	2.162074E-5	-6.227245E-6
5.279472E1	2.159549E-5	-6.022253E-6
5.289471E1	2.194914E-5	-6.091966E-6
5.299470E1	2.217348E-5	-6.179326E-6
5.309469E1	2.209504E-5	-5.905867E-6
5.319468E1	2.189393E-5	-5.607705E-6
5.329467E1	2.183941E-5	-6.118543E-6
5.339466E1	2.157302E-5	-6.639540E-6
5.349465E1	2.175515E-5	-7.350895E-6
5.359464E1	2.212832E-5	-7.574609E-6
5.369463E1	2.175150E-5	-7.637102E-6
5.379462E1	2.148988E-5	-8.812131E-6
5.389461E1	2.152161E-5	-9.171187E-6
5.399460E1	2.197659E-5	-9.321554E-6
5.409459E1	2.214813E-5	-9.478137E-6
5.419458E1	2.203082E-5	-1.027652E-5
5.429457E1	2.208374E-5	-1.123283E-5
5.439456E1	2.226432E-5	-1.119576E-5
5.449455E1	2.206128E-5	-1.149502E-5
5.459454E1	2.232354E-5	-1.164622E-5
5.469453E1	2.226032E-5	-1.210360E-5
5.479452E1	2.269946E-5	-1.173788E-5
5.489451E1	2.295439E-5	-1.178532E-5
5.499450E1	2.281418E-5	-1.253720E-5
5.509449E1	2.290271E-5	-1.253892E-5
5.519448E1	2.252576E-5	-1.285705E-5
5.529447E1	2.258398E-5	-1.349609E-5
5.539446E1	2.284507E-5	-1.338214E-5
5.549445E1	2.239695E-5	-1.362545E-5
5.559444E1	2.253795E-5	-1.324773E-5
5.569443E1	2.248333E-5	-1.295879E-5
5.579442E1	2.255618E-5	-1.339233E-5
5.589441E1	2.288939E-5	-1.353209E-5
5.599440E1	2.279415E-5	-1.373198E-5
5.609439E1	2.256364E-5	-1.413734E-5
5.619438E1	2.225482E-5	-1.497799E-5
5.629437E1	2.174182E-5	-1.590422E-5
5.639436E1	2.126134E-5	-1.639538E-5
5.649435E1	2.106852E-5	-1.652691E-5
5.659434E1	2.134075E-5	-1.732410E-5
5.669433E1	2.058144E-5	-1.786579E-5
5.679432E1	1.982785E-5	-1.881011E-5
5.689431E1	1.966087E-5	-1.931281E-5
5.699430E1	1.985743E-5	-1.943949E-5
5.709429E1	1.969772E-5	-1.979653E-5
5.719428E1	1.962828E-5	-1.965738E-5
5.729427E1	1.972462E-5	-1.957305E-5
5.739426E1	1.942879E-5	-1.971386E-5
5.749425E1	1.897199E-5	-2.012660E-5
5.759424E1	1.900959E-5	-2.006831E-5
5.769423E1	1.930857E-5	-1.980365E-5
5.779422E1	1.921297E-5	-1.932980E-5
5.789421E1	1.940548E-5	-1.929295E-5
5.799420E1	1.970481E-5	-1.920222E-5
5.809419E1	2.012354E-5	-1.938824E-5
5.819418E1	2.038718E-5	-1.952406E-5
5.829417E1	2.015483E-5	-1.963806E-5
5.839416E1	1.989455E-5	-1.981011E-5
5.849415E1	1.988200E-5	-1.918455E-5
5.859414E1	2.034846E-5	-1.872396E-5
5.869413E1	2.035682E-5	-1.859855E-5
5.879412E1	2.023890E-5	-1.781566E-5
5.889411E1	1.991029E-5	-1.726488E-5
5.899410E1	1.973046E-5	-1.751159E-5
5.909409E1	2.010563E-5	-1.753911E-5
5.919408E1	1.971461E-5	-1.749747E-5
5.929407E1	1.967401E-5	-1.706191E-5
5.939406E1	2.010547E-5	-1.711780E-5
5.949405E1	2.020498E-5	-1.726638E-5
5.959404E1	2.023862E-5	-1.742455E-5
5.969403E1	2.006303E-5	-1.746085E-5
5.979402E1	2.062475E-5	-1.753846E-5
5.989401E1	2.043498E-5	-1.761006E-5
5.999400E1	2.026458E-5	-1.773957E-5
6.009399E1	2.034077E-5	-1.790904E-5
6.019398E1	2.009915E-5	-1.783511E-5
6.029397E1	1.986499E-5	-1.833055E-5
6.039396E1	1.941308E-5	-1.882403E-5
6.049395E1	1.939455E-5	-1.883234E-5
6.059394E1	1.923448E-5	-1.876205E-5
6.069393E1	1.894523E-5	-1.893155E-5
6.079392E1	1.864740E-5	-1.933407E-5
6.089391E1	1.919465E-5	-1.962615E-5
6.099390E1	1.902211E-5	-1.915610E-5
6.109389E1	1.829925E-5	-1.950791E-5
6.119388E1	1.812415E-5	-1.939451E-5
6.129387E1	1.753560E-5	-1.943424E-5
6.139386E1	1.770430E-5	-1.981435E-5
6.149385E1	1.756766E-5	-2.006589E-5
6.159384E1	1.711506E-5	-2.067296E-5
6.169383E1	1.664671E-5	-2.119349E-5
6.179382E1	1.650518E-5	-2.169037E-5
6.189381E1	1.675674E-5	-2.196022E-5
6.199380E1	1.634438E-5	-2.218534E-5
6.209379E1	1.647691E-5	-2.196217E-5
6.219378E1	1.601924E-5	-2.146986E-5
6.229377E1	1.578291E-5	-2.119073E-5
6.239376E1	1.607070E-5	-2.088482E-5
6.249375E1	1.581307E-5	-2.075408E-5
6.259374E1	1.564507E-5	-2.082296E-5
6.269373E1	1.537734E-5	-2.082671E-5
6.279372E1	1.460654E-5	-2.146296E-5
6.289371E1	1.414370E-5	-2.184853E-5
6.299370E1	1.466494E-5	-2.185026E-5
6.309369E1	1.460007E-5	-2.146458E-5
6.319368E1	1.489315E-5	-2.166766E-5
6.329367E1	1.458623E-5	-2.194387E-5
6.339366E1	1.487240E-5	-2.149117E-5
6.349365E1	1.465608E-5	-2.129423E-5
6.359364E1	1.506612E-5	-2.171932E-5
6.369363E1	1.529434E-5	-2.172581E-5
6.379362E1	1.530842E-5	-2.214573E-5
6.389361E1	1.585366E-5	-2.220647E-5
6.399360E1	1.627347E-5	-2.240088E-5
6.409359E1	1.667452E-5	-2.254073E-5
6.419358E1	1.628943E-5	-2.281079E-5
6.429357E1	1.612287E-5	-2.324333E-5
6.439356E1	1.635869E-5	-2.327715E-5
6.449355E1	1.623987E-5	-2.353229E-5
6.459354E1	1.631588E-5	-2.428457E-5
6.469353E1	1.617518E-5	-2.456523E-5
6.479352E1	1.631410E-5	-2.499092E-5
6.489351E1	1.688246E-5	-2.449720E-5
6.499350E1	1.761197E-5	-2.518011E-5
6.509349E1	1.825771E-5	-2.536983E-5
6.519348E1	1.802621E-5	-2.536585E-5
6.529347E1	1.792958E-5	-2.488099E-5
6.539346E1	1.802444E-5	-2.423401E-5
6.549345E1	1.774996E-5	-2.386008E-5
6.559344E1	1.732318E-5	-2.412973E-5
6.569343E1	1.688003E-5	-2.434078E-5
6.579342E1	1.698055E-5	-2.483382E-5
6.589341E1	1.769354E-5	-2.477524E-5
6.599340E1	1.802813E-5	-2.523884E-5
6.609339E1	1.773924E-5	-2.515031E-5
6.619338E1	1.724134E-5	-2.492469E-5
6.629337E1	1.712733E-5	-2.450167E-5
6.639336E1	1.699620E-5	-2.419583E-5
6.649335E1	1.692833E-5	-2.401117E-5
6.659334E1	1.640257E-5	-2.445558E-5
6.669333E1	1.604912E-5	-2.480695E-5
6.679332E1	1.611625E-5	-2.557901E-5
6.689331E1	1.607392E-5	-2.588381E-5
6.699330E1	1.595489E-5	-2.547105E-5
6.709329E1	1.591715E-5	-2.478406E-5
6.719328E1	1.625214E-5	-2.488491E-5
6.729327E1	1.628843E-5	-2.546448E-5
6.739326E1	1.583504E-5	-2.519124E-5
6.749325E1	1.625486E-5	-2.525502E-5
6.759324E1	1.630344E-5	-2.597675E-5
6.769323E1	1.686111E-5	-2.626238E-5
6.779322E1	1.645551E-5	-2.702347E-5
6.789321E1	1.614218E-5	-2.729382E-5
6.799320E1	1.670507E-5	-2.746708E-5
6.809319E1	1.666280E-5	-2.728421E-5
6.819318E1	1.688898E-5	-2.755349E-5
6.829317E1	1.715486E-5	-2.802411E-5
6.839316E1	1.662963E-5	-2.867808E-5
6.849315E1	1.626508E-5	-2.932582E-5
6.859314E1	1.624264E-5	-2.902943E-5
6.869313E1	1.583509E-5	-2.887556E-5
6.879312E1	1.566795E-5	-2.907611E-5
6.889311E1	1.575835E-5	-2.946781E-5
6.899310E1	1.491469E-5	-2.916650E-5
6.909309E1	1.504593E-5	-3.004168E-5
6.919308E1	1.523153E-5	-3.070445E-5
6.929307E1	1.508539E-5	-3.072885E-5
6.939306E1	1.491469E-5	-3.058264E-5
6.949305E1	1.467364E-5	-3.028133E-5
6.959304E1	1.453442E-5	-3.090088E-5
6.969303E1	1.424974E-5	-3.124935E-5
6.979302E1	1.432020E-5	-3.120387E-5
6.989301E1	1.467982E-5	-3.119459E-5
6.999300E1	1.489879E-5	-3.095802E-5
7.009299E1	1.515713E-5	-3.098497E-5
7.019298E1	1.586655E-5	-3.078433E-5
7.029297E1	1.575835E-5	-3.052238E-5
7.039296E1	1.485137E-5	-3.085683E-5
7.049295E1	1.482429E-5	-3.028133E-5
7.059294E1	1.503594E-5	-3.064372E-5
7.069293E1	1.472602E-5	-3.050731E-5
7.079292E1	1.483653E-5	-2.976057E-5
7.089291E1	1.514383E-5	-2.940596E-5
7.099290E1	1.487522E-5	-2.955421E-5
7.109289E1	1.504784E-5	-2.960927E-5
7.119288E1	1.507450E-5	-3.023572E-5
7.129287E1	1.513383E-5	-3.034038E-5
7.139286E1	1.532595E-5	-3.053048E-5
7.149285E1	1.509304E-5	-3.039348E-5
7.159284E1	1.497868E-5	-2.989611E-5
7.169283E1	1.561752E-5	-2.947316E-5
7.179282E1	1.569340E-5	-2.930744E-5
7.189281E1	1.553050E-5	-2.918149E-5
7.199280E1	1.507516E-5	-2.959911E-5
7.209279E1	1.497524E-5	-2.935596E-5
7.219278E1	1.528301E-5	-2.972228E-5
7.229277E1	1.537823E-5	-2.987241E-5
7.239276E1	1.557871E-5	-3.058700E-5
7.249275E1	1.568237E-5	-3.090859E-5
7.259274E1	1.555506E-5	-3.053682E-5
7.269273E1	1.518416E-5	-3.019497E-5
7.279272E1	1.555699E-5	-3.002818E-5
7.289271E1	1.578848E-5	-2.991977E-5
7.299270E1	1.581861E-5	-2.979924E-5
7.309269E1	1.551730E-5	-2.973898E-5
7.319268E1	1.590900E-5	-2.955820E-5
7.329267E1	1.599939E-5	-2.955820E-5
7.339266E1	1.615004E-5	-3.037173E-5
7.349265E1	1.636096E-5	-3.064290E-5
7.359264E1	1.608978E-5	-3.088395E-5
7.369263E1	1.611991E-5	-3.106473E-5
7.379262E1	1.666227E-5	-3.130578E-5
7.389261E1	1.699370E-5	-3.088395E-5
7.399260E1	1.651161E-5	-3.088395E-5
7.409259E1	1.648148E-5	-3.106473E-5
7.419258E1	1.654174E-5	-3.091408E-5
7.429257E1	1.611991E-5	-3.031146E-5
7.439256E1	1.581861E-5	-3.094421E-5
7.449255E1	1.575835E-5	-3.118525E-5
7.459254E1	1.577208E-5	-3.125937E-5
7.469253E1	1.555783E-5	-3.175440E-5
7.479252E1	1.527320E-5	-3.193929E-5
7.489251E1	1.530137E-5	-3.226520E-5
7.499250E1	1.558717E-5	-3.269900E-5
7.509249E1	1.627057E-5	-3.338479E-5
7.519248E1	1.633083E-5	-3.365597E-5
7.529247E1	1.585864E-5	-3.368477E-5
7.539246E1	1.504109E-5	-3.364122E-5
7.549245E1	1.458684E-5	-3.359660E-5
7.559244E1	1.425047E-5	-3.323997E-5
7.569243E1	1.391197E-5	-3.315285E-5
7.579242E1	1.354341E-5	-3.366332E-5
7.589241E1	1.328404E-5	-3.342888E-5
7.599240E1	1.329660E-5	-3.316990E-5
7.609239E1	1.329309E-5	-3.318047E-5
7.619238E1	1.298763E-5	-3.330636E-5
7.629237E1	1.343085E-5	-3.345781E-5
7.639236E1	1.296674E-5	-3.368115E-5
7.649235E1	1.261077E-5	-3.393942E-5
7.659234E1	1.254160E-5	-3.421584E-5
7.669233E1	1.275050E-5	-3.473292E-5
7.679232E1	1.226359E-5	-3.462737E-5
7.689231E1	1.228611E-5	-3.509647E-5
7.699230E1	1.194843E-5	-3.494506E-5
7.709229E1	1.247316E-5	-3.520316E-5
7.719228E1	1.304452E-5	-3.522664E-5
7.729227E1	1.314169E-5	-3.534306E-5
7.739226E1	1.293115E-5	-3.532756E-5
7.749225E1	1.295619E-5	-3.582538E-5
7.759224E1	1.340970E-5	-3.682033E-5
7.769223E1	1.389024E-5	-3.703061E-5
7.779222E1	1.414466E-5	-3.730519E-5
7.789221E1	1.422946E-5	-3.702065E-5
7.799220E1	1.470377E-5	-3.639786E-5
7.809219E1	1.484186E-5	-3.654464E-5
7.819218E1	1.433429E-5	-3.631387E-5
7.829217E1	1.432446E-5	-3.645437E-5
7.839216E1	1.452513E-5	-3.665601E-5
7.849215E1	1.416289E-5	-3.651047E-5
7.859214E1	1.470926E-5	-3.667811E-5
7.869213E1	1.459155E-5	-3.659122E-5
7.879212E1	1.427884E-5	-3.664903E-5
7.889211E1	1.381866E-5	-3.651288E-5
7.899210E1	1.314593E-5	-3.678554E-5
7.909209E1	1.290966E-5	-3.731164E-5
7.919208E1	1.288326E-5	-3.692288E-5
7.929207E1	1.319034E-5	-3.735643E-5
7.939206E1	1.304862E-5	-3.788334E-5
7.949205E1	1.250487E-5	-3.783842E-5
7.959204E1	1.292556E-5	-3.758529E-5
7.969203E1	1.330075E-5	-3.765140E-5
7.979202E1	1.341682E-5	-3.774404E-5
7.989201E1	1.291624E-5	-3.740814E-5
7.999200E1	1.270542E-5	-3.743377E-5
8.009199E1	1.264180E-5	-3.741181E-5
8.019198E1	1.233195E-5	-3.785553E-5
8.029197E1	1.248277E-5	-3.790748E-5
8.039196E1	1.229419E-5	-3.832690E-5
8.049195E1	1.210966E-5	-3.879949E-5
8.059194E1	1.239430E-5	-3.859860E-5
8.069193E1	1.239992E-5	-3.835729E-5
8.079192E1	1.304658E-5	-3.965198E-5
8.089191E1	1.295548E-5	-3.954651E-5
8.099190E1	1.272684E-5	-3.972760E-5
8.109189E1	1.278842E-5	-4.012945E-5
8.119188E1	1.302356E-5	-4.027314E-5
8.129187E1	1.365750E-5	-4.034416E-5
8.139186E1	1.368836E-5	-4.061209E-5
8.149185E1	1.391662E-5	-4.050495E-5
8.159184E1	1.418171E-5	-4.102988E-5
8.169183E1	1.418264E-5	-4.128733E-5
8.179182E1	1.423756E-5	-4.107540E-5
8.189181E1	1.465265E-5	-4.136226E-5
8.199180E1	1.425181E-5	-4.148995E-5
8.209179E1	1.437233E-5	-4.164060E-5
8.219178E1	1.506894E-5	-4.134201E-5
8.229177E1	1.488016E-5	-4.158542E-5
8.239176E1	1.510868E-5	-4.165646E-5
8.249175E1	1.482929E-5	-4.144482E-5
8.259174E1	1.455312E-5	-4.085720E-5
8.269173E1	1.443260E-5	-4.085720E-5
8.279172E1	1.443260E-5	-4.085720E-5
8.289171E1	1.449286E-5	-4.049563E-5
8.299170E1	1.449286E-5	-3.986289E-5
8.309169E1	1.518586E-5	-3.923015E-5
8.319168E1	1.533652E-5	-3.938080E-5
8.329167E1	1.548717E-5	-3.938080E-5
8.339166E1	1.575835E-5	-3.974237E-5
8.349165E1	1.618018E-5	-4.025459E-5
8.359164E1	1.602952E-5	-4.019433E-5
8.369163E1	1.614568E-5	-3.984680E-5
8.379162E1	1.578973E-5	-3.930348E-5
8.389161E1	1.632623E-5	-3.936209E-5
8.399160E1	1.614854E-5	-3.964519E-5
8.409159E1	1.636522E-5	-3.994381E-5
8.419158E1	1.703614E-5	-3.974953E-5
8.429157E1	1.750696E-5	-3.992313E-5
8.439156E1	1.739397E-5	-3.970852E-5
8.449155E1	1.712702E-5	-3.951928E-5
8.459154E1	1.668091E-5	-3.987796E-5
8.469153E1	1.665904E-5	-3.946310E-5
8.479152E1	1.645018E-5	-3.913457E-5
8.489151E1	1.603832E-5	-3.992447E-5
8.499150E1	1.631591E-5	-4.018484E-5
8.509149E1	1.692461E-5	-3.989833E-5
8.519148E1	1.657030E-5	-3.998922E-5
8.529147E1	1.696253E-5	-4.058000E-5
8.539146E1	1.676352E-5	-4.073752E-5
8.549145E1	1.723843E-5	-4.105376E-5
8.559144E1	1.728700E-5	-4.135291E-5
8.569143E1	1.774085E-5	-4.129958E-5
8.579142E1	1.772273E-5	-4.124999E-5
8.589141E1	1.771253E-5	-4.108746E-5
8.599140E1	1.758251E-5	-4.081229E-5
8.609139E1	1.830891E-5	-4.083044E-5
8.619138E1	1.829270E-5	-4.099288E-5
8.629137E1	1.850020E-5	-4.156966E-5
8.639136E1	1.859345E-5	-4.177424E-5
8.649135E1	1.859640E-5	-4.195293E-5
8.659134E1	1.838595E-5	-4.165547E-5
8.669133E1	1.826520E-5	-4.219072E-5
8.679132E1	1.818884E-5	-4.196214E-5
8.689131E1	1.861948E-5	-4.173461E-5
8.699130E1	1.895347E-5	-4.202870E-5
8.709129E1	1.936900E-5	-4.221849E-5
8.719128E1	1.912108E-5	-4.229748E-5
8.729127E1	1.954256E-5	-4.225794E-5
8.739126E1	1.992005E-5	-4.309387E-5
8.749125E1	2.062913E-5	-4.371616E-5
8.759124E1	2.042922E-5	-4.400338E-5
8.769123E1	2.016343E-5	-4.450261E-5
8.779122E1	2.032920E-5	-4.471109E-5
8.789121E1	2.012710E-5	-4.396779E-5
8.799120E1	1.940002E-5	-4.435452E-5
8.809119E1	1.924913E-5	-4.451390E-5
8.819118E1	1.882883E-5	-4.512889E-5
8.829117E1	1.866922E-5	-4.575251E-5
8.839116E1	1.831568E-5	-4.601700E-5
8.849115E1	1.809588E-5	-4.570572E-5
8.859114E1	1.808197E-5	-4.533884E-5
8.869113E1	1.809526E-5	-4.571830E-5
8.879112E1	1.795877E-5	-4.588021E-5
8.889111E1	1.814902E-5	-4.627421E-5
8.899110E1	1.884228E-5	-4.690155E-5
8.909109E1	1.925030E-5	-4.705315E-5
8.919108E1	1.948337E-5	-4.725239E-5
8.929107E1	1.994952E-5	-4.752387E-5
8.939106E1	1.965845E-5	-4.700810E-5
8.949105E1	1.934303E-5	-4.717343E-5
8.959104E1	1.903829E-5	-4.726953E-5
8.969103E1	1.904257E-5	-4.763101E-5
8.979102E1	1.914826E-5	-4.769397E-5
8.989101E1	1.891738E-5	-4.822990E-5
8.999100E1	1.842020E-5	-4.900635E-5
9.009099E1	1.818472E-5	-4.869255E-5
9.019098E1	1.798938E-5	-4.860651E-5
9.029097E1	1.835564E-5	-4.904097E-5
9.039096E1	1.837179E-5	-4.941768E-5
9.049095E1	1.795764E-5	-4.939300E-5
9.059094E1	1.810747E-5	-4.973336E-5
9.069093E1	1.801815E-5	-4.959510E-5
9.079092E1	1.798802E-5	-4.926366E-5
9.089091E1	1.850024E-5	-4.959510E-5
9.099090E1	1.868102E-5	-5.055928E-5
9.109089E1	1.848416E-5	-5.104137E-5
9.119088E1	1.872724E-5	-5.078362E-5
9.129087E1	1.816056E-5	-5.081443E-5
9.139086E1	1.852798E-5	-5.083343E-5
9.149085E1	1.854551E-5	-5.058675E-5
9.159084E1	1.854143E-5	-5.075555E-5
9.169083E1	1.890927E-5	-5.084729E-5
9.179082E1	1.973651E-5	-5.123199E-5
9.189081E1	1.952946E-5	-5.170079E-5
9.199080E1	1.904348E-5	-5.203802E-5
9.209079E1	1.882971E-5	-5.199629E-5
9.219078E1	1.880526E-5	-5.188757E-5
9.229077E1	1.890155E-5	-5.172813E-5
9.239076E1	1.876456E-5	-5.160263E-5
9.249075E1	1.897617E-5	-5.197140E-5
9.259074E1	1.827758E-5	-5.272676E-5
9.269073E1	1.839633E-5	-5.272869E-5
9.279072E1	1.875146E-5	-5.272869E-5
9.289071E1	1.919775E-5	-5.274661E-5
9.299070E1	1.925842E-5	-5.299313E-5
9.309069E1	1.944762E-5	-5.299622E-5
9.319068E1	1.913112E-5	-5.313888E-5
9.329067E1	1.913595E-5	-5.335229E-5
9.339066E1	1.901793E-5	-5.343654E-5
9.349065E1	1.937168E-5	-5.345533E-5
9.359064E1	1.944688E-5	-5.333564E-5
9.369063E1	1.927455E-5	-5.326773E-5
9.379062E1	1.937522E-5	-5.357913E-5
9.389061E1	1.921092E-5	-5.318908E-5
9.399060E1	1.936240E-5	-5.334677E-5
9.409059E1	1.976665E-5	-5.336895E-5
9.419058E1	1.961149E-5	-5.311064E-5
9.429057E1	1.915290E-5	-5.307598E-5
9.439056E1	1.980464E-5	-5.297184E-5
9.449055E1	2.024279E-5	-5.322470E-5
9.459054E1	2.008069E-5	-5.299332E-5
9.469053E1	1.991728E-5	-5.312945E-5
9.479052E1	1.992096E-5	-5.385724E-5
9.489051E1	2.032526E-5	-5.405444E-5
9.499050E1	2.101132E-5	-5.413242E-5
9.509049E1	2.160590E-5	-5.420599E-5
9.519048E1	2.209423E-5	-5.482614E-5
9.529047E1	2.245838E-5	-5.518866E-5
9.539046E1	2.309806E-5	-5.516388E-5
9.549045E1	2.270427E-5	-5.471102E-5
9.559044E1	2.306409E-5	-5.446282E-5
9.569043E1	2.346100E-5	-5.514074E-5
9.579042E1	2.355265E-5	-5.519275E-5
9.589041E1	2.379147E-5	-5.540403E-5
9.599040E1	2.394768E-5	-5.541962E-5
9.609039E1	2.375997E-5	-5.552386E-5
9.619038E1	2.389453E-5	-5.518724E-5
9.629037E1	2.434623E-5	-5.502769E-5
9.639036E1	2.432316E-5	-5.522383E-5
9.649035E1	2.382658E-5	-5.537023E-5
9.659034E1	2.334255E-5	-5.583468E-5
9.669033E1	2.266818E-5	-5.604947E-5
9.679032E1	2.252513E-5	-5.611571E-5
9.689031E1	2.261629E-5	-5.596847E-5
9.699030E1	2.259296E-5	-5.590283E-5
9.709029E1	2.291929E-5	-5.629459E-5
9.719028E1	2.307135E-5	-5.680013E-5
9.729027E1	2.280087E-5	-5.669991E-5
9.739026E1	2.255630E-5	-5.676607E-5
9.749025E1	2.216010E-5	-5.681285E-5
9.759024E1	2.161783E-5	-5.704333E-5
9.769023E1	2.209493E-5	-5.731634E-5
9.779022E1	2.242448E-5	-5.687329E-5
9.789021E1	2.279308E-5	-5.646490E-5
9.799020E1	2.307198E-5	-5.676568E-5
9.809019E1	2.285144E-5	-5.682485E-5
9.819018E1	2.314352E-5	-5.713865E-5
9.829017E1	2.341478E-5	-5.717736E-5
9.839016E1	2.356710E-5	-5.729151E-5
9.849015E1	2.327931E-5	-5.772289E-5
9.859014E1	2.296405E-5	-5.724031E-5
9.869013E1	2.307301E-5	-5.707657E-5
9.879012E1	2.310808E-5	-5.696091E-5
9.889011E1	2.352641E-5	-5.710031E-5
9.899010E1	2.305009E-5	-5.740046E-5
9.909009E1	2.296948E-5	-5.782717E-5
9.919008E1	2.337740E-5	-5.826655E-5
9.929007E1	2.358655E-5	-5.802686E-5
9.939006E1	2.368011E-5	-5.784042E-5
9.949005E1	2.389167E-5	-5.794903E-5
9.959004E1	2.411536E-5	-5.809116E-5
9.969003E1	2.365024E-5	-5.782153E-5
9.979002E1	2.387168E-5	-5.788071E-5
9.989001E1	2.430576E-5	-5.856812E-5
9.999000E1	2.472623E-5	-5.910886E-5
1.000900E2	2.457773E-5	-5.930914E-5
1.001900E2	2.473110E-5	-5.948797E-5
1.002900E2	2.503727E-5	-5.900999E-5
1.003900E2	2.549144E-5	-5.910555E-5
1.004900E2	2.552221E-5	-5.948859E-5
1.005899E2	2.562974E-5	-5.940387E-5
1.006899E2	2.576205E-5	-5.916287E-5
1.007899E2	2.608864E-5	-5.932186E-5
1.008899E2	2.599353E-5	-5.891508E-5
1.009899E2	2.651500E-5	-5.869457E-5
1.010899E2	2.696696E-5	-5.869457E-5
1.011899E2	2.744905E-5	-5.869457E-5
1.012899E2	2.814206E-5	-5.911640E-5
1.013899E2	2.808179E-5	-5.932731E-5
1.014899E2	2.856389E-5	-5.905613E-5
1.015898E2	2.838310E-5	-5.974914E-5
1.016898E2	2.883506E-5	-6.020110E-5
1.017898E2	2.922676E-5	-6.038188E-5
1.018898E2	2.946781E-5	-6.014084E-5
1.019898E2	2.967872E-5	-6.047228E-5
1.020898E2	2.973898E-5	-6.074345E-5
1.021898E2	2.994990E-5	-6.119541E-5
1.022898E2	2.964859E-5	-6.086397E-5
1.023898E2	2.988964E-5	-6.044215E-5
1.024898E2	2.952807E-5	-5.968888E-5
1.025897E2	3.031146E-5	-5.929718E-5
1.026897E2	3.040186E-5	-5.992992E-5
1.027897E2	3.043199E-5	-6.008058E-5
1.028897E2	3.058264E-5	-6.017097E-5
1.029897E2	3.079537E-5	-6.012892E-5
1.030897E2	3.091618E-5	-6.016684E-5
1.031897E2	3.092129E-5	-6.001840E-5
1.032897E2	3.093800E-5	-5.972792E-5
1.033897E2	3.158855E-5	-5.961270E-5
1.034897E2	3.180518E-5	-5.988217E-5
1.035896E2	3.216619E-5	-6.013331E-5
1.036896E2	3.217656E-5	-5.999644E-5
1.037896E2	3.160789E-5	-5.999684E-5
1.038896E2	3.146212E-5	-6.014948E-5
1.039896E2	3.093318E-5	-5.960789E-5
1.040896E2	2.986401E-5	-5.993555E-5
1.041896E2	2.956193E-5	-5.955085E-5
1.042896E2	2.958892E-5	-5.913940E-5
1.043896E2	2.923988E-5	-5.895722E-5
1.044896E2	2.882294E-5	-5.889775E-5
1.045895E2	2.934676E-5	-5.916185E-5
1.046895E2	2.992351E-5	-5.957419E-5
1.047895E2	3.031602E-5	-5.943933E-5
1.048895E2	3.078630E-5	-5.953995E-5
1.049895E2	3.165295E-5	-5.989481E-5
1.050895E2	3.181616E-5	-5.990102E-5
1.051895E2	3.179975E-5	-5.944128E-5
1.052895E2	3.236035E-5	-5.980940E-5
1.053895E2	3.145643E-5	-6.068319E-5
1.054895E2	3.157695E-5	-6.098450E-5
1.055894E2	3.217957E-5	-6.050241E-5
1.056894E2	3.205904E-5	-6.086397E-5
1.057894E2	3.245074E-5	-6.038188E-5
1.058894E2	3.205904E-5	-6.023123E-5
1.059894E2	3.157695E-5	-6.014084E-5
1.060894E2	3.199878E-5	-5.929718E-5
1.061894E2	3.193852E-5	-5.854391E-5
1.062894E2	3.254113E-5	-5.944783E-5
1.063894E2	3.248087E-5	-5.899587E-5
1.064894E2	3.242061E-5	-5.899587E-5
1.065893E2	3.269179E-5	-5.917666E-5
1.066893E2	3.260140E-5	-5.881509E-5
1.067893E2	3.230009E-5	-5.920679E-5
1.068893E2	3.278218E-5	-5.983953E-5
1.069893E2	3.308349E-5	-5.896574E-5
1.070893E2	3.302323E-5	-5.833300E-5
1.071893E2	3.302323E-5	-5.851378E-5
1.072893E2	3.260140E-5	-5.863430E-5
1.073893E2	3.254113E-5	-5.896574E-5
1.074893E2	3.254113E-5	-5.896574E-5
1.075892E2	3.296296E-5	-5.893561E-5
1.076892E2	3.317388E-5	-5.875483E-5
1.077892E2	3.344506E-5	-5.881509E-5
1.078892E2	3.308349E-5	-5.899587E-5
1.079892E2	3.323414E-5	-5.851378E-5
1.080892E2	3.398741E-5	-5.839326E-5
1.081892E2	3.452976E-5	-5.839326E-5
1.082892E2	3.477081E-5	-5.821247E-5
1.083892E2	3.486120E-5	-5.848365E-5
1.084892E2	3.516250E-5	-5.839326E-5
1.085891E2	3.597603E-5	-5.794130E-5
1.086891E2	3.669917E-5	-5.791117E-5
1.087891E2	3.627734E-5	-5.857404E-5
1.088891E2	3.560559E-5	-5.879640E-5
1.089891E2	3.607975E-5	-5.870143E-5
1.090891E2	3.622093E-5	-5.845909E-5
1.091891E2	3.575406E-5	-5.863567E-5
1.092891E2	3.564106E-5	-5.912777E-5
1.093891E2	3.570291E-5	-5.960337E-5
1.094891E2	3.598061E-5	-5.956987E-5
1.095890E2	3.593684E-5	-5.895337E-5
1.096890E2	3.592835E-5	-5.919974E-5
1.097890E2	3.594965E-5	-5.903828E-5
1.098890E2	3.586625E-5	-5.896681E-5
1.099890E2	3.540714E-5	-5.949641E-5
1.100890E2	3.567857E-5	-5.950074E-5
1.101890E2	3.605367E-5	-5.903194E-5
1.102890E2	3.610586E-5	-5.906972E-5
1.103890E2	3.605400E-5	-5.931504E-5
1.104890E2	3.587750E-5	-5.902690E-5
1.105889E2	3.582354E-5	-5.877512E-5
1.106889E2	3.588766E-5	-5.868588E-5
1.107889E2	3.616921E-5	-5.835098E-5
1.108889E2	3.607856E-5	-5.835070E-5
1.109889E2	3.562942E-5	-5.859238E-5
1.110889E2	3.518134E-5	-5.828570E-5
1.111889E2	3.511042E-5	-5.814747E-5
1.112889E2	3.538561E-5	-5.783046E-5
1.113889E2	3.536281E-5	-5.720963E-5
1.114889E2	3.543581E-5	-5.737579E-5
1.115888E2	3.540441E-5	-5.729401E-5
1.116888E2	3.552407E-5	-5.622385E-5
1.117888E2	3.538517E-5	-5.621128E-5
1.118888E2	3.556261E-5	-5.617521E-5
1.119888E2	3.534948E-5	-5.589029E-5
1.120888E2	3.516545E-5	-5.558187E-5
1.121888E2	3.507948E-5	-5.588043E-5
1.122888E2	3.530018E-5	-5.634272E-5
1.123888E2	3.550566E-5	-5.629857E-5
1.124888E2	3.570191E-5	-5.641460E-5
1.125887E2	3.514434E-5	-5.631067E-5
1.126887E2	3.508890E-5	-5.598921E-5
1.127887E2	3.471713E-5	-5.592270E-5
1.128887E2	3.459448E-5	-5.551055E-5
1.129887E2	3.485985E-5	-5.513362E-5
1.130887E2	3.505949E-5	-5.490427E-5
1.131887E2	3.533548E-5	-5.461378E-5
1.132887E2	3.527340E-5	-5.492969E-5
1.133887E2	3.514690E-5	-5.498843E-5
1.134887E2	3.495025E-5	-5.493275E-5
1.135886E2	3.486811E-5	-5.513671E-5
1.136886E2	3.531336E-5	-5.508238E-5
1.137886E2	3.579392E-5	-5.529567E-5
1.138886E2	3.612432E-5	-5.573544E-5
1.139886E2	3.599777E-5	-5.579816E-5
1.140886E2	3.625536E-5	-5.579292E-5
1.141886E2	3.667367E-5	-5.559209E-5
1.142886E2	3.694474E-5	-5.552865E-5
1.143886E2	3.694100E-5	-5.542865E-5
1.144886E2	3.817864E-5	-5.620593E-5
1.145885E2	3.874806E-5	-5.688672E-5
1.146885E2	3.855342E-5	-5.667643E-5
1.147885E2	3.852026E-5	-5.647435E-5
1.148885E2	3.856727E-5	-5.682646E-5
1.149885E2	3.821257E-5	-5.721213E-5
1.150885E2	3.817459E-5	-5.708224E-5
1.151885E2	3.795080E-5	-5.677987E-5
1.152885E2	3.783964E-5	-5.654658E-5
1.153885E2	3.804578E-5	-5.646498E-5
1.154885E2	3.804500E-5	-5.614532E-5
1.155884E2	3.800803E-5	-5.627178E-5
1.156884E2	3.811672E-5	-5.635314E-5
1.157884E2	3.886330E-5	-5.622711E-5
1.158884E2	3.939879E-5	-5.617989E-5
1.159884E2	3.923186E-5	-5.597039E-5
1.160884E2	3.939865E-5	-5.576885E-5
1.161884E2	3.945632E-5	-5.584395E-5
1.162884E2	3.937651E-5	-5.574419E-5
1.163884E2	3.953893E-5	-5.583753E-5
1.164884E2	3.947469E-5	-5.578084E-5
1.165883E2	3.914567E-5	-5.649181E-5
1.166883E2	3.953011E-5	-5.635387E-5
1.167883E2	3.948795E-5	-5.634843E-5
1.168883E2	3.986771E-5	-5.679859E-5
1.169883E2	3.988073E-5	-5.755273E-5
1.170883E2	3.947074E-5	-5.744345E-5
1.171883E2	3.995695E-5	-5.752551E-5
1.172883E2	4.051023E-5	-5.724056E-5
1.173883E2	3.998383E-5	-5.700626E-5
1.174883E2	3.994452E-5	-5.717847E-5
1.175882E2	4.037290E-5	-5.732279E-5
1.176882E2	4.080644E-5	-5.751111E-5
1.177882E2	4.143588E-5	-5.763034E-5
1.178882E2	4.158368E-5	-5.794917E-5
1.179882E2	4.176626E-5	-5.828230E-5
1.180882E2	4.194269E-5	-5.837114E-5
1.181882E2	4.203126E-5	-5.890850E-5
1.182882E2	4.215282E-5	-5.887535E-5
1.183882E2	4.226522E-5	-5.869342E-5
1.184882E2	4.241445E-5	-5.892535E-5
1.185881E2	4.187526E-5	-5.922244E-5
1.186881E2	4.141687E-5	-5.844510E-5
1.187881E2	4.197204E-5	-5.851378E-5
1.188881E2	4.184637E-5	-5.869879E-5
1.189881E2	4.190581E-5	-5.861847E-5
1.190881E2	4.218850E-5	-5.874811E-5
1.191881E2	4.234772E-5	-5.872367E-5
1.192881E2	4.264112E-5	-5.917062E-5
1.193881E2	4.275423E-5	-5.945189E-5
1.194881E2	4.342489E-5	-5.941561E-5
1.195880E2	4.330267E-5	-5.991247E-5
1.196880E2	4.310157E-5	-5.972691E-5
1.197880E2	4.316176E-5	-5.959720E-5
1.198880E2	4.284386E-5	-5.971326E-5
1.199880E2	4.284678E-5	-6.018028E-5
1.200880E2	4.292122E-5	-6.053301E-5
1.201880E2	4.355541E-5	-6.064017E-5
1.202880E2	4.354087E-5	-6.062428E-5
1.203880E2	4.378603E-5	-5.989775E-5
1.204880E2	4.421157E-5	-5.978875E-5
1.205879E2	4.394859E-5	-5.989476E-5
1.206879E2	4.389717E-5	-6.011390E-5
1.207879E2	4.418437E-5	-5.973122E-5
1.208879E2	4.413973E-5	-5.928055E-5
1.209879E2	4.410319E-5	-5.866796E-5
1.210879E2	4.358903E-5	-5.848555E-5
1.211879E2	4.333556E-5	-5.821394E-5
1.212879E2	4.322983E-5	-5.826746E-5
1.213879E2	4.310614E-5	-5.918120E-5
1.214879E2	4.305418E-5	-5.957782E-5
1.215878E2	4.327896E-5	-5.939388E-5
1.216878E2	4.321773E-5	-5.970219E-5
1.217878E2	4.317559E-5	-6.016276E-5
1.218878E2	4.393053E-5	-6.044215E-5
1.219878E2	4.348410E-5	-5.983527E-5
1.220878E2	4.368949E-5	-5.881509E-5
1.221878E2	4.368949E-5	-5.881509E-5
1.222878E2	4.371374E-5	-5.825382E-5
1.223878E2	4.370472E-5	-5.830437E-5
1.224878E2	4.362923E-5	-5.773038E-5
1.225877E2	4.354086E-5	-5.709379E-5
1.226877E2	4.356537E-5	-5.693505E-5
1.227877E2	4.384697E-5	-5.676205E-5
1.228877E2	4.408714E-5	-5.694326E-5
1.229877E2	4.405105E-5	-5.724829E-5
1.230877E2	4.411132E-5	-5.767012E-5
1.231877E2	4.433278E-5	-5.791575E-5
1.232877E2	4.463159E-5	-5.723726E-5
1.233877E2	4.446978E-5	-5.724700E-5
1.234877E2	4.453547E-5	-5.744342E-5
1.235876E2	4.534667E-5	-5.773038E-5
1.236876E2	4.551086E-5	-5.818298E-5
1.237876E2	4.543707E-5	-5.896574E-5
1.238876E2	4.582877E-5	-5.851378E-5
1.239876E2	4.600955E-5	-5.821247E-5
1.240876E2	4.629403E-5	-5.823117E-5
1.241876E2	4.697274E-5	-5.764185E-5
1.242876E2	4.703346E-5	-5.751596E-5
1.243876E2	4.696103E-5	-5.725970E-5
1.244876E2	4.700729E-5	-5.687311E-5
1.245875E2	4.696867E-5	-5.651011E-5
1.246875E2	4.704172E-5	-5.607113E-5
1.247875E2	4.746010E-5	-5.635158E-5
1.248875E2	4.786887E-5	-5.684311E-5
1.249875E2	4.770799E-5	-5.664958E-5
1.250875E2	4.721895E-5	-5.665667E-5
1.251875E2	4.687429E-5	-5.718176E-5
1.252875E2	4.695016E-5	-5.769766E-5
1.253875E2	4.745453E-5	-5.769404E-5
1.254875E2	4.746515E-5	-5.774144E-5
1.255874E2	4.814875E-5	-5.809238E-5
1.256874E2	4.866105E-5	-5.827274E-5
1.257874E2	4.866105E-5	-5.827274E-5
1.258874E2	4.917327E-5	-5.875483E-5
1.259874E2	4.929379E-5	-5.818234E-5
1.260874E2	4.983615E-5	-5.839326E-5
1.261874E2	4.989641E-5	-5.878496E-5
1.262874E2	4.982972E-5	-5.871344E-5
1.263874E2	4.934640E-5	-5.843595E-5
1.264874E2	4.937959E-5	-5.844042E-5
1.265873E2	4.910653E-5	-5.817863E-5
1.266873E2	4.940574E-5	-5.799827E-5
1.267873E2	4.994824E-5	-5.780692E-5
1.268873E2	5.035901E-5	-5.823523E-5
1.269873E2	5.078156E-5	-5.822384E-5
1.270873E2	5.059426E-5	-5.828739E-5
1.271873E2	5.035396E-5	-5.818440E-5
1.272873E2	4.995673E-5	-5.808159E-5
1.273873E2	5.003177E-5	-5.812723E-5
1.274873E2	5.011175E-5	-5.809739E-5
1.275872E2	5.043903E-5	-5.801437E-5
1.276872E2	5.083043E-5	-5.800552E-5
1.277872E2	5.064449E-5	-5.759641E-5
1.278872E2	5.090620E-5	-5.726257E-5
1.279872E2	5.127158E-5	-5.738098E-5
1.280872E2	5.111417E-5	-5.756824E-5
1.281872E2	5.057135E-5	-5.794486E-5
1.282872E2	5.028811E-5	-5.785091E-5
1.283872E2	4.991130E-5	-5.787704E-5
1.284872E2	5.018561E-5	-5.786792E-5
1.285871E2	5.079652E-5	-5.768445E-5
1.286871E2	5.104461E-5	-5.803606E-5
1.287871E2	5.116998E-5	-5.803952E-5
1.288871E2	5.175835E-5	-5.800259E-5
1.289871E2	5.193365E-5	-5.755420E-5
1.290871E2	5.199290E-5	-5.754065E-5
1.291871E2	5.178109E-5	-5.779136E-5
1.292871E2	5.194996E-5	-5.698472E-5
1.293871E2	5.197542E-5	-5.616359E-5
1.294871E2	5.152883E-5	-5.612720E-5
1.295870E2	5.156822E-5	-5.629993E-5
1.296870E2	5.136462E-5	-5.658161E-5
1.297870E2	5.212949E-5	-5.699831E-5
1.298870E2	5.195895E-5	-5.780811E-5
1.299870E2	5.181573E-5	-5.805452E-5
1.300870E2	5.206848E-5	-5.769834E-5
1.301870E2	5.240230E-5	-5.805836E-5
1.302870E2	5.288528E-5	-5.804322E-5
1.303870E2	5.334204E-5	-5.819908E-5
1.304870E2	5.356730E-5	-5.770896E-5
1.305869E2	5.426606E-5	-5.742699E-5
1.306869E2	5.448638E-5	-5.746010E-5
1.307869E2	5.446426E-5	-5.745359E-5
1.308869E2	5.410355E-5	-5.776341E-5
1.309869E2	5.392057E-5	-5.832963E-5
1.310869E2	5.396916E-5	-5.861095E-5
1.311869E2	5.422735E-5	-5.882663E-5
1.312869E2	5.418501E-5	-5.880972E-5
