0.000000E0	5.642903E-5	5.248866E-5
9.999000E-2	5.610236E-5	5.258545E-5
1.999800E-1	5.580202E-5	5.299987E-5
2.999700E-1	5.492823E-5	5.296974E-5
3.999600E-1	5.486797E-5	5.296974E-5
4.999500E-1	5.533595E-5	5.297281E-5
5.999400E-1	5.481516E-5	5.292367E-5
6.999300E-1	5.444614E-5	5.266843E-5
7.999200E-1	5.481652E-5	5.267583E-5
8.999100E-1	5.467674E-5	5.238193E-5
9.999000E-1	5.482063E-5	5.223095E-5
1.099890E0	5.500014E-5	5.219355E-5
1.199880E0	5.501094E-5	5.195043E-5
1.299870E0	5.513915E-5	5.152346E-5
1.399860E0	5.462692E-5	5.134268E-5
1.499850E0	5.489810E-5	5.131255E-5
1.599840E0	5.438588E-5	5.061954E-5
1.699830E0	5.450640E-5	5.025798E-5
1.799820E0	5.438588E-5	5.007719E-5
1.899810E0	5.468247E-5	4.953341E-5
1.999800E0	5.492823E-5	4.959510E-5
2.099790E0	5.521081E-5	4.923831E-5
2.199780E0	5.560519E-5	4.882774E-5
2.299770E0	5.552422E-5	4.920584E-5
2.399760E0	5.513027E-5	4.971384E-5
2.499750E0	5.504875E-5	4.980601E-5
2.599740E0	5.522954E-5	4.944445E-5
2.699730E0	5.589241E-5	4.917327E-5
2.799720E0	5.631424E-5	4.908288E-5
2.899710E0	5.625398E-5	4.838987E-5
2.999700E0	5.577189E-5	4.790778E-5
3.099690E0	5.583215E-5	4.790778E-5
3.199680E0	5.583215E-5	4.778726E-5
3.299670E0	5.572860E-5	4.750643E-5
3.399660E0	5.599519E-5	4.718712E-5
3.499650E0	5.612805E-5	4.736039E-5
3.599640E0	5.635580E-5	4.790328E-5
3.699630E0	5.577189E-5	4.835974E-5
3.799620E0	5.586228E-5	4.851040E-5
3.899610E0	5.577189E-5	4.881170E-5
3.999600E0	5.556097E-5	4.881170E-5
4.099590E0	5.601294E-5	4.875144E-5
4.199580E0	5.613346E-5	4.760648E-5
4.299570E0	5.636293E-5	4.804156E-5
4.399560E0	5.633975E-5	4.838003E-5
4.499550E0	5.597764E-5	4.880883E-5
4.599540E0	5.571163E-5	4.842000E-5
4.699530E0	5.550071E-5	4.845013E-5
4.799520E0	5.577189E-5	4.835974E-5
4.899510E0	5.643476E-5	4.863092E-5
4.999500E0	5.565137E-5	4.875144E-5
5.099490E0	5.507888E-5	4.911301E-5
5.199480E0	5.492823E-5	4.872131E-5
5.299470E0	5.492823E-5	4.784752E-5
5.399460E0	5.499071E-5	4.802830E-5
5.499450E0	5.507673E-5	4.827009E-5
5.599440E0	5.444614E-5	4.826935E-5
5.699430E0	5.342170E-5	4.887196E-5
5.799420E0	5.378326E-5	4.817896E-5
5.899410E0	5.420509E-5	4.718465E-5
5.999400E0	5.419097E-5	4.652190E-5
6.099390E0	5.433393E-5	4.620896E-5
6.199380E0	5.403144E-5	4.571205E-5
6.299370E0	5.359990E-5	4.539198E-5
6.399360E0	5.318065E-5	4.591916E-5
6.499350E0	5.326815E-5	4.620806E-5
6.599340E0	5.316514E-5	4.612496E-5
6.699330E0	5.316692E-5	4.646052E-5
6.799320E0	5.388668E-5	4.642577E-5
6.899310E0	5.378775E-5	4.637106E-5
6.999300E0	5.423829E-5	4.552841E-5
7.099290E0	5.403016E-5	4.568388E-5
7.199280E0	5.370306E-5	4.559905E-5
7.299270E0	5.360058E-5	4.498822E-5
7.399260E0	5.340833E-5	4.474596E-5
7.499250E0	5.301051E-5	4.477701E-5
7.599240E0	5.315520E-5	4.523178E-5
7.699230E0	5.260388E-5	4.480447E-5
7.799220E0	5.263830E-5	4.393053E-5
7.899210E0	5.266177E-5	4.360536E-5
7.999200E0	5.301620E-5	4.372672E-5
8.099190E0	5.300414E-5	4.310970E-5
8.199180E0	5.268616E-5	4.354293E-5
8.299170E0	5.238441E-5	4.365839E-5
8.399160E0	5.235984E-5	4.362769E-5
8.499150E0	5.242934E-5	4.364519E-5
8.599140E0	5.271412E-5	4.382784E-5
8.699130E0	5.300537E-5	4.349746E-5
8.799120E0	5.250522E-5	4.318692E-5
8.899110E0	5.290493E-5	4.341591E-5
8.999100E0	5.408457E-5	4.266504E-5
9.099090E0	5.414483E-5	4.224321E-5
9.199080E0	5.363261E-5	4.203230E-5
9.299070E0	5.387417E-5	4.194337E-5
9.399060E0	5.388458E-5	4.165083E-5
9.499050E0	5.353869E-5	4.133164E-5
9.599040E0	5.306228E-5	4.135226E-5
9.699030E0	5.301380E-5	4.166153E-5
9.799020E0	5.283087E-5	4.153730E-5
9.899010E0	5.296033E-5	4.170289E-5
9.999000E0	5.306013E-5	4.182138E-5
1.009899E1	5.290331E-5	4.177959E-5
1.019898E1	5.285289E-5	4.179978E-5
1.029897E1	5.319388E-5	4.163347E-5
1.039896E1	5.336562E-5	4.147712E-5
1.049895E1	5.344725E-5	4.085689E-5
1.059894E1	5.326172E-5	4.023218E-5
1.069893E1	5.294592E-5	3.968047E-5
1.079892E1	5.252454E-5	3.949160E-5
1.089891E1	5.253767E-5	3.963519E-5
1.099890E1	5.184308E-5	3.947503E-5
1.109889E1	5.184509E-5	3.903874E-5
1.119888E1	5.167297E-5	3.886088E-5
1.129887E1	5.156879E-5	3.901160E-5
1.139886E1	5.106351E-5	3.922271E-5
1.149885E1	5.054027E-5	3.956517E-5
1.159884E1	5.077345E-5	3.962738E-5
1.169883E1	5.052426E-5	3.833149E-5
1.179882E1	5.049902E-5	3.778387E-5
1.189881E1	5.007719E-5	3.751270E-5
1.199880E1	5.025971E-5	3.757513E-5
1.209879E1	5.008768E-5	3.747042E-5
1.219878E1	4.993597E-5	3.716416E-5
1.229877E1	4.975472E-5	3.700471E-5
1.239876E1	4.972038E-5	3.758142E-5
1.249875E1	5.036286E-5	3.796793E-5
1.259874E1	5.009991E-5	3.787997E-5
1.269873E1	5.030847E-5	3.766626E-5
1.279872E1	5.033556E-5	3.747674E-5
1.289871E1	5.094582E-5	3.662615E-5
1.299870E1	5.134393E-5	3.606384E-5
1.309869E1	5.120842E-5	3.607516E-5
1.319868E1	5.108535E-5	3.573196E-5
1.329867E1	5.145490E-5	3.568378E-5
1.339866E1	5.148043E-5	3.556252E-5
1.349865E1	5.152290E-5	3.542436E-5
1.359864E1	5.195768E-5	3.502548E-5
1.369863E1	5.254515E-5	3.517815E-5
1.379862E1	5.217130E-5	3.504324E-5
1.389861E1	5.193778E-5	3.531732E-5
1.399860E1	5.155359E-5	3.501185E-5
1.409859E1	5.133790E-5	3.535028E-5
1.419858E1	5.155987E-5	3.507107E-5
1.429857E1	5.203569E-5	3.501185E-5
1.439856E1	5.248765E-5	3.561446E-5
1.449855E1	5.227673E-5	3.549394E-5
1.459854E1	5.233699E-5	3.498172E-5
1.469853E1	5.342507E-5	3.481490E-5
1.479852E1	5.333129E-5	3.486114E-5
1.489851E1	5.315580E-5	3.470986E-5
1.499850E1	5.291737E-5	3.414919E-5
1.509849E1	5.242738E-5	3.323414E-5
1.519848E1	5.200338E-5	3.313076E-5
1.529847E1	5.155359E-5	3.350532E-5
1.539846E1	5.178098E-5	3.434703E-5
1.549845E1	5.192273E-5	3.459175E-5
1.559844E1	5.281908E-5	3.425858E-5
1.569843E1	5.292667E-5	3.401240E-5
1.579842E1	5.293718E-5	3.355294E-5
1.589841E1	5.336144E-5	3.296296E-5
1.599840E1	5.372300E-5	3.266166E-5
1.609839E1	5.336144E-5	3.278218E-5
1.619838E1	5.287934E-5	3.251100E-5
1.629837E1	5.260817E-5	3.284244E-5
1.639836E1	5.233699E-5	3.314375E-5
1.649835E1	5.200555E-5	3.368610E-5
1.659834E1	5.203569E-5	3.338479E-5
1.669833E1	5.221647E-5	3.323414E-5
1.679832E1	5.217515E-5	3.291958E-5
1.689831E1	5.196579E-5	3.295733E-5
1.699830E1	5.180826E-5	3.293586E-5
1.709829E1	5.191986E-5	3.279523E-5
1.719828E1	5.196960E-5	3.249034E-5
1.729827E1	5.207677E-5	3.251155E-5
1.739826E1	5.258523E-5	3.258215E-5
1.749825E1	5.314953E-5	3.256824E-5
1.759824E1	5.313330E-5	3.286763E-5
1.769823E1	5.278498E-5	3.299538E-5
1.779822E1	5.276893E-5	3.288144E-5
1.789821E1	5.247771E-5	3.239173E-5
1.799820E1	5.246989E-5	3.233442E-5
1.809819E1	5.302686E-5	3.269316E-5
1.819818E1	5.315831E-5	3.314849E-5
1.829817E1	5.336837E-5	3.282116E-5
1.839816E1	5.374018E-5	3.266660E-5
1.849815E1	5.411378E-5	3.253924E-5
1.859814E1	5.421384E-5	3.246308E-5
1.869813E1	5.406139E-5	3.228266E-5
1.879812E1	5.382786E-5	3.215588E-5
1.889811E1	5.390783E-5	3.193629E-5
1.899810E1	5.390162E-5	3.160780E-5
1.909809E1	5.416976E-5	3.128555E-5
1.919808E1	5.458198E-5	3.118784E-5
1.929807E1	5.463353E-5	3.110403E-5
1.939806E1	5.461198E-5	3.114855E-5
1.949805E1	5.478093E-5	3.132251E-5
1.959804E1	5.484033E-5	3.126697E-5
1.969803E1	5.477420E-5	3.047935E-5
1.979802E1	5.507240E-5	3.043284E-5
1.989801E1	5.491007E-5	3.012357E-5
1.999800E1	5.481312E-5	2.976054E-5
2.009799E1	5.452490E-5	2.923991E-5
2.019798E1	5.459643E-5	2.925086E-5
2.029797E1	5.462874E-5	2.921599E-5
2.039796E1	5.465177E-5	2.889079E-5
2.049795E1	5.433053E-5	2.924587E-5
2.059794E1	5.454445E-5	2.926820E-5
2.069793E1	5.450841E-5	2.907063E-5
2.079792E1	5.445891E-5	2.899228E-5
2.089791E1	5.449585E-5	2.919355E-5
2.099790E1	5.418126E-5	2.865727E-5
2.109789E1	5.413177E-5	2.829410E-5
2.119788E1	5.375771E-5	2.866694E-5
2.129787E1	5.392087E-5	2.914567E-5
2.139786E1	5.368519E-5	2.893580E-5
2.149785E1	5.367747E-5	2.914610E-5
2.159784E1	5.366431E-5	2.937770E-5
2.169783E1	5.324349E-5	2.928272E-5
2.179782E1	5.342743E-5	2.909859E-5
2.189781E1	5.380128E-5	2.860758E-5
2.199780E1	5.431421E-5	2.826719E-5
2.209779E1	5.393151E-5	2.778225E-5
2.219778E1	5.388464E-5	2.777412E-5
2.229777E1	5.336012E-5	2.823816E-5
2.239776E1	5.353297E-5	2.819736E-5
2.249775E1	5.384949E-5	2.805055E-5
2.259774E1	5.383059E-5	2.795227E-5
2.269773E1	5.402423E-5	2.772543E-5
2.279772E1	5.416014E-5	2.821780E-5
2.289771E1	5.374384E-5	2.857157E-5
2.299770E1	5.340338E-5	2.899966E-5
2.309769E1	5.332397E-5	2.907931E-5
2.319768E1	5.383898E-5	2.922959E-5
2.329767E1	5.405597E-5	2.928596E-5
2.339766E1	5.401908E-5	2.930980E-5
2.349765E1	5.351911E-5	2.910674E-5
2.359764E1	5.366111E-5	2.893487E-5
2.369763E1	5.373454E-5	2.903600E-5
2.379762E1	5.319486E-5	2.902755E-5
2.389761E1	5.351338E-5	2.877274E-5
2.399760E1	5.380712E-5	2.842649E-5
2.409759E1	5.375652E-5	2.853262E-5
2.419758E1	5.326742E-5	2.884966E-5
2.429757E1	5.358931E-5	2.933553E-5
2.439756E1	5.364974E-5	2.912911E-5
2.449755E1	5.370458E-5	2.889190E-5
2.459754E1	5.439952E-5	2.885696E-5
2.469753E1	5.461530E-5	2.899258E-5
2.479752E1	5.492937E-5	2.885469E-5
2.489751E1	5.518155E-5	2.861206E-5
2.499750E1	5.587408E-5	2.843498E-5
2.509749E1	5.608130E-5	2.828773E-5
2.519748E1	5.588330E-5	2.823970E-5
2.529747E1	5.600113E-5	2.843364E-5
2.539746E1	5.611105E-5	2.866970E-5
2.549745E1	5.629849E-5	2.904065E-5
2.559744E1	5.651995E-5	2.888437E-5
2.569743E1	5.677648E-5	2.884486E-5
2.579742E1	5.645624E-5	2.894976E-5
2.589741E1	5.622660E-5	2.860516E-5
2.599740E1	5.626969E-5	2.866085E-5
2.609739E1	5.641505E-5	2.831505E-5
2.619738E1	5.631424E-5	2.847349E-5
2.629737E1	5.593478E-5	2.837485E-5
2.639736E1	5.613346E-5	2.787088E-5
2.649735E1	5.616517E-5	2.737937E-5
2.659734E1	5.637963E-5	2.719635E-5
2.669733E1	5.708223E-5	2.697552E-5
2.679732E1	5.688254E-5	2.653429E-5
2.689731E1	5.679176E-5	2.690288E-5
2.699730E1	5.637541E-5	2.744703E-5
2.709729E1	5.622181E-5	2.747426E-5
2.719728E1	5.665312E-5	2.745202E-5
2.729727E1	5.701277E-5	2.703303E-5
2.739726E1	5.688850E-5	2.699427E-5
2.749725E1	5.672644E-5	2.736938E-5
2.759724E1	5.779065E-5	2.657526E-5
2.769723E1	5.822266E-5	2.712437E-5
2.779722E1	5.820949E-5	2.714989E-5
2.789721E1	5.813718E-5	2.771948E-5
2.799720E1	5.862942E-5	2.796656E-5
2.809719E1	5.888990E-5	2.815042E-5
2.819718E1	5.876294E-5	2.805357E-5
2.829717E1	5.837314E-5	2.825876E-5
2.839716E1	5.840690E-5	2.852682E-5
2.849715E1	5.851086E-5	2.873858E-5
2.859714E1	5.815916E-5	2.861661E-5
2.869713E1	5.816235E-5	2.913277E-5
2.879712E1	5.791957E-5	2.956091E-5
2.889711E1	5.777243E-5	2.965508E-5
2.899710E1	5.748880E-5	2.959445E-5
2.909709E1	5.752675E-5	2.965340E-5
2.919708E1	5.751632E-5	2.964159E-5
2.929707E1	5.741945E-5	2.954462E-5
2.939706E1	5.785670E-5	2.977079E-5
2.949705E1	5.754400E-5	2.994311E-5
2.959704E1	5.755465E-5	3.022228E-5
2.969703E1	5.766172E-5	3.036496E-5
2.979702E1	5.794596E-5	3.117581E-5
2.989701E1	5.832613E-5	3.106014E-5
2.999700E1	5.850705E-5	3.098224E-5
3.009699E1	5.893104E-5	3.121536E-5
3.019698E1	5.757973E-5	3.118525E-5
3.029697E1	5.794130E-5	3.184813E-5
3.039696E1	5.830287E-5	3.175774E-5
3.049695E1	5.836886E-5	3.153437E-5
3.059694E1	5.830806E-5	3.108325E-5
3.069693E1	5.836675E-5	3.047014E-5
3.079692E1	5.776051E-5	2.973898E-5
3.089691E1	5.724525E-5	2.991003E-5
3.099690E1	5.738702E-5	2.988786E-5
3.109689E1	5.767837E-5	2.978560E-5
3.119688E1	5.768318E-5	2.942355E-5
3.129687E1	5.735477E-5	2.918738E-5
3.139686E1	5.790835E-5	2.887963E-5
3.149685E1	5.820862E-5	2.869199E-5
3.159684E1	5.854254E-5	2.865802E-5
3.169683E1	5.845255E-5	2.892965E-5
3.179682E1	5.840494E-5	2.901783E-5
3.189681E1	5.827254E-5	2.878999E-5
3.199680E1	5.844722E-5	2.852435E-5
3.209679E1	5.853180E-5	2.813537E-5
3.219678E1	5.832676E-5	2.821553E-5
3.229677E1	5.792021E-5	2.867972E-5
3.239676E1	5.770086E-5	2.876545E-5
3.249675E1	5.787759E-5	2.904996E-5
3.259674E1	5.752505E-5	2.855433E-5
3.269673E1	5.781014E-5	2.889413E-5
3.279672E1	5.803398E-5	2.904551E-5
3.289671E1	5.763261E-5	2.887074E-5
3.299670E1	5.902600E-5	2.775036E-5
3.309669E1	5.950809E-5	2.744905E-5
3.319668E1	5.918460E-5	2.696696E-5
3.329667E1	5.921860E-5	2.616863E-5
3.339666E1	5.938075E-5	2.588360E-5
3.349665E1	5.943679E-5	2.575210E-5
3.359664E1	5.931166E-5	2.552308E-5
3.369663E1	5.940880E-5	2.550145E-5
3.379662E1	5.957038E-5	2.499546E-5
3.389661E1	5.926705E-5	2.479755E-5
3.399660E1	5.902600E-5	2.383337E-5
3.409659E1	5.869457E-5	2.374298E-5
3.419658E1	5.905613E-5	2.298971E-5
3.429657E1	5.954425E-5	2.282707E-5
3.439656E1	5.964429E-5	2.292528E-5
3.449655E1	5.905613E-5	2.262814E-5
3.459654E1	5.842339E-5	2.250762E-5
3.469653E1	5.872470E-5	2.253775E-5
3.479652E1	5.944783E-5	2.250762E-5
3.489651E1	5.917666E-5	2.238710E-5
3.499650E1	5.914653E-5	2.232683E-5
3.509649E1	5.917666E-5	2.274866E-5
3.519648E1	5.911640E-5	2.235696E-5
3.529647E1	5.908626E-5	2.193514E-5
3.539646E1	5.920679E-5	2.151331E-5
3.549645E1	5.914653E-5	2.196527E-5
3.559644E1	5.953822E-5	2.220631E-5
3.569643E1	5.977927E-5	2.298971E-5
3.579642E1	5.947796E-5	2.244736E-5
3.589641E1	5.944783E-5	2.232683E-5
3.599640E1	5.938757E-5	2.238710E-5
3.609639E1	5.956836E-5	2.283906E-5
3.619638E1	5.974914E-5	2.283906E-5
3.629637E1	6.017097E-5	2.250762E-5
3.639636E1	6.035175E-5	2.217618E-5
3.649635E1	6.023123E-5	2.172422E-5
3.659634E1	6.065306E-5	2.172422E-5
3.669633E1	6.092424E-5	2.133252E-5
3.679632E1	6.116528E-5	2.060939E-5
3.689631E1	6.140633E-5	2.018756E-5
3.699630E1	6.089411E-5	1.985612E-5
3.709629E1	6.068319E-5	1.955481E-5
3.719628E1	6.071332E-5	1.916311E-5
3.729627E1	6.014084E-5	1.883168E-5
3.739626E1	6.011071E-5	1.874128E-5
3.749625E1	5.959849E-5	1.886181E-5
3.759624E1	5.878496E-5	1.913298E-5
3.769623E1	5.899587E-5	1.991638E-5
3.779622E1	5.800156E-5	2.012729E-5
3.789621E1	5.748934E-5	2.051899E-5
3.799620E1	5.776051E-5	2.018756E-5
3.809619E1	5.785091E-5	2.000677E-5
3.819618E1	5.767012E-5	2.033821E-5
3.829617E1	5.815221E-5	1.997664E-5
3.839616E1	5.785091E-5	2.009716E-5
3.849615E1	5.773038E-5	2.024782E-5
3.859614E1	5.797143E-5	2.079017E-5
3.869613E1	5.788104E-5	2.085043E-5
3.879612E1	5.721816E-5	2.112161E-5
3.889611E1	5.706751E-5	2.103121E-5
3.899610E1	5.730855E-5	2.106135E-5
3.909609E1	5.730855E-5	2.115174E-5
3.919608E1	5.730855E-5	2.181461E-5
3.929607E1	5.745921E-5	2.235696E-5
3.939606E1	5.767012E-5	2.244736E-5
3.949605E1	5.763999E-5	2.196527E-5
3.959604E1	5.718803E-5	2.205566E-5
3.969603E1	5.697712E-5	2.211592E-5
3.979602E1	5.718803E-5	2.199540E-5
3.989601E1	5.724829E-5	2.184474E-5
3.999600E1	5.691686E-5	2.175435E-5
4.009599E1	5.673607E-5	2.160370E-5
4.019598E1	5.694949E-5	2.180805E-5
4.029597E1	5.672747E-5	2.211486E-5
4.039596E1	5.696328E-5	2.177115E-5
4.049595E1	5.670702E-5	2.157617E-5
4.059594E1	5.694116E-5	2.180448E-5
4.069593E1	5.710366E-5	2.140731E-5
4.079592E1	5.673949E-5	2.103225E-5
4.089591E1	5.660848E-5	2.034856E-5
4.099590E1	5.679140E-5	1.966759E-5
4.109589E1	5.660413E-5	1.927021E-5
4.119588E1	5.648719E-5	1.921516E-5
4.129587E1	5.588115E-5	1.913740E-5
4.139586E1	5.578138E-5	1.955937E-5
4.149585E1	5.554836E-5	1.945079E-5
4.159584E1	5.540803E-5	1.915431E-5
4.169583E1	5.588108E-5	1.912729E-5
4.179582E1	5.609874E-5	1.954284E-5
4.189581E1	5.554376E-5	1.998560E-5
4.199580E1	5.514599E-5	1.968705E-5
4.209579E1	5.481711E-5	1.912922E-5
4.219578E1	5.451515E-5	1.846447E-5
4.229577E1	5.471249E-5	1.855842E-5
4.239576E1	5.536403E-5	1.856614E-5
4.249575E1	5.566587E-5	1.854898E-5
4.259574E1	5.564291E-5	1.821872E-5
4.269573E1	5.590635E-5	1.783079E-5
4.279572E1	5.565137E-5	1.732514E-5
4.289571E1	5.531993E-5	1.729501E-5
4.299570E1	5.553084E-5	1.702383E-5
4.309569E1	5.489810E-5	1.705397E-5
4.319568E1	5.462692E-5	1.759632E-5
4.329567E1	5.492823E-5	1.729501E-5
4.339566E1	5.525967E-5	1.705397E-5
4.349565E1	5.513915E-5	1.690331E-5
4.359564E1	5.580202E-5	1.627057E-5
4.369563E1	5.571163E-5	1.621031E-5
4.379562E1	5.516928E-5	1.714436E-5
4.389561E1	5.504875E-5	1.786749E-5
4.399560E1	5.483784E-5	1.774697E-5
4.409559E1	5.471732E-5	1.804828E-5
4.419558E1	5.477758E-5	1.825919E-5
4.429557E1	5.489810E-5	1.843998E-5
4.439556E1	5.550071E-5	1.825919E-5
4.449555E1	5.528980E-5	1.862076E-5
4.459554E1	5.498849E-5	1.895220E-5
4.469553E1	5.483784E-5	1.922337E-5
4.479552E1	5.465705E-5	1.862076E-5
4.489551E1	5.465705E-5	1.783736E-5
4.499550E1	5.459679E-5	1.681292E-5
4.509549E1	5.447627E-5	1.678279E-5
4.519548E1	5.411470E-5	1.747579E-5
4.529547E1	5.435575E-5	1.765658E-5
4.539546E1	5.471732E-5	1.732514E-5
4.549545E1	5.447627E-5	1.771684E-5
4.559544E1	5.429549E-5	1.795789E-5
4.569543E1	5.408457E-5	1.798802E-5
4.579542E1	5.465705E-5	1.759632E-5
4.589541E1	5.489810E-5	1.765658E-5
4.599540E1	5.441601E-5	1.765658E-5
4.609539E1	5.447627E-5	1.765658E-5
4.619538E1	5.447627E-5	1.762645E-5
4.629537E1	5.447627E-5	1.753606E-5
4.639536E1	5.411470E-5	1.678279E-5
4.649535E1	5.381340E-5	1.615004E-5
4.659534E1	5.411470E-5	1.639109E-5
4.669533E1	5.438588E-5	1.627057E-5
4.679532E1	5.414483E-5	1.633083E-5
4.689531E1	5.391796E-5	1.596975E-5
4.699530E1	5.459679E-5	1.563782E-5
4.709529E1	5.482795E-5	1.549729E-5
4.719528E1	5.489810E-5	1.500508E-5
4.729527E1	5.501862E-5	1.491469E-5
4.739526E1	5.519941E-5	1.437233E-5
4.749525E1	5.474221E-5	1.536665E-5
4.759524E1	5.515525E-5	1.536665E-5
4.769523E1	5.571163E-5	1.611991E-5
4.779522E1	5.583662E-5	1.623187E-5
4.789521E1	5.544045E-5	1.611991E-5
4.799520E1	5.530387E-5	1.605366E-5
4.809519E1	5.476446E-5	1.604080E-5
4.819518E1	5.477758E-5	1.557756E-5
4.829517E1	5.480940E-5	1.585927E-5
4.839516E1	5.429549E-5	1.542691E-5
4.849515E1	5.386729E-5	1.681292E-5
4.859514E1	5.417496E-5	1.648148E-5
4.869513E1	5.453653E-5	1.663214E-5
4.879512E1	5.474745E-5	1.611991E-5
4.889511E1	5.438588E-5	1.557756E-5
4.899510E1	5.417496E-5	1.545704E-5
4.909509E1	5.408457E-5	1.596926E-5
4.919508E1	5.480771E-5	1.572822E-5
4.929507E1	5.480771E-5	1.515573E-5
4.939506E1	5.462692E-5	1.497495E-5
4.949505E1	5.456666E-5	1.389024E-5
4.959504E1	5.426536E-5	1.386011E-5
4.969503E1	5.390379E-5	1.386011E-5
4.979502E1	5.363261E-5	1.358894E-5
4.989501E1	5.402431E-5	1.328763E-5
4.999500E1	5.426536E-5	1.307672E-5
5.009499E1	5.336144E-5	1.328763E-5
5.019498E1	5.306013E-5	1.268502E-5
5.029497E1	5.311408E-5	1.248071E-5
5.039496E1	5.295139E-5	1.192253E-5
5.049495E1	5.203738E-5	1.242282E-5
5.059494E1	5.209595E-5	1.247410E-5
5.069493E1	5.179464E-5	1.169070E-5
5.079492E1	5.097823E-5	1.147979E-5
5.089491E1	5.062614E-5	1.168296E-5
5.099490E1	5.014333E-5	1.181553E-5
5.109489E1	5.045609E-5	1.170025E-5
5.119488E1	5.039816E-5	1.177943E-5
5.129487E1	5.065028E-5	1.224878E-5
5.139486E1	5.098111E-5	1.241384E-5
5.149485E1	5.104137E-5	1.232345E-5
5.159484E1	5.089072E-5	1.187149E-5
5.169483E1	5.113176E-5	1.235358E-5
5.179482E1	5.095098E-5	1.247410E-5
5.189481E1	5.070994E-5	1.286580E-5
5.199480E1	5.055928E-5	1.283567E-5
5.209479E1	5.004706E-5	1.211253E-5
5.219478E1	5.010732E-5	1.220293E-5
5.229477E1	4.973728E-5	1.220293E-5
5.239476E1	4.890209E-5	1.277541E-5
5.249475E1	4.835974E-5	1.298632E-5
5.259474E1	4.817896E-5	1.328763E-5
5.269473E1	4.793791E-5	1.392037E-5
5.279472E1	4.829948E-5	1.392037E-5
5.289471E1	4.851040E-5	1.431207E-5
5.299470E1	4.884183E-5	1.401077E-5
5.309469E1	4.857066E-5	1.446273E-5
5.319468E1	4.854053E-5	1.440247E-5
5.329467E1	4.835974E-5	1.443260E-5
5.339466E1	4.835974E-5	1.392037E-5
5.349465E1	4.906729E-5	1.593913E-5
5.359464E1	4.814883E-5	1.449286E-5
5.369463E1	4.798659E-5	1.593913E-5
5.379462E1	4.835148E-5	1.593913E-5
5.389461E1	4.721478E-5	1.491469E-5
5.399460E1	4.667242E-5	1.491469E-5
5.409459E1	4.625059E-5	1.497495E-5
5.419458E1	4.609994E-5	1.443260E-5
5.429457E1	4.552746E-5	1.404090E-5
5.439456E1	4.631086E-5	1.440247E-5
5.449455E1	4.640125E-5	1.401077E-5
5.459454E1	4.682308E-5	1.289593E-5
5.469453E1	4.733530E-5	1.280554E-5
5.479452E1	4.676373E-5	1.272002E-5
5.489451E1	4.653446E-5	1.259304E-5
5.499450E1	4.685191E-5	1.301239E-5
5.509449E1	4.753730E-5	1.222162E-5
5.519448E1	4.746911E-5	1.106727E-5
5.529447E1	4.760964E-5	1.087316E-5
5.539446E1	4.780396E-5	1.133582E-5
5.549445E1	4.730035E-5	1.118616E-5
5.559444E1	4.674481E-5	1.107990E-5
5.569443E1	4.622075E-5	1.077136E-5
5.579442E1	4.671969E-5	1.083889E-5
5.589441E1	4.719767E-5	1.056890E-5
5.599440E1	4.786671E-5	1.085779E-5
5.609439E1	4.796710E-5	1.076823E-5
5.619438E1	4.782449E-5	1.082649E-5
5.629437E1	4.746267E-5	1.097218E-5
5.639436E1	4.734626E-5	1.156343E-5
5.649435E1	4.741906E-5	1.149230E-5
5.659434E1	4.709228E-5	1.124190E-5
5.669433E1	4.739599E-5	1.103357E-5
5.679432E1	4.732797E-5	1.116257E-5
5.689431E1	4.744861E-5	1.089661E-5
5.699430E1	4.743690E-5	1.066437E-5
5.709429E1	4.799549E-5	1.085342E-5
5.719428E1	4.865074E-5	1.108847E-5
5.729427E1	4.890234E-5	1.045324E-5
5.739426E1	4.904892E-5	1.035786E-5
5.749425E1	4.975135E-5	1.017950E-5
5.759424E1	4.996230E-5	9.973807E-6
5.769423E1	5.021177E-5	1.018995E-5
5.779422E1	5.045711E-5	1.030151E-5
5.789421E1	5.048838E-5	1.017978E-5
5.799420E1	5.046180E-5	1.036497E-5
5.809419E1	5.026627E-5	1.059077E-5
5.819418E1	5.019197E-5	1.022066E-5
5.829417E1	4.983999E-5	1.010196E-5
5.839416E1	4.973811E-5	1.011025E-5
5.849415E1	4.967872E-5	1.063760E-5
5.859414E1	5.012242E-5	1.056791E-5
5.869413E1	5.016673E-5	1.035444E-5
5.879412E1	5.075006E-5	1.022415E-5
5.889411E1	5.078439E-5	1.043433E-5
5.899410E1	5.111022E-5	9.539580E-6
5.909409E1	5.160536E-5	9.601670E-6
5.919408E1	5.190498E-5	1.033586E-5
5.929407E1	5.209997E-5	9.949589E-6
5.939406E1	5.220389E-5	9.665174E-6
5.949405E1	5.228810E-5	9.183730E-6
5.959404E1	5.217093E-5	8.738560E-6
5.969403E1	5.251495E-5	8.686085E-6
5.979402E1	5.207449E-5	8.193918E-6
5.989401E1	5.204396E-5	7.813224E-6
5.999400E1	5.187042E-5	7.709541E-6
6.009399E1	5.167737E-5	7.794117E-6
6.019398E1	5.130766E-5	7.815082E-6
6.029397E1	5.126529E-5	7.717503E-6
6.039396E1	5.138959E-5	8.237986E-6
6.049395E1	5.159245E-5	8.712914E-6
6.059394E1	5.121287E-5	8.952229E-6
6.069393E1	5.138353E-5	8.791101E-6
6.079392E1	5.166234E-5	8.328334E-6
6.089391E1	5.194116E-5	7.897707E-6
6.099390E1	5.167818E-5	7.652738E-6
6.109389E1	5.192208E-5	7.299676E-6
6.119388E1	5.193102E-5	7.166003E-6
6.129387E1	5.164208E-5	6.996201E-6
6.139386E1	5.143008E-5	6.648189E-6
6.149385E1	5.159863E-5	6.122155E-6
6.159384E1	5.193398E-5	6.040173E-6
6.169383E1	5.199593E-5	6.112740E-6
6.179382E1	5.207342E-5	6.763462E-6
6.189381E1	5.155745E-5	7.272422E-6
6.199380E1	5.178118E-5	7.411478E-6
6.209379E1	5.144106E-5	7.392884E-6
6.219378E1	5.130048E-5	7.384523E-6
6.229377E1	5.109287E-5	7.495220E-6
6.239376E1	5.085581E-5	7.767735E-6
6.249375E1	5.036819E-5	7.034701E-6
6.259374E1	5.052692E-5	7.223236E-6
6.269373E1	5.078675E-5	7.649338E-6
6.279372E1	5.107978E-5	7.595907E-6
6.289371E1	5.105445E-5	7.635994E-6
6.299370E1	5.097481E-5	7.002674E-6
6.309369E1	5.117078E-5	7.168612E-6
6.319368E1	5.101421E-5	7.150129E-6
6.329367E1	5.141223E-5	7.070784E-6
6.339366E1	5.142513E-5	6.859495E-6
6.349365E1	5.226312E-5	7.287935E-6
6.359364E1	5.221484E-5	7.397842E-6
6.369363E1	5.218458E-5	7.228760E-6
6.379362E1	5.205109E-5	7.146459E-6
6.389361E1	5.190663E-5	7.125011E-6
6.399360E1	5.211188E-5	7.545137E-6
6.409359E1	5.234719E-5	7.467203E-6
6.419358E1	5.252403E-5	7.146448E-6
6.429357E1	5.233653E-5	6.786377E-6
6.439356E1	5.208517E-5	5.637704E-6
6.449355E1	5.197803E-5	5.258544E-6
6.459354E1	5.231443E-5	5.586174E-6
6.469353E1	5.195712E-5	4.945130E-6
6.479352E1	5.203569E-5	4.820909E-6
6.489351E1	5.167412E-5	4.489471E-6
6.499350E1	5.107310E-5	4.148452E-6
6.509349E1	5.101377E-5	3.364711E-6
6.519348E1	5.118935E-5	2.888932E-6
6.529347E1	5.123680E-5	2.623677E-6
6.539346E1	5.132135E-5	3.380018E-6
6.549345E1	5.156240E-5	3.121455E-6
6.559344E1	5.139377E-5	3.161316E-6
6.569343E1	5.117287E-5	3.071657E-6
6.579342E1	5.121855E-5	2.910816E-6
6.589341E1	5.091474E-5	2.664020E-6
6.599340E1	5.108785E-5	2.437022E-6
6.609339E1	5.109657E-5	2.592144E-6
6.619338E1	5.040863E-5	1.958494E-6
6.629337E1	4.998680E-5	1.868102E-6
6.639336E1	5.016758E-5	9.340511E-7
6.649335E1	5.052915E-5	8.135284E-7
6.659334E1	5.010436E-5	1.062866E-7
6.669333E1	5.016566E-5	-4.203630E-7
6.679332E1	4.959168E-5	-3.559711E-7
6.689331E1	5.027154E-5	4.166951E-7
6.699330E1	4.999602E-5	6.177541E-7
6.709329E1	5.030465E-5	7.854169E-7
6.719328E1	5.032793E-5	8.226045E-7
6.729327E1	5.077892E-5	5.611450E-7
6.739326E1	5.058480E-5	2.886721E-8
6.749325E1	5.023361E-5	1.775252E-8
6.759324E1	5.027468E-5	-3.649291E-7
6.769323E1	5.137281E-5	-7.231363E-7
6.779322E1	5.161386E-5	-6.628750E-7
6.789321E1	5.125229E-5	-7.532670E-7
6.799320E1	5.131255E-5	-6.026136E-7
6.809319E1	5.110163E-5	-1.084704E-6
6.819318E1	5.098111E-5	-9.039204E-7
6.829317E1	5.070994E-5	-1.265489E-6
6.839316E1	5.070994E-5	-1.476403E-6
6.849315E1	5.101124E-5	-2.139278E-6
6.859314E1	5.157945E-5	-2.586282E-6
6.869313E1	5.161230E-5	-2.395617E-6
6.879312E1	5.157292E-5	-2.307970E-6
6.889311E1	5.123204E-5	-2.176666E-6
6.899310E1	5.073781E-5	-2.231723E-6
6.909309E1	5.100852E-5	-1.944617E-6
6.919308E1	5.078614E-5	-1.906747E-6
6.929307E1	5.076659E-5	-1.951639E-6
6.939306E1	5.073809E-5	-1.888999E-6
6.949305E1	5.071717E-5	-1.779591E-6
6.959304E1	5.076451E-5	-2.310140E-6
6.969303E1	5.119531E-5	-2.230022E-6
6.979302E1	5.154917E-5	-2.317066E-6
6.989301E1	5.120499E-5	-2.324336E-6
6.999300E1	5.092129E-5	-2.409292E-6
7.009299E1	5.093999E-5	-2.831542E-6
7.019298E1	5.144392E-5	-2.986894E-6
7.029297E1	5.214419E-5	-3.376099E-6
7.039296E1	5.253031E-5	-3.116205E-6
7.049295E1	5.295029E-5	-3.027357E-6
7.059294E1	5.273760E-5	-2.979841E-6
7.069293E1	5.228826E-5	-2.884988E-6
7.079292E1	5.233692E-5	-3.080579E-6
7.089291E1	5.195622E-5	-3.114930E-6
7.099290E1	5.170793E-5	-3.015245E-6
7.109289E1	5.149885E-5	-3.622096E-6
7.119288E1	5.181006E-5	-3.555665E-6
7.129287E1	5.167809E-5	-3.275581E-6
7.139286E1	5.169837E-5	-3.463466E-6
7.149285E1	5.138615E-5	-3.457310E-6
7.159284E1	5.076830E-5	-3.543049E-6
7.169283E1	5.127666E-5	-3.705937E-6
7.179282E1	5.161170E-5	-3.817336E-6
7.189281E1	5.161628E-5	-3.560823E-6
7.199280E1	5.167638E-5	-4.097079E-6
7.209279E1	5.128041E-5	-4.320407E-6
7.219278E1	5.120779E-5	-4.362153E-6
7.229277E1	5.153185E-5	-3.876784E-6
7.239276E1	5.195298E-5	-3.488666E-6
7.249275E1	5.193389E-5	-3.069708E-6
7.259274E1	5.175637E-5	-3.255400E-6
7.269273E1	5.162167E-5	-3.413523E-6
7.279272E1	5.136100E-5	-3.191840E-6
7.289271E1	5.162572E-5	-3.148877E-6
7.299270E1	5.211809E-5	-3.180305E-6
7.309269E1	5.238163E-5	-3.143303E-6
7.319268E1	5.230678E-5	-2.860030E-6
7.329267E1	5.190074E-5	-3.518381E-6
7.339266E1	5.134250E-5	-3.573740E-6
7.349265E1	5.119186E-5	-3.141438E-6
7.359264E1	5.088228E-5	-2.857273E-6
7.369263E1	5.059867E-5	-2.847795E-6
7.379262E1	5.035403E-5	-2.418565E-6
7.389261E1	5.015883E-5	-2.628008E-6
7.399260E1	5.010167E-5	-2.566948E-6
7.409259E1	5.034126E-5	-2.993753E-6
7.419258E1	5.041692E-5	-3.390737E-6
7.429257E1	5.078954E-5	-2.985158E-6
7.439256E1	5.093797E-5	-3.326928E-6
7.449255E1	5.110337E-5	-3.545812E-6
7.459254E1	5.153101E-5	-3.629575E-6
7.469253E1	5.160421E-5	-3.605993E-6
7.479252E1	5.195281E-5	-3.827807E-6
7.489251E1	5.162213E-5	-4.022780E-6
7.499250E1	5.171256E-5	-4.247811E-6
7.509249E1	5.169986E-5	-3.942583E-6
7.519248E1	5.141032E-5	-3.994145E-6
7.529247E1	5.143721E-5	-3.979914E-6
7.539246E1	5.148734E-5	-4.247732E-6
7.549245E1	5.144008E-5	-4.573848E-6
7.559244E1	5.130225E-5	-4.658691E-6
7.569243E1	5.139844E-5	-4.812640E-6
7.579242E1	5.166098E-5	-4.056774E-6
7.589241E1	5.157017E-5	-4.114681E-6
7.599240E1	5.158466E-5	-4.186274E-6
7.609239E1	5.191347E-5	-4.141322E-6
7.619238E1	5.151154E-5	-4.196109E-6
7.629237E1	5.169871E-5	-4.254074E-6
7.639236E1	5.174525E-5	-4.052709E-6
7.649235E1	5.160079E-5	-3.943632E-6
7.659234E1	5.212467E-5	-3.950734E-6
7.669233E1	5.197839E-5	-4.245675E-6
7.679232E1	5.178873E-5	-4.387409E-6
7.689231E1	5.127329E-5	-4.242345E-6
7.699230E1	5.113296E-5	-4.272454E-6
7.709229E1	5.086149E-5	-4.754628E-6
7.719228E1	5.122011E-5	-4.929971E-6
7.729227E1	5.153715E-5	-5.001051E-6
7.739226E1	5.153303E-5	-4.916113E-6
7.749225E1	5.105627E-5	-4.447332E-6
7.759224E1	5.095136E-5	-3.715700E-6
7.769223E1	5.146312E-5	-3.921656E-6
7.779222E1	5.182482E-5	-3.550908E-6
7.789221E1	5.184580E-5	-3.583863E-6
7.799220E1	5.201900E-5	-3.688349E-6
7.809219E1	5.182870E-5	-3.646898E-6
7.819218E1	5.200445E-5	-4.333550E-6
7.829217E1	5.198987E-5	-3.843423E-6
7.839216E1	5.200448E-5	-3.360164E-6
7.849215E1	5.141392E-5	-2.998124E-6
7.859214E1	5.137254E-5	-2.887590E-6
7.869213E1	5.126708E-5	-2.836251E-6
7.879212E1	5.169231E-5	-2.898758E-6
7.889211E1	5.192783E-5	-2.860791E-6
7.899210E1	5.171635E-5	-3.068705E-6
7.909209E1	5.148661E-5	-3.335938E-6
7.919208E1	5.145334E-5	-3.768296E-6
7.929207E1	5.163078E-5	-3.782658E-6
7.939206E1	5.175761E-5	-4.062825E-6
7.949205E1	5.202548E-5	-4.331785E-6
7.959204E1	5.224806E-5	-4.588740E-6
7.969203E1	5.199106E-5	-4.521219E-6
7.979202E1	5.185350E-5	-4.142688E-6
7.989201E1	5.188573E-5	-4.336833E-6
7.999200E1	5.143508E-5	-4.744195E-6
8.009199E1	5.152965E-5	-4.266067E-6
8.019198E1	5.157468E-5	-4.310269E-6
8.029197E1	5.124848E-5	-3.932769E-6
8.039196E1	5.121614E-5	-4.236662E-6
8.049195E1	5.128767E-5	-4.290464E-6
8.059194E1	5.124102E-5	-4.263084E-6
8.069193E1	5.104764E-5	-4.602673E-6
8.079192E1	5.125071E-5	-4.504006E-6
8.089191E1	5.148179E-5	-4.793511E-6
8.099190E1	5.179915E-5	-5.083584E-6
8.109189E1	5.163824E-5	-5.366369E-6
8.119188E1	5.169713E-5	-5.485748E-6
8.129187E1	5.185158E-5	-5.762101E-6
8.139186E1	5.204265E-5	-6.258841E-6
8.149185E1	5.180838E-5	-6.233826E-6
8.159184E1	5.233588E-5	-6.292713E-6
8.169183E1	5.228613E-5	-6.137663E-6
8.179182E1	5.215848E-5	-5.915130E-6
8.189181E1	5.210208E-5	-6.465292E-6
8.199180E1	5.246417E-5	-6.995808E-6
8.209179E1	5.201942E-5	-7.144633E-6
8.219178E1	5.132250E-5	-7.181078E-6
8.229177E1	5.098658E-5	-7.429470E-6
8.239176E1	5.119817E-5	-7.008323E-6
8.249175E1	5.130030E-5	-6.928756E-6
8.259174E1	5.142147E-5	-6.880437E-6
8.269173E1	5.128492E-5	-6.652960E-6
8.279172E1	5.095312E-5	-6.548163E-6
8.289171E1	5.050754E-5	-6.738374E-6
8.299170E1	4.996914E-5	-7.198683E-6
8.309169E1	4.988777E-5	-7.155585E-6
8.319168E1	4.983552E-5	-7.011770E-6
8.329167E1	4.976954E-5	-6.989038E-6
8.339166E1	4.953453E-5	-6.827222E-6
8.349165E1	4.966054E-5	-7.041020E-6
8.359164E1	4.941654E-5	-6.787545E-6
8.369163E1	4.938054E-5	-6.802925E-6
8.379162E1	4.952081E-5	-7.018084E-6
8.389161E1	4.923296E-5	-7.151177E-6
8.399160E1	4.908358E-5	-7.235713E-6
8.409159E1	4.911307E-5	-7.147259E-6
8.419158E1	4.913036E-5	-6.769854E-6
8.429157E1	4.955988E-5	-6.631866E-6
8.439156E1	4.999253E-5	-6.437072E-6
8.449155E1	5.033173E-5	-6.394115E-6
8.459154E1	5.017819E-5	-6.704110E-6
8.469153E1	5.001662E-5	-7.210609E-6
8.479152E1	4.988473E-5	-7.559505E-6
8.489151E1	4.968616E-5	-7.436606E-6
8.499150E1	4.995654E-5	-7.224746E-6
8.509149E1	5.001049E-5	-7.099415E-6
8.519148E1	5.024775E-5	-7.132225E-6
8.529147E1	5.006998E-5	-6.879051E-6
8.539146E1	4.971168E-5	-6.407469E-6
8.549145E1	4.980474E-5	-6.004334E-6
8.559144E1	4.978805E-5	-5.949982E-6
8.569143E1	5.015908E-5	-6.037441E-6
8.579142E1	5.018090E-5	-6.396897E-6
8.589141E1	4.987461E-5	-6.242279E-6
8.599140E1	4.972036E-5	-6.012916E-6
8.609139E1	4.987000E-5	-5.782140E-6
8.619138E1	4.994183E-5	-5.963225E-6
8.629137E1	5.011521E-5	-6.252015E-6
8.639136E1	5.007984E-5	-6.266292E-6
8.649135E1	4.945980E-5	-6.392767E-6
8.659134E1	4.940753E-5	-6.725647E-6
8.669133E1	4.940064E-5	-6.974402E-6
8.679132E1	4.959399E-5	-6.999694E-6
8.689131E1	4.954992E-5	-7.169001E-6
8.699130E1	4.956251E-5	-7.158914E-6
8.709129E1	4.952733E-5	-7.012251E-6
8.719128E1	4.963364E-5	-7.010499E-6
8.729127E1	4.899741E-5	-7.678782E-6
8.739126E1	4.881715E-5	-8.257558E-6
8.749125E1	4.920247E-5	-8.100913E-6
8.759124E1	4.936210E-5	-8.142252E-6
8.769123E1	4.936349E-5	-8.157216E-6
8.779122E1	4.946385E-5	-8.364683E-6
8.789121E1	4.935977E-5	-8.431358E-6
8.799120E1	4.930115E-5	-8.399946E-6
8.809119E1	4.896289E-5	-8.421355E-6
8.819118E1	4.885817E-5	-8.674663E-6
8.829117E1	4.873433E-5	-8.804317E-6
8.839116E1	4.892277E-5	-8.824221E-6
8.849115E1	4.886577E-5	-8.695293E-6
8.859114E1	4.865014E-5	-8.891958E-6
8.869113E1	4.872798E-5	-9.069774E-6
8.879112E1	4.875285E-5	-9.003249E-6
8.889111E1	4.874004E-5	-9.441961E-6
8.899110E1	4.884384E-5	-9.389441E-6
8.909109E1	4.913175E-5	-9.458337E-6
8.919108E1	4.915455E-5	-9.691172E-6
8.929107E1	4.917038E-5	-1.036607E-5
8.939106E1	4.929302E-5	-1.038832E-5
8.949105E1	4.953126E-5	-1.054277E-5
8.959104E1	4.957074E-5	-1.020867E-5
8.969103E1	4.928725E-5	-1.104908E-5
8.979102E1	4.934594E-5	-1.143088E-5
8.989101E1	4.959223E-5	-1.131212E-5
8.999100E1	4.975942E-5	-1.091662E-5
9.009099E1	4.993913E-5	-1.115357E-5
9.019098E1	5.017919E-5	-1.101745E-5
9.029097E1	4.973813E-5	-1.081029E-5
9.039096E1	5.018168E-5	-1.101218E-5
9.049095E1	4.991540E-5	-1.062934E-5
9.059094E1	4.988415E-5	-1.077851E-5
9.069093E1	5.015257E-5	-1.083315E-5
9.079092E1	4.992544E-5	-1.111473E-5
9.089091E1	5.058827E-5	-1.208866E-5
9.099090E1	5.066928E-5	-1.217891E-5
9.109089E1	5.064129E-5	-1.211627E-5
9.119088E1	5.069019E-5	-1.237852E-5
9.129087E1	5.088416E-5	-1.219103E-5
9.139086E1	5.028101E-5	-1.217444E-5
9.149085E1	5.041491E-5	-1.195014E-5
9.159084E1	5.078075E-5	-1.149884E-5
9.169083E1	5.129998E-5	-1.168896E-5
9.179082E1	5.151200E-5	-1.109020E-5
9.189081E1	5.164445E-5	-1.062460E-5
9.199080E1	5.104365E-5	-1.034016E-5
9.209079E1	5.100686E-5	-1.020881E-5
9.219078E1	5.102953E-5	-9.972110E-6
9.229077E1	5.010940E-5	-1.045979E-5
9.239076E1	4.966316E-5	-1.122391E-5
9.249075E1	4.964499E-5	-1.138637E-5
9.259074E1	4.914120E-5	-1.147212E-5
9.269073E1	4.889210E-5	-1.184487E-5
9.279072E1	4.901817E-5	-1.197779E-5
9.289071E1	4.928223E-5	-1.228454E-5
9.299070E1	4.935839E-5	-1.175397E-5
9.309069E1	4.927848E-5	-1.125555E-5
9.319068E1	4.933685E-5	-1.096977E-5
9.329067E1	4.957923E-5	-1.059813E-5
9.339066E1	4.994402E-5	-1.069822E-5
9.349065E1	4.994238E-5	-1.106779E-5
9.359064E1	4.988846E-5	-1.124707E-5
9.369063E1	4.957103E-5	-1.174557E-5
9.379062E1	4.954494E-5	-1.162668E-5
9.389061E1	4.949662E-5	-1.226309E-5
9.399060E1	4.925711E-5	-1.289971E-5
9.409059E1	4.911301E-5	-1.313698E-5
9.419058E1	4.941432E-5	-1.289593E-5
9.429057E1	4.895658E-5	-1.363218E-5
9.439056E1	4.911301E-5	-1.416142E-5
9.449055E1	4.943818E-5	-1.417395E-5
9.459054E1	4.958243E-5	-1.426570E-5
9.469053E1	4.955887E-5	-1.491952E-5
9.479052E1	4.909322E-5	-1.540300E-5
9.489051E1	4.924612E-5	-1.586275E-5
9.499050E1	4.943838E-5	-1.562514E-5
9.509049E1	4.979410E-5	-1.559765E-5
9.519048E1	5.018691E-5	-1.563929E-5
9.529047E1	5.061636E-5	-1.563448E-5
9.539046E1	5.102990E-5	-1.562667E-5
9.549045E1	5.081816E-5	-1.565081E-5
9.559044E1	5.058288E-5	-1.575407E-5
9.569043E1	5.119757E-5	-1.598671E-5
9.579042E1	5.168469E-5	-1.596599E-5
9.589041E1	5.141648E-5	-1.597010E-5
9.599040E1	5.149929E-5	-1.659603E-5
9.609039E1	5.140309E-5	-1.677786E-5
9.619038E1	5.185622E-5	-1.668851E-5
9.629037E1	5.166894E-5	-1.756860E-5
9.639036E1	5.187728E-5	-1.756268E-5
9.649035E1	5.197832E-5	-1.776522E-5
9.659034E1	5.266331E-5	-1.760472E-5
9.669033E1	5.264919E-5	-1.740779E-5
9.679032E1	5.268119E-5	-1.707468E-5
9.689031E1	5.266577E-5	-1.726053E-5
9.699030E1	5.250523E-5	-1.669660E-5
9.709029E1	5.243844E-5	-1.657254E-5
9.719028E1	5.226552E-5	-1.628941E-5
9.729027E1	5.203257E-5	-1.640019E-5
9.739026E1	5.250557E-5	-1.668068E-5
9.749025E1	5.269966E-5	-1.656186E-5
9.759024E1	5.291774E-5	-1.663052E-5
9.769023E1	5.274754E-5	-1.638579E-5
9.779022E1	5.295882E-5	-1.616086E-5
9.789021E1	5.372184E-5	-1.685081E-5
9.799020E1	5.403930E-5	-1.732219E-5
9.809019E1	5.449538E-5	-1.702914E-5
9.819018E1	5.507203E-5	-1.703701E-5
9.829017E1	5.510170E-5	-1.730588E-5
9.839016E1	5.560942E-5	-1.675884E-5
9.849015E1	5.537069E-5	-1.631735E-5
9.859014E1	5.506882E-5	-1.581641E-5
9.869013E1	5.473892E-5	-1.562758E-5
9.879012E1	5.475373E-5	-1.506218E-5
9.889011E1	5.460006E-5	-1.481000E-5
9.899010E1	5.470367E-5	-1.546286E-5
9.909009E1	5.423610E-5	-1.550903E-5
9.919008E1	5.433072E-5	-1.499188E-5
9.929007E1	5.494801E-5	-1.501724E-5
9.939006E1	5.501148E-5	-1.505807E-5
9.949005E1	5.497782E-5	-1.490254E-5
9.959004E1	5.455103E-5	-1.508231E-5
9.969003E1	5.405600E-5	-1.505372E-5
9.979002E1	5.402404E-5	-1.524453E-5
9.989001E1	5.402138E-5	-1.554603E-5
9.999000E1	5.396405E-5	-1.542691E-5
1.000900E2	5.426536E-5	-1.494482E-5
1.001900E2	5.366274E-5	-1.494482E-5
1.002900E2	5.372300E-5	-1.476403E-5
1.003900E2	5.369287E-5	-1.512560E-5
1.004900E2	5.348416E-5	-1.532070E-5
1.005899E2	5.266843E-5	-1.476403E-5
1.006899E2	5.206032E-5	-1.523332E-5
1.007899E2	5.191338E-5	-1.540115E-5
1.008899E2	5.210595E-5	-1.527969E-5
1.009899E2	5.259730E-5	-1.523653E-5
1.010899E2	5.207488E-5	-1.549044E-5
1.011899E2	5.154540E-5	-1.586023E-5
1.012899E2	5.170171E-5	-1.539664E-5
1.013899E2	5.248969E-5	-1.488305E-5
1.014899E2	5.226981E-5	-1.444535E-5
1.015898E2	5.227673E-5	-1.416142E-5
1.016898E2	5.239725E-5	-1.443260E-5
1.017898E2	5.342170E-5	-1.386011E-5
1.018898E2	5.333130E-5	-1.434220E-5
1.019898E2	5.322390E-5	-1.464956E-5
1.020898E2	5.334884E-5	-1.446056E-5
1.021898E2	5.307404E-5	-1.480707E-5
1.022898E2	5.307786E-5	-1.492353E-5
1.023898E2	5.314635E-5	-1.528829E-5
1.024898E2	5.253267E-5	-1.541749E-5
1.025897E2	5.210224E-5	-1.517925E-5
1.026897E2	5.231062E-5	-1.473771E-5
1.027897E2	5.194529E-5	-1.458325E-5
1.028897E2	5.209771E-5	-1.522031E-5
1.029897E2	5.252450E-5	-1.518985E-5
1.030897E2	5.353504E-5	-1.586990E-5
1.031897E2	5.436245E-5	-1.553062E-5
1.032897E2	5.434566E-5	-1.527707E-5
1.033897E2	5.381965E-5	-1.481895E-5
1.034897E2	5.375846E-5	-1.483947E-5
1.035896E2	5.420509E-5	-1.503521E-5
1.036896E2	5.426536E-5	-1.563782E-5
1.037896E2	5.398002E-5	-1.608339E-5
1.038896E2	5.385458E-5	-1.633593E-5
1.039896E2	5.379386E-5	-1.616343E-5
1.040896E2	5.380496E-5	-1.638409E-5
1.041896E2	5.328379E-5	-1.620225E-5
1.042896E2	5.283268E-5	-1.645859E-5
1.043896E2	5.260909E-5	-1.654879E-5
1.044896E2	5.213869E-5	-1.651562E-5
1.045895E2	5.217749E-5	-1.697770E-5
1.046895E2	5.236761E-5	-1.700713E-5
1.047895E2	5.250282E-5	-1.697335E-5
1.048895E2	5.253280E-5	-1.674033E-5
1.049895E2	5.349674E-5	-1.603290E-5
1.050895E2	5.344992E-5	-1.554240E-5
1.051895E2	5.322022E-5	-1.537480E-5
1.052895E2	5.368247E-5	-1.508280E-5
1.053895E2	5.413826E-5	-1.477943E-5
1.054895E2	5.414957E-5	-1.461292E-5
1.055894E2	5.425840E-5	-1.530187E-5
1.056894E2	5.394191E-5	-1.553608E-5
1.057894E2	5.381340E-5	-1.587887E-5
1.058894E2	5.348196E-5	-1.581861E-5
1.059894E2	5.324091E-5	-1.633083E-5
1.060894E2	5.324091E-5	-1.660200E-5
1.061894E2	5.321078E-5	-1.681292E-5
1.062894E2	5.293961E-5	-1.587887E-5
1.063894E2	5.287934E-5	-1.578848E-5
1.064894E2	5.260817E-5	-1.633083E-5
1.065893E2	5.275882E-5	-1.633083E-5
1.066893E2	5.272869E-5	-1.575835E-5
1.067893E2	5.263830E-5	-1.530639E-5
1.068893E2	5.263830E-5	-1.566795E-5
1.069893E2	5.263830E-5	-1.548717E-5
1.070893E2	5.254791E-5	-1.557756E-5
1.071893E2	5.203569E-5	-1.506534E-5
1.072893E2	5.178662E-5	-1.495602E-5
1.073893E2	5.118157E-5	-1.536764E-5
1.074893E2	5.098749E-5	-1.612842E-5
1.075892E2	5.065953E-5	-1.651706E-5
1.076892E2	5.093057E-5	-1.637284E-5
1.077892E2	5.137779E-5	-1.660030E-5
1.078892E2	5.210086E-5	-1.589860E-5
1.079892E2	5.221418E-5	-1.582489E-5
1.080892E2	5.192888E-5	-1.642715E-5
1.081892E2	5.207159E-5	-1.668117E-5
1.082892E2	5.207805E-5	-1.697812E-5
1.083892E2	5.191989E-5	-1.650363E-5
1.084892E2	5.201197E-5	-1.590885E-5
1.085891E2	5.213601E-5	-1.612034E-5
1.086891E2	5.214950E-5	-1.634608E-5
1.087891E2	5.242738E-5	-1.587887E-5
1.088891E2	5.197542E-5	-1.608978E-5
1.089891E2	5.146320E-5	-1.578848E-5
1.090891E2	5.146320E-5	-1.611991E-5
1.091891E2	5.064967E-5	-1.596926E-5
1.092891E2	5.046889E-5	-1.533652E-5
1.093891E2	5.000723E-5	-1.508096E-5
1.094891E2	4.911301E-5	-1.548717E-5
1.095890E2	4.953484E-5	-1.572822E-5
1.096890E2	4.942083E-5	-1.519273E-5
1.097890E2	4.898609E-5	-1.519573E-5
1.098890E2	4.850143E-5	-1.536291E-5
1.099890E2	4.846537E-5	-1.569836E-5
1.100890E2	4.872511E-5	-1.564492E-5
1.101890E2	4.845013E-5	-1.636096E-5
1.102890E2	4.823922E-5	-1.621031E-5
1.103890E2	4.878157E-5	-1.633083E-5
1.104890E2	4.897338E-5	-1.675768E-5
1.105889E2	4.868290E-5	-1.679965E-5
1.106889E2	4.839987E-5	-1.662075E-5
1.107889E2	4.839174E-5	-1.624314E-5
1.108889E2	4.836117E-5	-1.665509E-5
1.109889E2	4.851731E-5	-1.694589E-5
1.110889E2	4.873877E-5	-1.714069E-5
1.111889E2	4.916383E-5	-1.747474E-5
1.112889E2	4.920058E-5	-1.743424E-5
1.113889E2	4.919303E-5	-1.773661E-5
1.114889E2	4.882437E-5	-1.839404E-5
1.115888E2	4.870576E-5	-1.822304E-5
1.116888E2	4.894346E-5	-1.813307E-5
1.117888E2	4.903670E-5	-1.822624E-5
1.118888E2	4.908507E-5	-1.783320E-5
1.119888E2	4.974575E-5	-1.853037E-5
1.120888E2	4.949092E-5	-1.865649E-5
1.121888E2	4.957811E-5	-1.839396E-5
1.122888E2	4.989855E-5	-1.832255E-5
1.123888E2	4.999419E-5	-1.898680E-5
1.124888E2	5.017917E-5	-1.894087E-5
1.125887E2	5.059488E-5	-1.933335E-5
1.126887E2	5.066767E-5	-1.954573E-5
1.127887E2	5.094096E-5	-1.945834E-5
1.128887E2	5.145048E-5	-1.938779E-5
1.129887E2	5.166959E-5	-1.946075E-5
1.130887E2	5.147525E-5	-1.943960E-5
1.131887E2	5.166148E-5	-1.946230E-5
1.132887E2	5.158986E-5	-1.950425E-5
1.133887E2	5.195679E-5	-1.864498E-5
1.134887E2	5.220853E-5	-1.808408E-5
1.135886E2	5.217731E-5	-1.804784E-5
1.136886E2	5.237516E-5	-1.811468E-5
1.137886E2	5.236766E-5	-1.839807E-5
1.138886E2	5.284541E-5	-1.828508E-5
1.139886E2	5.235229E-5	-1.793821E-5
1.140886E2	5.250800E-5	-1.809395E-5
1.141886E2	5.286554E-5	-1.809826E-5
1.142886E2	5.320680E-5	-1.839623E-5
1.143886E2	5.323114E-5	-1.873010E-5
1.144886E2	5.262791E-5	-2.000978E-5
1.145885E2	5.322276E-5	-2.005053E-5
1.146885E2	5.352502E-5	-2.043453E-5
1.147885E2	5.277439E-5	-2.038614E-5
1.148885E2	5.306013E-5	-2.112161E-5
1.149885E2	5.312001E-5	-2.138235E-5
1.150885E2	5.388285E-5	-2.180240E-5
1.151885E2	5.434239E-5	-2.180061E-5
1.152885E2	5.447027E-5	-2.133039E-5
1.153885E2	5.449974E-5	-2.137579E-5
1.154885E2	5.432174E-5	-2.171736E-5
1.155884E2	5.434533E-5	-2.155408E-5
1.156884E2	5.495123E-5	-2.143246E-5
1.157884E2	5.529162E-5	-2.189120E-5
1.158884E2	5.527166E-5	-2.221484E-5
1.159884E2	5.532188E-5	-2.295469E-5
1.160884E2	5.548793E-5	-2.312465E-5
1.161884E2	5.577189E-5	-2.332115E-5
1.162884E2	5.557167E-5	-2.221588E-5
1.163884E2	5.534298E-5	-2.179281E-5
1.164884E2	5.537420E-5	-2.155645E-5
1.165883E2	5.505991E-5	-2.200113E-5
1.166883E2	5.432712E-5	-2.212207E-5
1.167883E2	5.424038E-5	-2.184457E-5
1.168883E2	5.464460E-5	-2.143906E-5
1.169883E2	5.488656E-5	-2.130000E-5
1.170883E2	5.512717E-5	-2.161326E-5
1.171883E2	5.491880E-5	-2.210650E-5
1.172883E2	5.532072E-5	-2.281279E-5
1.173883E2	5.531391E-5	-2.293452E-5
1.174883E2	5.510884E-5	-2.288292E-5
1.175882E2	5.532863E-5	-2.253385E-5
1.176882E2	5.516376E-5	-2.250966E-5
1.177882E2	5.480606E-5	-2.234976E-5
1.178882E2	5.513381E-5	-2.188371E-5
1.179882E2	5.506858E-5	-2.172524E-5
1.180882E2	5.492242E-5	-2.161646E-5
1.181882E2	5.538019E-5	-2.178448E-5
1.182882E2	5.506078E-5	-2.113537E-5
1.183882E2	5.492204E-5	-2.038131E-5
1.184882E2	5.491454E-5	-2.030764E-5
1.185881E2	5.575127E-5	-2.057358E-5
1.186881E2	5.594079E-5	-2.064645E-5
1.187881E2	5.577068E-5	-2.002663E-5
1.188881E2	5.563130E-5	-1.978981E-5
1.189881E2	5.581572E-5	-2.041945E-5
1.190881E2	5.582544E-5	-2.053408E-5
1.191881E2	5.586887E-5	-2.102099E-5
1.192881E2	5.585467E-5	-2.146861E-5
1.193881E2	5.564027E-5	-2.165590E-5
1.194881E2	5.583492E-5	-2.172437E-5
1.195880E2	5.608203E-5	-2.177251E-5
1.196880E2	5.644997E-5	-2.208390E-5
1.197880E2	5.640923E-5	-2.236063E-5
1.198880E2	5.673764E-5	-2.296689E-5
1.199880E2	5.667775E-5	-2.357231E-5
1.200880E2	5.633009E-5	-2.345368E-5
1.201880E2	5.567606E-5	-2.354665E-5
1.202880E2	5.577189E-5	-2.280893E-5
1.203880E2	5.610483E-5	-2.274694E-5
1.204880E2	5.631012E-5	-2.301316E-5
1.205879E2	5.623589E-5	-2.270168E-5
1.206879E2	5.598272E-5	-2.258846E-5
1.207879E2	5.574128E-5	-2.225132E-5
1.208879E2	5.606289E-5	-2.205567E-5
1.209879E2	5.597472E-5	-2.142715E-5
1.210879E2	5.602697E-5	-2.158065E-5
1.211879E2	5.600201E-5	-2.187546E-5
1.212879E2	5.637450E-5	-2.262814E-5
1.213879E2	5.652591E-5	-2.268291E-5
1.214879E2	5.660521E-5	-2.312377E-5
1.215878E2	5.606702E-5	-2.335436E-5
1.216878E2	5.534020E-5	-2.353123E-5
1.217878E2	5.559449E-5	-2.374676E-5
1.218878E2	5.557786E-5	-2.384087E-5
1.219878E2	5.557217E-5	-2.362384E-5
1.220878E2	5.558634E-5	-2.334303E-5
1.221878E2	5.548089E-5	-2.285997E-5
1.222878E2	5.531953E-5	-2.241476E-5
1.223878E2	5.540749E-5	-2.213238E-5
1.224878E2	5.577189E-5	-2.268840E-5
1.225877E2	5.510901E-5	-2.271853E-5
1.226877E2	5.556097E-5	-2.304997E-5
1.227877E2	5.595267E-5	-2.295958E-5
1.228877E2	5.652516E-5	-2.298971E-5
1.229877E2	5.619372E-5	-2.268840E-5
1.230877E2	5.601294E-5	-2.250762E-5
1.231877E2	5.583215E-5	-2.226657E-5
1.232877E2	5.541032E-5	-2.190500E-5
1.233877E2	5.557523E-5	-2.128220E-5
1.234877E2	5.535026E-5	-2.170617E-5
1.235876E2	5.542438E-5	-2.196442E-5
1.236876E2	5.555560E-5	-2.190517E-5
1.237876E2	5.532349E-5	-2.120894E-5
1.238876E2	5.575058E-5	-2.136557E-5
1.239876E2	5.589106E-5	-2.144155E-5
1.240876E2	5.577409E-5	-2.140953E-5
1.241876E2	5.606688E-5	-2.145042E-5
1.242876E2	5.587136E-5	-2.095112E-5
1.243876E2	5.622385E-5	-2.172422E-5
1.244876E2	5.572908E-5	-2.172587E-5
1.245875E2	5.528605E-5	-2.219386E-5
1.246875E2	5.485144E-5	-2.248646E-5
1.247875E2	5.492397E-5	-2.273204E-5
1.248875E2	5.470914E-5	-2.303179E-5
1.249875E2	5.487834E-5	-2.342107E-5
1.250875E2	5.521744E-5	-2.334750E-5
1.251875E2	5.556284E-5	-2.301665E-5
1.252875E2	5.557065E-5	-2.253837E-5
1.253875E2	5.547058E-5	-2.214605E-5
1.254875E2	5.571045E-5	-2.175129E-5
1.255874E2	5.577168E-5	-2.154854E-5
1.256874E2	5.567062E-5	-2.148487E-5
1.257874E2	5.550071E-5	-2.079017E-5
1.258874E2	5.581583E-5	-2.054748E-5
1.259874E2	5.597609E-5	-2.001503E-5
1.260874E2	5.598793E-5	-1.973400E-5
1.261874E2	5.617781E-5	-1.980275E-5
1.262874E2	5.601560E-5	-2.007924E-5
1.263874E2	5.611882E-5	-1.999924E-5
1.264874E2	5.601900E-5	-1.996457E-5
1.265873E2	5.601810E-5	-2.008321E-5
1.266873E2	5.594780E-5	-2.025587E-5
1.267873E2	5.622269E-5	-2.026109E-5
1.268873E2	5.670581E-5	-2.050649E-5
1.269873E2	5.666129E-5	-2.043393E-5
1.270873E2	5.695387E-5	-2.086473E-5
1.271873E2	5.671730E-5	-2.044140E-5
1.272873E2	5.671411E-5	-1.976923E-5
1.273873E2	5.646413E-5	-1.975599E-5
1.274873E2	5.701755E-5	-1.997576E-5
1.275872E2	5.760986E-5	-2.024782E-5
1.276872E2	5.810781E-5	-2.052260E-5
1.277872E2	5.761404E-5	-2.027233E-5
1.278872E2	5.773038E-5	-1.994651E-5
1.279872E2	5.802881E-5	-2.042178E-5
1.280872E2	5.823863E-5	-2.045355E-5
1.281872E2	5.820001E-5	-2.026357E-5
1.282872E2	5.823147E-5	-2.050486E-5
1.283872E2	5.777894E-5	-2.013263E-5
1.284872E2	5.767055E-5	-2.008518E-5
1.285871E2	5.819577E-5	-2.006220E-5
1.286871E2	5.857123E-5	-2.046301E-5
1.287871E2	5.859112E-5	-2.060495E-5
1.288871E2	5.881509E-5	-2.085043E-5
1.289871E2	5.905613E-5	-2.109148E-5
1.290871E2	5.926705E-5	-2.115174E-5
1.291871E2	5.917666E-5	-2.133252E-5
1.292871E2	5.857404E-5	-2.139278E-5
1.293871E2	5.884522E-5	-2.145304E-5
1.294871E2	5.863430E-5	-2.063952E-5
1.295870E2	5.902600E-5	-2.036834E-5
1.296870E2	5.923692E-5	-1.976573E-5
1.297870E2	5.932731E-5	-1.886181E-5
1.298870E2	5.974914E-5	-1.883168E-5
1.299870E2	5.965875E-5	-1.910285E-5
1.300870E2	5.929718E-5	-1.916311E-5
1.301870E2	5.934606E-5	-1.917775E-5
1.302870E2	5.929718E-5	-1.934390E-5
1.303870E2	5.927655E-5	-1.912843E-5
1.304870E2	5.932003E-5	-1.912485E-5
1.305869E2	5.977927E-5	-1.934390E-5
1.306869E2	6.008058E-5	-1.970547E-5
1.307869E2	6.020110E-5	-1.988625E-5
1.308869E2	6.020110E-5	-1.907272E-5
1.309869E2	6.074345E-5	-1.928364E-5
1.310869E2	6.086397E-5	-1.916311E-5
1.311869E2	6.041201E-5	-1.901246E-5
1.312869E2	6.047228E-5	-1.913298E-5
