0.000000E0	-2.059399E-5	6.542496E-6
9.999000E-2	-2.042040E-5	6.907036E-6
1.999800E-1	-2.060369E-5	6.558316E-6
2.999700E-1	-2.086548E-5	5.992171E-6
3.999600E-1	-2.060927E-5	5.552121E-6
4.999500E-1	-2.082857E-5	5.829358E-6
5.999400E-1	-2.089940E-5	5.830063E-6
6.999300E-1	-2.058651E-5	6.109675E-6
7.999200E-1	-2.080960E-5	6.160234E-6
8.999100E-1	-2.083956E-5	6.594547E-6
9.999000E-1	-2.100654E-5	6.918921E-6
1.099890E0	-2.127525E-5	6.734232E-6
1.199880E0	-2.148849E-5	6.500374E-6
1.299870E0	-2.183269E-5	6.501928E-6
1.399860E0	-2.227425E-5	6.990873E-6
1.499850E0	-2.200648E-5	7.583109E-6
1.599840E0	-2.129067E-5	7.482761E-6
1.699830E0	-2.154136E-5	7.501470E-6
1.799820E0	-2.134426E-5	7.405488E-6
1.899810E0	-2.122603E-5	6.771970E-6
1.999800E0	-2.121774E-5	6.547130E-6
2.099790E0	-2.146561E-5	6.616247E-6
2.199780E0	-2.162575E-5	6.953332E-6
2.299770E0	-2.205863E-5	7.189663E-6
2.399760E0	-2.230082E-5	7.088156E-6
2.499750E0	-2.219264E-5	7.027132E-6
2.599740E0	-2.222962E-5	7.285962E-6
2.699730E0	-2.282439E-5	7.732041E-6
2.799720E0	-2.252700E-5	7.285962E-6
2.899710E0	-2.267570E-5	7.732041E-6
2.999700E0	-2.308010E-5	7.924369E-6
3.099690E0	-2.327793E-5	8.204248E-6
3.199680E0	-2.331813E-5	8.129651E-6
3.299670E0	-2.327749E-5	8.313526E-6
3.399660E0	-2.335532E-5	8.236483E-6
3.499650E0	-2.393259E-5	8.114295E-6
3.599640E0	-2.433821E-5	8.000403E-6
3.699630E0	-2.460942E-5	7.412482E-6
3.799620E0	-2.469919E-5	7.230466E-6
3.899610E0	-2.439209E-5	6.903024E-6
3.999600E0	-2.478975E-5	6.564266E-6
4.099590E0	-2.510575E-5	6.321479E-6
4.199580E0	-2.508901E-5	5.996828E-6
4.299570E0	-2.534676E-5	5.799608E-6
4.399560E0	-2.568949E-5	6.222650E-6
4.499550E0	-2.568809E-5	6.046007E-6
4.599540E0	-2.538175E-5	5.572526E-6
4.699530E0	-2.491408E-5	5.268709E-6
4.799520E0	-2.495558E-5	5.217277E-6
4.899510E0	-2.479755E-5	5.152346E-6
4.999500E0	-2.521938E-5	5.031824E-6
5.099490E0	-2.521938E-5	4.820909E-6
5.199480E0	-2.503860E-5	5.092085E-6
5.299470E0	-2.535000E-5	5.593722E-6
5.399460E0	-2.539808E-5	5.715734E-6
5.499450E0	-2.563974E-5	5.410577E-6
5.599440E0	-2.592000E-5	5.566334E-6
5.699430E0	-2.616865E-5	5.643017E-6
5.799420E0	-2.614604E-5	5.563146E-6
5.899410E0	-2.655911E-5	5.832544E-6
5.999400E0	-2.670826E-5	6.110415E-6
6.099390E0	-2.711731E-5	6.341649E-6
6.199380E0	-2.711174E-5	6.349600E-6
6.299370E0	-2.737446E-5	6.318696E-6
6.399360E0	-2.699427E-5	6.341019E-6
6.499350E0	-2.633765E-5	6.257726E-6
6.599340E0	-2.610684E-5	6.104086E-6
6.699330E0	-2.618298E-5	6.344272E-6
6.799320E0	-2.688695E-5	6.550412E-6
6.899310E0	-2.727458E-5	7.043905E-6
6.999300E0	-2.693372E-5	7.199286E-6
7.099290E0	-2.701828E-5	7.603419E-6
7.199280E0	-2.716611E-5	7.989304E-6
7.299270E0	-2.767085E-5	7.909816E-6
7.399260E0	-2.810124E-5	7.886814E-6
7.499250E0	-2.799003E-5	8.083818E-6
7.599240E0	-2.851780E-5	8.321923E-6
7.699230E0	-2.893866E-5	8.123006E-6
7.799220E0	-2.885415E-5	8.123086E-6
7.899210E0	-2.887909E-5	7.880137E-6
7.999200E0	-2.893452E-5	8.333388E-6
8.099190E0	-2.891095E-5	8.317061E-6
8.199180E0	-2.900287E-5	8.433915E-6
8.299170E0	-2.906316E-5	8.688936E-6
8.399160E0	-2.915788E-5	8.714954E-6
8.499150E0	-2.853375E-5	9.189858E-6
8.599140E0	-2.877480E-5	9.400772E-6
8.699130E0	-2.889532E-5	9.551426E-6
8.799120E0	-2.916851E-5	9.373805E-6
8.899110E0	-2.914390E-5	9.552286E-6
8.999100E0	-2.945059E-5	9.360240E-6
9.099090E0	-2.952335E-5	9.116726E-6
9.199080E0	-3.019354E-5	9.113332E-6
9.299070E0	-3.054209E-5	9.115786E-6
9.399060E0	-3.042837E-5	8.959956E-6
9.499050E0	-3.032603E-5	8.496245E-6
9.599040E0	-3.088741E-5	8.683699E-6
9.699030E0	-3.121773E-5	8.583928E-6
9.799020E0	-3.107697E-5	8.749263E-6
9.899010E0	-3.078090E-5	8.914921E-6
9.999000E0	-3.054081E-5	8.486648E-6
1.009899E1	-3.035020E-5	8.368516E-6
1.019898E1	-3.052210E-5	8.272485E-6
1.029897E1	-3.057493E-5	7.902875E-6
1.039896E1	-3.074455E-5	7.897471E-6
1.049895E1	-3.084484E-5	7.840045E-6
1.059894E1	-3.060295E-5	8.045807E-6
1.069893E1	-3.039797E-5	8.128035E-6
1.079892E1	-3.020381E-5	8.106552E-6
1.089891E1	-3.027928E-5	7.830781E-6
1.099890E1	-3.008559E-5	7.401385E-6
1.109889E1	-2.964717E-5	7.252728E-6
1.119888E1	-2.965221E-5	7.184064E-6
1.129887E1	-2.998392E-5	6.981171E-6
1.139886E1	-3.018994E-5	7.385875E-6
1.149885E1	-3.076985E-5	7.479062E-6
1.159884E1	-3.057532E-5	7.240096E-6
1.169883E1	-3.048029E-5	6.819061E-6
1.179882E1	-3.055487E-5	7.068323E-6
1.189881E1	-3.065150E-5	6.746873E-6
1.199880E1	-3.056868E-5	6.908616E-6
1.209879E1	-3.060713E-5	6.786207E-6
1.219878E1	-3.073046E-5	7.020844E-6
1.229877E1	-3.078308E-5	6.499224E-6
1.239876E1	-3.068673E-5	5.897383E-6
1.249875E1	-3.098911E-5	5.899550E-6
1.259874E1	-3.131606E-5	6.371952E-6
1.269873E1	-3.169428E-5	6.545545E-6
1.279872E1	-3.161401E-5	6.559239E-6
1.289871E1	-3.104807E-5	6.059148E-6
1.299870E1	-3.139912E-5	6.059561E-6
1.309869E1	-3.108083E-5	6.032019E-6
1.319868E1	-3.123147E-5	5.889101E-6
1.329867E1	-3.120622E-5	5.710237E-6
1.339866E1	-3.158815E-5	5.960371E-6
1.349865E1	-3.161713E-5	5.726371E-6
1.359864E1	-3.188166E-5	5.895579E-6
1.369863E1	-3.104037E-5	5.891311E-6
1.379862E1	-3.069575E-5	6.117295E-6
1.389861E1	-3.068358E-5	5.806417E-6
1.399860E1	-3.059893E-5	5.702106E-6
1.409859E1	-3.074871E-5	5.694387E-6
1.419858E1	-3.105409E-5	5.411251E-6
1.429857E1	-3.093817E-5	5.326841E-6
1.439856E1	-3.070175E-5	5.716991E-6
1.449855E1	-3.032171E-5	5.843531E-6
1.459854E1	-3.017921E-5	5.766324E-6
1.469853E1	-3.041668E-5	5.488727E-6
1.479852E1	-3.069498E-5	5.878723E-6
1.489851E1	-3.074002E-5	6.070854E-6
1.499850E1	-3.072630E-5	5.988481E-6
1.509849E1	-3.036389E-5	5.770447E-6
1.519848E1	-3.053536E-5	5.740826E-6
1.529847E1	-3.019059E-5	6.011619E-6
1.539846E1	-3.006938E-5	6.026796E-6
1.549845E1	-3.050842E-5	6.592379E-6
1.559844E1	-3.111973E-5	7.617685E-6
1.569843E1	-3.117739E-5	7.869279E-6
1.579842E1	-3.126390E-5	8.089135E-6
1.589841E1	-3.181890E-5	8.652685E-6
1.599840E1	-3.205418E-5	8.787584E-6
1.609839E1	-3.201171E-5	8.558413E-6
1.619838E1	-3.162686E-5	8.099661E-6
1.629837E1	-3.156770E-5	8.422004E-6
1.639836E1	-3.145277E-5	8.408107E-6
1.649835E1	-3.133339E-5	8.593267E-6
1.659834E1	-3.080975E-5	8.132642E-6
1.669833E1	-3.104567E-5	8.120688E-6
1.679832E1	-3.108586E-5	7.761033E-6
1.689831E1	-3.155060E-5	8.027243E-6
1.699830E1	-3.143692E-5	8.452739E-6
1.709829E1	-3.203392E-5	7.986475E-6
1.719828E1	-3.205502E-5	7.768050E-6
1.729827E1	-3.266069E-5	8.118137E-6
1.739826E1	-3.287001E-5	8.536142E-6
1.749825E1	-3.356120E-5	8.722209E-6
1.759824E1	-3.385430E-5	9.257269E-6
1.769823E1	-3.457597E-5	1.014926E-5
1.779822E1	-3.509917E-5	1.068753E-5
1.789821E1	-3.513948E-5	1.099067E-5
1.799820E1	-3.562732E-5	1.091259E-5
1.809819E1	-3.568219E-5	1.074836E-5
1.819818E1	-3.555075E-5	1.071974E-5
1.829817E1	-3.567294E-5	1.067584E-5
1.839816E1	-3.578483E-5	1.034400E-5
1.849815E1	-3.611004E-5	1.023275E-5
1.859814E1	-3.613712E-5	1.019476E-5
1.869813E1	-3.616296E-5	9.258752E-6
1.879812E1	-3.629934E-5	9.028973E-6
1.889811E1	-3.622386E-5	8.995860E-6
1.899810E1	-3.647321E-5	9.189287E-6
1.909809E1	-3.690191E-5	9.599198E-6
1.919808E1	-3.706139E-5	9.294804E-6
1.929807E1	-3.712801E-5	8.766687E-6
1.939806E1	-3.723056E-5	8.678651E-6
1.949805E1	-3.760670E-5	8.348471E-6
1.959804E1	-3.735605E-5	8.110889E-6
1.969803E1	-3.704283E-5	8.496176E-6
1.979802E1	-3.706084E-5	8.736956E-6
1.989801E1	-3.758378E-5	8.192903E-6
1.999800E1	-3.796154E-5	7.865173E-6
2.009799E1	-3.803724E-5	7.619579E-6
2.019798E1	-3.761146E-5	7.558455E-6
2.029797E1	-3.755968E-5	7.731416E-6
2.039796E1	-3.691675E-5	7.935845E-6
2.049795E1	-3.676475E-5	6.986050E-6
2.059794E1	-3.640039E-5	7.187554E-6
2.069793E1	-3.603632E-5	7.617258E-6
2.079792E1	-3.616057E-5	7.779777E-6
2.089791E1	-3.658071E-5	7.781429E-6
2.099790E1	-3.689848E-5	7.627554E-6
2.109789E1	-3.628080E-5	7.678838E-6
2.119788E1	-3.656448E-5	7.960393E-6
2.129787E1	-3.646509E-5	8.210346E-6
2.139786E1	-3.612031E-5	7.770647E-6
2.149785E1	-3.580488E-5	7.766289E-6
2.159784E1	-3.541447E-5	8.114432E-6
2.169783E1	-3.558287E-5	7.845367E-6
2.179782E1	-3.572138E-5	8.063672E-6
2.189781E1	-3.566095E-5	7.936147E-6
2.199780E1	-3.580804E-5	7.828143E-6
2.209779E1	-3.608775E-5	8.288214E-6
2.219778E1	-3.628128E-5	8.939609E-6
2.229777E1	-3.585706E-5	8.519776E-6
2.239776E1	-3.601889E-5	8.023830E-6
2.249775E1	-3.558229E-5	8.269670E-6
2.259774E1	-3.524126E-5	8.310392E-6
2.269773E1	-3.485617E-5	8.362902E-6
2.279772E1	-3.460448E-5	8.925537E-6
2.289771E1	-3.495822E-5	8.919018E-6
2.299770E1	-3.557649E-5	9.361497E-6
2.309769E1	-3.515343E-5	9.940988E-6
2.319768E1	-3.495809E-5	9.837435E-6
2.329767E1	-3.480493E-5	9.328845E-6
2.339766E1	-3.481994E-5	9.390884E-6
2.349765E1	-3.486062E-5	9.598185E-6
2.359764E1	-3.412013E-5	9.518146E-6
2.369763E1	-3.371102E-5	9.646298E-6
2.379762E1	-3.340529E-5	9.805464E-6
2.389761E1	-3.338191E-5	9.955500E-6
2.399760E1	-3.323446E-5	9.830402E-6
2.409759E1	-3.314375E-5	9.852733E-6
2.419758E1	-3.374636E-5	1.024443E-5
2.429757E1	-3.404767E-5	9.732210E-6
2.439756E1	-3.425858E-5	9.099466E-6
2.449755E1	-3.429259E-5	9.433437E-6
2.459754E1	-3.449962E-5	9.275350E-6
2.469753E1	-3.482237E-5	9.513957E-6
2.479752E1	-3.479405E-5	9.903156E-6
2.489751E1	-3.470805E-5	1.013595E-5
2.499750E1	-3.471140E-5	1.005011E-5
2.509749E1	-3.483747E-5	1.008365E-5
2.519748E1	-3.465058E-5	1.015727E-5
2.529747E1	-3.403548E-5	9.958244E-6
2.539746E1	-3.379387E-5	9.475425E-6
2.549745E1	-3.385761E-5	9.140310E-6
2.559744E1	-3.360302E-5	9.171047E-6
2.569743E1	-3.351352E-5	8.769265E-6
2.579742E1	-3.384102E-5	9.211348E-6
2.589741E1	-3.434249E-5	9.618415E-6
2.599740E1	-3.434327E-5	9.378636E-6
2.609739E1	-3.408277E-5	9.333922E-6
2.619738E1	-3.424123E-5	9.394870E-6
2.629737E1	-3.459999E-5	9.673289E-6
2.639736E1	-3.513237E-5	9.370642E-6
2.649735E1	-3.519263E-5	9.069335E-6
2.659734E1	-3.483107E-5	8.285937E-6
2.669733E1	-3.495159E-5	7.984630E-6
2.679732E1	-3.495159E-5	7.683324E-6
2.689731E1	-3.422845E-5	7.924369E-6
2.699730E1	-3.407780E-5	7.864108E-6
2.709729E1	-3.380019E-5	7.819498E-6
2.719728E1	-3.339453E-5	7.406668E-6
2.729727E1	-3.338357E-5	7.160710E-6
2.739726E1	-3.309665E-5	6.864878E-6
2.749725E1	-3.309214E-5	6.608086E-6
2.759724E1	-3.332055E-5	6.681285E-6
2.769723E1	-3.371561E-5	7.101261E-6
2.779722E1	-3.350463E-5	7.123330E-6
2.789721E1	-3.353413E-5	6.841033E-6
2.799720E1	-3.360742E-5	6.894809E-6
2.809719E1	-3.397024E-5	6.963213E-6
2.819718E1	-3.405033E-5	6.446861E-6
2.829717E1	-3.390203E-5	6.528408E-6
2.839716E1	-3.380162E-5	6.649564E-6
2.849715E1	-3.370425E-5	7.623517E-6
2.859714E1	-3.357262E-5	7.605792E-6
2.869713E1	-3.357530E-5	7.619918E-6
2.879712E1	-3.418505E-5	7.826416E-6
2.889711E1	-3.455156E-5	7.392665E-6
2.899710E1	-3.454603E-5	7.038558E-6
2.909709E1	-3.442241E-5	6.780592E-6
2.919708E1	-3.462565E-5	6.657885E-6
2.929707E1	-3.465462E-5	5.889858E-6
2.939706E1	-3.483461E-5	6.090209E-6
2.949705E1	-3.480805E-5	6.142008E-6
2.959704E1	-3.425765E-5	5.724188E-6
2.969703E1	-3.431777E-5	5.226201E-6
2.979702E1	-3.438254E-5	4.820360E-6
2.989701E1	-3.471829E-5	4.413495E-6
2.999700E1	-3.533478E-5	4.100310E-6
3.009699E1	-3.545387E-5	4.439072E-6
3.019698E1	-3.541579E-5	4.108682E-6
3.029697E1	-3.564545E-5	4.438795E-6
3.039696E1	-3.573038E-5	5.007200E-6
3.049695E1	-3.589050E-5	4.943825E-6
3.059694E1	-3.615884E-5	4.940646E-6
3.069693E1	-3.611689E-5	4.736062E-6
3.079692E1	-3.623704E-5	4.058330E-6
3.089691E1	-3.626551E-5	3.535919E-6
3.099690E1	-3.643080E-5	3.732899E-6
3.109689E1	-3.604609E-5	3.513390E-6
3.119688E1	-3.577216E-5	3.543089E-6
3.129687E1	-3.556540E-5	3.070485E-6
3.139686E1	-3.598907E-5	2.628998E-6
3.149685E1	-3.601009E-5	2.611611E-6
3.159684E1	-3.580707E-5	2.979358E-6
3.169683E1	-3.627801E-5	2.662339E-6
3.179682E1	-3.627734E-5	2.259801E-6
3.189681E1	-3.609656E-5	1.837972E-6
3.199680E1	-3.567473E-5	1.235358E-6
3.209679E1	-3.604580E-5	8.068606E-7
3.219678E1	-3.624887E-5	5.117978E-7
3.229677E1	-3.617405E-5	5.527190E-8
3.239676E1	-3.651451E-5	-1.793753E-7
3.249675E1	-3.667241E-5	-1.512633E-7
3.259674E1	-3.634784E-5	-4.945136E-7
3.269673E1	-3.585747E-5	-9.278488E-7
3.279672E1	-3.492163E-5	-1.232944E-6
3.289671E1	-3.517590E-5	-1.535963E-6
3.299670E1	-3.551633E-5	-1.529142E-6
3.309669E1	-3.631571E-5	-1.603847E-6
3.319668E1	-3.596607E-5	-2.105257E-6
3.329667E1	-3.598819E-5	-2.303529E-6
3.339666E1	-3.579073E-5	-1.629401E-6
3.349665E1	-3.643190E-5	-1.439247E-6
3.359664E1	-3.646273E-5	-1.666652E-6
3.369663E1	-3.585286E-5	-2.136681E-6
3.379662E1	-3.582669E-5	-1.933921E-6
3.389661E1	-3.565107E-5	-1.910756E-6
3.399660E1	-3.602711E-5	-1.346151E-6
3.409659E1	-3.616647E-5	-1.010306E-6
3.419658E1	-3.654549E-5	-1.132433E-6
3.429657E1	-3.664058E-5	-1.477524E-6
3.439656E1	-3.626576E-5	-1.788069E-6
3.449655E1	-3.645586E-5	-2.102191E-6
3.459654E1	-3.640741E-5	-1.667576E-6
3.469653E1	-3.636613E-5	-1.736641E-6
3.479652E1	-3.666914E-5	-1.443672E-6
3.489651E1	-3.705929E-5	-1.039709E-6
3.499650E1	-3.691999E-5	-1.169287E-6
3.509649E1	-3.682951E-5	-7.235585E-7
3.519648E1	-3.662815E-5	-7.331410E-8
3.529647E1	-3.623130E-5	-9.949548E-8
3.539646E1	-3.602515E-5	-2.916686E-7
3.549645E1	-3.607315E-5	-6.877832E-7
3.559644E1	-3.634654E-5	-5.093362E-7
3.569643E1	-3.634310E-5	-6.863411E-7
3.579642E1	-3.629820E-5	-3.763655E-7
3.589641E1	-3.633640E-5	-1.533516E-7
3.599640E1	-3.583736E-5	-1.670379E-7
3.609639E1	-3.628322E-5	-1.476489E-7
3.619638E1	-3.616639E-5	-4.024356E-7
3.629637E1	-3.612633E-5	-2.592763E-7
3.639636E1	-3.676582E-5	-2.970245E-7
3.649635E1	-3.729001E-5	-1.621891E-7
3.659634E1	-3.764390E-5	-2.920674E-7
3.669633E1	-3.793206E-5	-2.606754E-7
3.679632E1	-3.806970E-5	-2.403107E-7
3.689631E1	-3.833468E-5	2.814272E-8
3.699630E1	-3.866475E-5	1.183958E-7
3.709629E1	-3.953145E-5	5.122216E-7
3.719628E1	-3.929853E-5	4.680213E-7
3.729627E1	-3.926047E-5	1.787111E-7
3.739626E1	-3.893544E-5	8.065159E-7
3.749625E1	-3.907223E-5	5.850453E-7
3.759624E1	-3.864696E-5	6.978835E-7
3.769623E1	-3.874604E-5	8.229165E-7
3.779622E1	-3.910990E-5	8.724413E-7
3.789621E1	-3.918129E-5	4.433419E-7
3.799620E1	-3.940822E-5	8.641401E-7
3.809619E1	-3.931887E-5	7.534384E-7
3.819618E1	-3.858926E-5	6.734524E-7
3.829617E1	-3.850897E-5	9.090100E-7
3.839616E1	-3.826416E-5	1.030471E-6
3.849615E1	-3.789523E-5	1.672558E-6
3.859614E1	-3.769920E-5	1.897585E-6
3.869613E1	-3.735564E-5	2.356769E-6
3.879612E1	-3.733977E-5	2.379640E-6
3.889611E1	-3.733247E-5	2.122404E-6
3.899610E1	-3.695515E-5	2.183356E-6
3.909609E1	-3.686618E-5	1.961959E-6
3.919608E1	-3.692491E-5	1.937120E-6
3.929607E1	-3.696536E-5	2.113680E-6
3.939606E1	-3.700765E-5	1.561409E-6
3.949605E1	-3.708483E-5	1.366463E-6
3.959604E1	-3.745155E-5	1.102344E-6
3.969603E1	-3.784215E-5	1.289708E-6
3.979602E1	-3.802657E-5	1.060941E-6
3.989601E1	-3.819083E-5	1.259389E-6
3.999600E1	-3.846370E-5	1.414754E-6
4.009599E1	-3.870216E-5	1.456680E-6
4.019598E1	-3.863324E-5	1.819511E-6
4.029597E1	-3.816632E-5	1.989159E-6
4.039596E1	-3.806696E-5	1.941643E-6
4.049595E1	-3.817784E-5	2.055471E-6
4.059594E1	-3.773703E-5	1.869833E-6
4.069593E1	-3.770629E-5	2.023947E-6
4.079592E1	-3.795468E-5	1.773467E-6
4.089591E1	-3.797974E-5	1.595537E-6
4.099590E1	-3.798867E-5	1.696760E-6
4.109589E1	-3.754049E-5	1.653991E-6
4.119588E1	-3.776860E-5	1.701972E-6
4.129587E1	-3.777550E-5	1.495632E-6
4.139586E1	-3.704355E-5	1.006371E-6
4.149585E1	-3.681487E-5	9.275864E-7
4.159584E1	-3.730643E-5	8.619749E-7
4.169583E1	-3.735663E-5	1.365030E-6
4.179582E1	-3.771759E-5	1.973884E-6
4.189581E1	-3.798802E-5	2.108063E-6
4.199580E1	-3.821639E-5	2.491833E-6
4.209579E1	-3.821843E-5	2.544247E-6
4.219578E1	-3.842152E-5	2.201255E-6
4.229577E1	-3.867000E-5	1.676788E-6
4.239576E1	-3.866157E-5	1.288122E-6
4.249575E1	-3.869740E-5	9.690259E-7
4.259574E1	-3.935217E-5	9.244721E-7
4.269573E1	-3.970392E-5	9.733590E-7
4.279572E1	-3.969075E-5	4.970727E-7
4.289571E1	-3.941782E-5	6.155407E-7
4.299570E1	-3.957914E-5	6.021008E-7
4.309569E1	-3.959048E-5	5.037511E-7
4.319568E1	-3.973191E-5	5.820042E-7
4.329567E1	-3.978660E-5	9.720018E-7
4.339566E1	-3.959901E-5	1.497687E-6
4.349565E1	-4.008765E-5	1.650831E-6
4.359564E1	-4.023722E-5	1.898633E-6
4.369563E1	-4.044067E-5	1.932950E-6
4.379562E1	-4.077402E-5	1.919301E-6
4.389561E1	-4.107436E-5	1.553744E-6
4.399560E1	-4.087240E-5	1.637956E-6
4.409559E1	-4.053634E-5	1.956448E-6
4.419558E1	-4.053648E-5	1.849365E-6
4.429557E1	-4.043149E-5	2.448296E-6
4.439556E1	-4.074329E-5	2.703540E-6
4.449555E1	-4.105523E-5	2.462918E-6
4.459554E1	-4.113030E-5	2.573056E-6
4.469553E1	-4.102861E-5	2.944275E-6
4.479552E1	-4.081092E-5	2.870027E-6
4.489551E1	-4.067112E-5	2.227443E-6
4.499550E1	-4.037601E-5	1.862213E-6
4.509549E1	-3.967341E-5	1.801897E-6
4.519548E1	-4.000127E-5	1.933579E-6
4.529547E1	-3.976900E-5	1.885684E-6
4.539546E1	-3.927235E-5	2.025403E-6
4.549545E1	-3.928781E-5	1.597301E-6
4.559544E1	-3.977349E-5	1.403938E-6
4.569543E1	-3.992782E-5	1.212064E-6
4.579542E1	-4.016809E-5	1.333645E-6
4.589541E1	-4.014464E-5	1.448953E-6
4.599540E1	-4.004774E-5	1.556709E-6
4.609539E1	-4.032300E-5	1.243090E-6
4.619538E1	-4.023550E-5	1.079141E-6
4.629537E1	-4.048573E-5	4.483475E-8
4.639536E1	-4.050707E-5	7.108545E-8
4.649535E1	-4.023892E-5	-2.307291E-7
4.659534E1	-4.030472E-5	-1.940723E-7
4.669533E1	-4.069866E-5	-4.180422E-7
4.679532E1	-4.077121E-5	-9.544015E-8
4.689531E1	-4.050209E-5	1.303878E-7
4.699530E1	-4.086212E-5	2.977909E-7
4.709529E1	-4.120722E-5	7.505806E-7
4.719528E1	-4.094625E-5	6.215551E-7
4.729527E1	-4.097470E-5	7.427430E-7
4.739526E1	-4.043044E-5	2.999957E-7
4.749525E1	-4.036037E-5	7.884494E-8
4.759524E1	-4.024759E-5	-1.231696E-7
4.769523E1	-4.019598E-5	-3.005599E-8
4.779522E1	-4.024413E-5	-1.437751E-7
4.789521E1	-4.009962E-5	-2.521226E-7
4.799520E1	-4.001430E-5	-1.784505E-7
4.809519E1	-3.995303E-5	-4.249278E-7
4.819518E1	-4.015064E-5	-7.027706E-7
4.829517E1	-4.024174E-5	-3.935906E-7
4.839516E1	-3.953995E-5	-4.904797E-7
4.849515E1	-3.929910E-5	-3.713183E-7
4.859514E1	-3.902099E-5	-1.677064E-7
4.869513E1	-3.927484E-5	2.398382E-7
4.879512E1	-3.936609E-5	2.353653E-7
4.889511E1	-3.909427E-5	2.902269E-7
4.899510E1	-3.916243E-5	2.474346E-7
4.909509E1	-3.946878E-5	-1.563052E-7
4.919508E1	-4.025045E-5	6.869132E-8
4.929507E1	-4.025017E-5	3.207179E-7
4.939506E1	-4.038164E-5	5.146875E-8
4.949505E1	-4.030903E-5	-7.450385E-8
4.959504E1	-4.031699E-5	2.670055E-8
4.969503E1	-4.068958E-5	4.622179E-7
4.979502E1	-4.092829E-5	5.419831E-7
4.989501E1	-4.091510E-5	2.610781E-7
4.999500E1	-4.037601E-5	3.828159E-7
5.009499E1	-3.996563E-5	1.011106E-7
5.019498E1	-3.980807E-5	1.056794E-7
5.029497E1	-3.996877E-5	-2.289194E-7
5.039496E1	-3.979037E-5	-1.149396E-6
5.049495E1	-3.994797E-5	-1.450807E-6
5.059494E1	-3.973608E-5	-1.780295E-6
5.069493E1	-3.929654E-5	-2.141261E-6
5.079492E1	-3.972856E-5	-2.331361E-6
5.089491E1	-4.009609E-5	-2.883484E-6
5.099490E1	-4.045289E-5	-2.405275E-6
5.109489E1	-4.071924E-5	-2.525201E-6
5.119488E1	-4.124953E-5	-2.680344E-6
5.129487E1	-4.145783E-5	-2.113971E-6
5.139486E1	-4.166219E-5	-1.831658E-6
5.149485E1	-4.191574E-5	-1.783925E-6
5.159484E1	-4.173888E-5	-2.049257E-6
5.169483E1	-4.196269E-5	-1.751720E-6
5.179482E1	-4.198380E-5	-1.396536E-6
5.189481E1	-4.169398E-5	-1.329937E-6
5.199480E1	-4.184989E-5	-6.078288E-7
5.209479E1	-4.229850E-5	-6.196204E-7
5.219478E1	-4.233427E-5	-1.245188E-6
5.229477E1	-4.267848E-5	-1.003995E-6
5.239476E1	-4.248361E-5	-7.935174E-7
5.249475E1	-4.238720E-5	-5.820111E-7
5.259474E1	-4.238684E-5	-4.278753E-7
5.269473E1	-4.227236E-5	-1.364957E-7
5.279472E1	-4.214675E-5	-1.301787E-8
5.289471E1	-4.174218E-5	-1.485308E-7
5.299470E1	-4.135581E-5	-2.447684E-7
5.309469E1	-4.140381E-5	-2.618565E-7
5.319468E1	-4.131075E-5	-2.448033E-7
5.329467E1	-4.122613E-5	-3.383652E-7
5.339466E1	-4.089335E-5	-8.176777E-7
5.349465E1	-4.043960E-5	-4.009317E-7
5.359464E1	-3.958149E-5	-1.192166E-7
5.369463E1	-3.797426E-5	1.102524E-8
5.379462E1	-3.794819E-5	-1.990479E-7
5.389461E1	-3.797051E-5	6.074909E-8
5.399460E1	-3.832185E-5	1.726602E-7
5.409459E1	-3.869816E-5	3.166216E-7
5.419458E1	-3.902406E-5	3.284907E-7
5.429457E1	-3.887436E-5	4.152293E-7
5.439456E1	-3.888191E-5	6.354564E-7
5.449455E1	-3.859099E-5	3.442305E-7
5.459454E1	-3.834947E-5	2.423873E-7
5.469453E1	-3.799741E-5	-3.273443E-7
5.479452E1	-3.769560E-5	-7.687333E-7
5.489451E1	-3.749456E-5	-7.986512E-7
5.499450E1	-3.717868E-5	-5.711427E-7
5.509449E1	-3.721903E-5	-6.803487E-7
5.519448E1	-3.728053E-5	-9.230568E-7
5.529447E1	-3.727826E-5	-2.616409E-7
5.539446E1	-3.701747E-5	1.630242E-7
5.549445E1	-3.724152E-5	5.122216E-7
5.559444E1	-3.778387E-5	5.122216E-7
5.569443E1	-3.790440E-5	4.218295E-7
5.579442E1	-3.766335E-5	3.916988E-7
5.589441E1	-3.796466E-5	2.711761E-7
5.599440E1	-3.769348E-5	6.026136E-7
5.609439E1	-3.793453E-5	7.532670E-7
5.619438E1	-3.853714E-5	1.144966E-6
5.629437E1	-3.835636E-5	8.436591E-7
5.639436E1	-3.823583E-5	6.327443E-7
5.649435E1	-3.808518E-5	1.084704E-6
5.659434E1	-3.772361E-5	1.446273E-6
5.669433E1	-3.748257E-5	1.687318E-6
5.679432E1	-3.695042E-5	1.461299E-6
5.689431E1	-3.657833E-5	1.388554E-6
5.699430E1	-3.656539E-5	8.948687E-7
5.709429E1	-3.678370E-5	9.246105E-7
5.719428E1	-3.638992E-5	8.600827E-7
5.729427E1	-3.611124E-5	7.418955E-7
5.739426E1	-3.623708E-5	8.749688E-7
5.749425E1	-3.643043E-5	7.649985E-7
5.759424E1	-3.700579E-5	5.632942E-7
5.769423E1	-3.714913E-5	1.606125E-7
5.779422E1	-3.700763E-5	5.798836E-7
5.789421E1	-3.623443E-5	3.407473E-7
5.799420E1	-3.602139E-5	3.763912E-7
5.809419E1	-3.652179E-5	4.600937E-7
5.819418E1	-3.664244E-5	6.717098E-7
5.829417E1	-3.646955E-5	6.503536E-7
5.839416E1	-3.606792E-5	9.232780E-7
5.849415E1	-3.608660E-5	1.331655E-6
5.859414E1	-3.589552E-5	1.452412E-6
5.869413E1	-3.594618E-5	1.711125E-6
5.879412E1	-3.639495E-5	2.012401E-6
5.889411E1	-3.667641E-5	1.981150E-6
5.899410E1	-3.636349E-5	2.048680E-6
5.909409E1	-3.611184E-5	1.954996E-6
5.919408E1	-3.574886E-5	2.092731E-6
5.929407E1	-3.547982E-5	2.471000E-6
5.939406E1	-3.618020E-5	2.613832E-6
5.949405E1	-3.628579E-5	2.377617E-6
5.959404E1	-3.657003E-5	1.977230E-6
5.969403E1	-3.655675E-5	2.170153E-6
5.979402E1	-3.663935E-5	2.656631E-6
5.989401E1	-3.618250E-5	2.712461E-6
5.999400E1	-3.571404E-5	3.106532E-6
6.009399E1	-3.565174E-5	3.019635E-6
6.019398E1	-3.563502E-5	3.313000E-6
6.029397E1	-3.581859E-5	3.588815E-6
6.039396E1	-3.558375E-5	3.574021E-6
6.049395E1	-3.542060E-5	3.937190E-6
6.059394E1	-3.522817E-5	4.122007E-6
6.069393E1	-3.564202E-5	4.003601E-6
6.079392E1	-3.567734E-5	4.122322E-6
6.089391E1	-3.542689E-5	3.492406E-6
6.099390E1	-3.506066E-5	3.462725E-6
6.109389E1	-3.521338E-5	3.397707E-6
6.119388E1	-3.526482E-5	3.477754E-6
6.129387E1	-3.569549E-5	3.775722E-6
6.139386E1	-3.586257E-5	4.286339E-6
6.149385E1	-3.620891E-5	4.681465E-6
6.159384E1	-3.618720E-5	5.120293E-6
6.169383E1	-3.648333E-5	5.107510E-6
6.179382E1	-3.672535E-5	4.869731E-6
6.189381E1	-3.740404E-5	4.605950E-6
6.199380E1	-3.757973E-5	4.735732E-6
6.209379E1	-3.690920E-5	4.442560E-6
6.219378E1	-3.709930E-5	4.288964E-6
6.229377E1	-3.762753E-5	4.769833E-6
6.239376E1	-3.778741E-5	4.774846E-6
6.249375E1	-3.806148E-5	4.849697E-6
6.259374E1	-3.829149E-5	5.068771E-6
6.269373E1	-3.789109E-5	4.895523E-6
6.279372E1	-3.791136E-5	5.106660E-6
6.289371E1	-3.815991E-5	4.694148E-6
6.299370E1	-3.842838E-5	4.524588E-6
6.309369E1	-3.856492E-5	4.077853E-6
6.319368E1	-3.843665E-5	4.286011E-6
6.329367E1	-3.858129E-5	4.292788E-6
6.339366E1	-3.842829E-5	4.677573E-6
6.349365E1	-3.826966E-5	4.606802E-6
6.359364E1	-3.827283E-5	4.504473E-6
6.369363E1	-3.813192E-5	4.592714E-6
6.379362E1	-3.767757E-5	4.508775E-6
6.389361E1	-3.737475E-5	4.200085E-6
6.399360E1	-3.733649E-5	3.806450E-6
6.409359E1	-3.692386E-5	3.496646E-6
6.419358E1	-3.746375E-5	3.474087E-6
6.429357E1	-3.811790E-5	3.044811E-6
6.439356E1	-3.830897E-5	2.524359E-6
6.449355E1	-3.797191E-5	2.371162E-6
6.459354E1	-3.797964E-5	2.833625E-6
6.469353E1	-3.764385E-5	3.226379E-6
6.479352E1	-3.736449E-5	3.475266E-6
6.489351E1	-3.709694E-5	3.766917E-6
6.499350E1	-3.750810E-5	3.971081E-6
6.509349E1	-3.724445E-5	4.188005E-6
6.519348E1	-3.813454E-5	3.443003E-6
6.529347E1	-3.834117E-5	3.077090E-6
6.539346E1	-3.833075E-5	3.168008E-6
6.549345E1	-3.837469E-5	2.585635E-6
6.559344E1	-3.878808E-5	2.879642E-6
6.569343E1	-3.837533E-5	2.772166E-6
6.579342E1	-3.782913E-5	2.893532E-6
6.589341E1	-3.806956E-5	2.810435E-6
6.599340E1	-3.778837E-5	2.502032E-6
6.609339E1	-3.762199E-5	2.834198E-6
6.619338E1	-3.758519E-5	2.648797E-6
6.629337E1	-3.739907E-5	2.730750E-6
6.639336E1	-3.783181E-5	2.644164E-6
6.649335E1	-3.747026E-5	2.458154E-6
6.659334E1	-3.686919E-5	2.336845E-6
6.669333E1	-3.642108E-5	1.897508E-6
6.679332E1	-3.617183E-5	1.932610E-6
6.689331E1	-3.622529E-5	1.946781E-6
6.699330E1	-3.637311E-5	1.513899E-6
6.709329E1	-3.626170E-5	1.497489E-6
6.719328E1	-3.628801E-5	8.772653E-7
6.729327E1	-3.601610E-5	7.082761E-7
6.739326E1	-3.578118E-5	1.001932E-6
6.749325E1	-3.584276E-5	1.008637E-6
6.759324E1	-3.611765E-5	1.032050E-6
6.769323E1	-3.597415E-5	6.951441E-7
6.779322E1	-3.571779E-5	6.139734E-7
6.789321E1	-3.599140E-5	6.715635E-7
6.799320E1	-3.561130E-5	6.209354E-7
6.809319E1	-3.552199E-5	4.677159E-7
6.819318E1	-3.601601E-5	6.261699E-7
6.829317E1	-3.563223E-5	2.616595E-7
6.839316E1	-3.589255E-5	-7.080823E-9
6.849315E1	-3.635867E-5	3.208210E-8
6.859314E1	-3.646741E-5	2.496469E-7
6.869313E1	-3.638093E-5	6.003410E-7
6.879312E1	-3.601432E-5	6.696113E-7
6.889311E1	-3.589444E-5	6.512012E-7
6.899310E1	-3.631928E-5	9.992701E-7
6.909309E1	-3.645740E-5	1.768754E-6
6.919308E1	-3.563201E-5	1.985026E-6
6.929307E1	-3.510354E-5	1.936428E-6
6.939306E1	-3.509270E-5	1.363755E-6
6.949305E1	-3.528005E-5	1.467361E-6
6.959304E1	-3.485433E-5	2.017157E-6
6.969303E1	-3.479467E-5	2.797474E-6
6.979302E1	-3.460177E-5	2.397972E-6
6.989301E1	-3.429326E-5	1.986881E-6
6.999300E1	-3.485298E-5	1.996759E-6
7.009299E1	-3.531634E-5	1.676989E-6
7.019298E1	-3.508751E-5	2.137780E-6
7.029297E1	-3.537618E-5	2.905557E-6
7.039296E1	-3.603101E-5	2.909802E-6
7.049295E1	-3.656412E-5	2.647325E-6
7.059294E1	-3.681346E-5	2.924842E-6
7.069293E1	-3.631243E-5	2.964116E-6
7.079292E1	-3.617039E-5	2.692272E-6
7.089291E1	-3.592815E-5	2.891346E-6
7.099290E1	-3.594658E-5	2.864201E-6
7.109289E1	-3.582953E-5	3.075083E-6
7.119288E1	-3.575211E-5	3.316121E-6
7.129287E1	-3.546262E-5	3.605754E-6
7.139286E1	-3.500314E-5	3.602677E-6
7.149285E1	-3.529829E-5	3.162411E-6
7.159284E1	-3.627835E-5	2.887098E-6
7.169283E1	-3.605984E-5	3.203189E-6
7.179282E1	-3.522277E-5	-1.024443E-6
7.189281E1	-3.552838E-5	2.964939E-6
7.199280E1	-3.570034E-5	2.712819E-6
7.209279E1	-3.519590E-5	2.636816E-6
7.219278E1	-3.531849E-5	2.393779E-6
7.229277E1	-3.497571E-5	2.150235E-6
7.239276E1	-3.483070E-5	1.989248E-6
7.249275E1	-3.458671E-5	2.626870E-6
7.259274E1	-3.489516E-5	3.166793E-6
7.269273E1	-3.529657E-5	3.477448E-6
7.279272E1	-3.539378E-5	3.857793E-6
7.289271E1	-3.621032E-5	4.006777E-6
7.299270E1	-3.636397E-5	3.656881E-6
7.309269E1	-3.643115E-5	3.656146E-6
7.319268E1	-3.637807E-5	3.729531E-6
7.329267E1	-3.647402E-5	4.063627E-6
7.339266E1	-3.607643E-5	4.253641E-6
7.349265E1	-3.621893E-5	3.714203E-6
7.359264E1	-3.607218E-5	3.280977E-6
7.369263E1	-3.572226E-5	2.853912E-6
7.379262E1	-3.557805E-5	3.044222E-6
7.389261E1	-3.543761E-5	2.803530E-6
7.399260E1	-3.578242E-5	3.064814E-6
7.409259E1	-3.571115E-5	3.596293E-6
7.419258E1	-3.571106E-5	3.807289E-6
7.429257E1	-3.557586E-5	4.093306E-6
7.439256E1	-3.556197E-5	3.733294E-6
7.449255E1	-3.574943E-5	3.953143E-6
7.459254E1	-3.607110E-5	3.799015E-6
7.469253E1	-3.638357E-5	4.077557E-6
7.479252E1	-3.650477E-5	4.097352E-6
7.489251E1	-3.646671E-5	4.100038E-6
7.499250E1	-3.652481E-5	4.948656E-6
7.509249E1	-3.702963E-5	5.260061E-6
7.519248E1	-3.700902E-5	5.028390E-6
7.529247E1	-3.733116E-5	5.099790E-6
7.539246E1	-3.733382E-5	5.018509E-6
7.549245E1	-3.753596E-5	5.503208E-6
7.559244E1	-3.732663E-5	6.027624E-6
7.569243E1	-3.736768E-5	6.143751E-6
7.579242E1	-3.738129E-5	6.341847E-6
7.589241E1	-3.692210E-5	6.696215E-6
7.599240E1	-3.680238E-5	6.887961E-6
7.609239E1	-3.652947E-5	6.141473E-6
7.619238E1	-3.644766E-5	5.805179E-6
7.629237E1	-3.639846E-5	5.692840E-6
7.639236E1	-3.658538E-5	5.841383E-6
7.649235E1	-3.637285E-5	5.843448E-6
7.659234E1	-3.657865E-5	5.965875E-6
7.669233E1	-3.652358E-5	6.282260E-6
7.679232E1	-3.611649E-5	5.651868E-6
7.689231E1	-3.596132E-5	4.936855E-6
7.699230E1	-3.567653E-5	5.174749E-6
7.709229E1	-3.604773E-5	5.361144E-6
7.719228E1	-3.648684E-5	5.639504E-6
7.729227E1	-3.649021E-5	5.714474E-6
7.739226E1	-3.604751E-5	5.693036E-6
7.749225E1	-3.656605E-5	6.100997E-6
7.759224E1	-3.724434E-5	6.610155E-6
7.769223E1	-3.754506E-5	6.439257E-6
7.779222E1	-3.725247E-5	6.461325E-6
7.789221E1	-3.666149E-5	5.996927E-6
7.799220E1	-3.630243E-5	6.114635E-6
7.809219E1	-3.645675E-5	6.025672E-6
7.819218E1	-3.673452E-5	5.849432E-6
7.829217E1	-3.652651E-5	5.369361E-6
7.839216E1	-3.695684E-5	4.329361E-6
7.849215E1	-3.642345E-5	3.900332E-6
7.859214E1	-3.649501E-5	3.909609E-6
7.869213E1	-3.603695E-5	3.644749E-6
7.879212E1	-3.626028E-5	3.617011E-6
7.889211E1	-3.639786E-5	3.193852E-6
7.899210E1	-3.633760E-5	2.018756E-6
7.909209E1	-3.621708E-5	2.651500E-6
7.919208E1	-3.615682E-5	3.073329E-6
7.929207E1	-3.594590E-5	3.555420E-6
7.939206E1	-3.603629E-5	3.736204E-6
7.949205E1	-3.525290E-5	4.158034E-6
7.959204E1	-3.471054E-5	4.158034E-6
7.969203E1	-3.537342E-5	4.248426E-6
7.979202E1	-3.449963E-5	4.429210E-6
7.989201E1	-3.422845E-5	3.645812E-6
7.999200E1	-3.489133E-5	3.916988E-6
8.009199E1	-3.498172E-5	4.127903E-6
8.019198E1	-3.404767E-5	3.826596E-6
8.029197E1	-3.371623E-5	3.465028E-6
8.039196E1	-3.386688E-5	3.344506E-6
8.049195E1	-3.428871E-5	4.218295E-6
8.059194E1	-3.407780E-5	4.459341E-6
8.069193E1	-3.405879E-5	4.259719E-6
8.079192E1	-3.457317E-5	3.525100E-6
8.089191E1	-3.491224E-5	2.629962E-6
8.099190E1	-3.474067E-5	2.079017E-6
8.109189E1	-3.460604E-5	1.910251E-6
8.119188E1	-3.435309E-5	1.851373E-6
8.129187E1	-3.470486E-5	1.957263E-6
8.139186E1	-3.485471E-5	2.571383E-6
8.149185E1	-3.472318E-5	2.301436E-6
8.159184E1	-3.449007E-5	2.581410E-6
8.169183E1	-3.443350E-5	2.494002E-6
8.179182E1	-3.454624E-5	2.173886E-6
8.189181E1	-3.507211E-5	2.289932E-6
8.199180E1	-3.500364E-5	2.179687E-6
8.209179E1	-3.461046E-5	2.628914E-6
8.219178E1	-3.483887E-5	2.858705E-6
8.229177E1	-3.461629E-5	2.611068E-6
8.239176E1	-3.488799E-5	2.785752E-6
8.249175E1	-3.474358E-5	2.919461E-6
8.259174E1	-3.394110E-5	3.291833E-6
8.269173E1	-3.426999E-5	3.072331E-6
8.279172E1	-3.418959E-5	3.096388E-6
8.289171E1	-3.521853E-5	3.292238E-6
8.299170E1	-3.554650E-5	3.510597E-6
8.309169E1	-3.546192E-5	3.349745E-6
8.319168E1	-3.513237E-5	3.555420E-6
8.329167E1	-3.519263E-5	3.193852E-6
8.339166E1	-3.546381E-5	3.585551E-6
8.349165E1	-3.606642E-5	3.073329E-6
8.359164E1	-3.579525E-5	2.711761E-6
8.369163E1	-3.578892E-5	2.644554E-6
8.379162E1	-3.577788E-5	2.377200E-6
8.389161E1	-3.620269E-5	2.401881E-6
8.399160E1	-3.591315E-5	2.430689E-6
8.409159E1	-3.567171E-5	2.339995E-6
8.419158E1	-3.566056E-5	2.338033E-6
8.429157E1	-3.590202E-5	2.226643E-6
8.439156E1	-3.559174E-5	2.239809E-6
8.449155E1	-3.480687E-5	1.812074E-6
8.459154E1	-3.453004E-5	1.741210E-6
8.469153E1	-3.478564E-5	1.182596E-6
8.479152E1	-3.473778E-5	1.237632E-6
8.489151E1	-3.406719E-5	1.095092E-6
8.499150E1	-3.387594E-5	3.771492E-7
8.509149E1	-3.410182E-5	1.424566E-7
8.519148E1	-3.338869E-5	5.459467E-7
8.529147E1	-3.301295E-5	7.938537E-7
8.539146E1	-3.272143E-5	1.239236E-6
8.549145E1	-3.251135E-5	1.257295E-6
8.559144E1	-3.215011E-5	6.658245E-7
8.569143E1	-3.165656E-5	1.279210E-7
8.579142E1	-3.124041E-5	-1.408103E-7
8.589141E1	-3.118521E-5	8.858003E-8
8.599140E1	-3.070182E-5	4.874979E-7
8.609139E1	-3.050091E-5	-6.988746E-8
8.619138E1	-3.056562E-5	-3.467323E-7
8.629137E1	-3.116999E-5	-4.899251E-7
8.639136E1	-3.088807E-5	-3.805268E-7
8.649135E1	-3.086354E-5	-4.403886E-7
8.659134E1	-3.107638E-5	-4.557631E-7
8.669133E1	-3.116517E-5	-7.460737E-7
8.679132E1	-3.158191E-5	-1.034817E-6
8.689131E1	-3.213615E-5	-1.688512E-6
8.699130E1	-3.231105E-5	-2.166542E-6
8.709129E1	-3.236627E-5	-1.915689E-6
8.719128E1	-3.197675E-5	-1.752148E-6
8.729127E1	-3.191346E-5	-1.639998E-6
8.739126E1	-3.215868E-5	-1.806832E-6
8.749125E1	-3.228969E-5	-2.059277E-6
8.759124E1	-3.216381E-5	-2.318025E-6
8.769123E1	-3.192404E-5	-2.423813E-6
8.779122E1	-3.194730E-5	-2.291963E-6
8.789121E1	-3.242461E-5	-2.137400E-6
8.799120E1	-3.294176E-5	-2.410852E-6
8.809119E1	-3.288058E-5	-2.619612E-6
8.819118E1	-3.270277E-5	-2.843389E-6
8.829117E1	-3.232124E-5	-3.107021E-6
8.839116E1	-3.217585E-5	-3.347525E-6
8.849115E1	-3.182877E-5	-3.929108E-6
8.859114E1	-3.193950E-5	-4.508431E-6
8.869113E1	-3.213134E-5	-4.406344E-6
8.879112E1	-3.187481E-5	-4.279646E-6
8.889111E1	-3.194354E-5	-4.181065E-6
8.899110E1	-3.199851E-5	-3.531637E-6
8.909109E1	-3.179761E-5	-3.390882E-6
8.919108E1	-3.177662E-5	-3.123954E-6
8.929107E1	-3.136364E-5	-3.713357E-6
8.939106E1	-3.152207E-5	-3.979547E-6
8.949105E1	-3.133280E-5	-4.592022E-6
8.959104E1	-3.092597E-5	-5.164045E-6
8.969103E1	-3.088220E-5	-5.422986E-6
8.979102E1	-3.120022E-5	-5.612965E-6
8.989101E1	-3.120728E-5	-5.373247E-6
8.999100E1	-3.115756E-5	-5.430170E-6
9.009099E1	-3.149760E-5	-4.989923E-6
9.019098E1	-3.161717E-5	-4.826240E-6
9.029097E1	-3.085480E-5	-4.949481E-6
9.039096E1	-3.049251E-5	-4.404307E-6
9.049095E1	-3.059172E-5	-4.604861E-6
9.059094E1	-3.082742E-5	-3.928555E-6
9.069093E1	-3.106330E-5	-3.751783E-6
9.079092E1	-3.100446E-5	-3.382455E-6
9.089091E1	-3.065546E-5	-3.805205E-6
9.099090E1	-3.079402E-5	-4.478125E-6
9.109089E1	-3.048998E-5	-4.575477E-6
9.119088E1	-3.044056E-5	-4.744161E-6
9.129087E1	-3.013346E-5	-5.195140E-6
9.139086E1	-2.989650E-5	-5.731295E-6
9.149085E1	-2.937114E-5	-6.223550E-6
9.159084E1	-2.930901E-5	-6.462957E-6
9.169083E1	-2.950761E-5	-6.580721E-6
9.179082E1	-2.959968E-5	-6.364134E-6
9.189081E1	-2.938208E-5	-6.341688E-6
9.199080E1	-2.918393E-5	-7.217937E-6
9.209079E1	-2.929655E-5	-7.468442E-6
9.219078E1	-2.912979E-5	-6.894792E-6
9.229077E1	-2.974888E-5	-6.484716E-6
9.239076E1	-2.979696E-5	-6.546542E-6
9.249075E1	-2.962233E-5	-6.367255E-6
9.259074E1	-2.976461E-5	-6.588268E-6
9.269073E1	-3.001166E-5	-6.768924E-6
9.279072E1	-3.008927E-5	-6.753619E-6
9.289071E1	-3.011922E-5	-6.774191E-6
9.299070E1	-2.960015E-5	-6.802062E-6
9.309069E1	-2.960931E-5	-6.105860E-6
9.319068E1	-3.018058E-5	-6.446766E-6
9.329067E1	-3.064859E-5	-6.335656E-6
9.339066E1	-3.009122E-5	-6.662372E-6
9.349065E1	-3.045342E-5	-6.296430E-6
9.359064E1	-3.014347E-5	-6.191699E-6
9.369063E1	-2.985320E-5	-6.473301E-6
9.379062E1	-2.993314E-5	-5.940351E-6
9.389061E1	-2.996400E-5	-5.787591E-6
9.399060E1	-2.971837E-5	-5.952176E-6
9.409059E1	-2.889975E-5	-5.762306E-6
9.419058E1	-2.869006E-5	-5.890367E-6
9.429057E1	-2.856487E-5	-6.403359E-6
9.439056E1	-2.833835E-5	-6.627947E-6
9.449055E1	-2.810074E-5	-6.603170E-6
9.459054E1	-2.772792E-5	-6.544910E-6
9.469053E1	-2.733384E-5	-6.668133E-6
9.479052E1	-2.684571E-5	-7.095437E-6
9.489051E1	-2.694586E-5	-7.846342E-6
9.499050E1	-2.743880E-5	-8.219300E-6
9.509049E1	-2.741319E-5	-8.353024E-6
9.519048E1	-2.734038E-5	-8.179416E-6
9.529047E1	-2.721879E-5	-8.283022E-6
9.539046E1	-2.728789E-5	-8.220902E-6
9.549045E1	-2.661493E-5	-8.826889E-6
9.559044E1	-2.633447E-5	-8.439485E-6
9.569043E1	-2.671594E-5	-8.289615E-6
9.579042E1	-2.690786E-5	-8.331124E-6
9.589041E1	-2.690393E-5	-8.624682E-6
9.599040E1	-2.669757E-5	-8.846673E-6
9.609039E1	-2.691785E-5	-8.525902E-6
9.619038E1	-2.714869E-5	-8.515423E-6
9.629037E1	-2.735673E-5	-8.649961E-6
9.639036E1	-2.740244E-5	-8.601432E-6
9.649035E1	-2.729794E-5	-8.680936E-6
9.659034E1	-2.664683E-5	-8.470996E-6
9.669033E1	-2.619961E-5	-8.473611E-6
9.679032E1	-2.602200E-5	-7.982757E-6
9.689031E1	-2.590156E-5	-8.315882E-6
9.699030E1	-2.533130E-5	-8.747851E-6
9.709029E1	-2.515132E-5	-9.109664E-6
9.719028E1	-2.498863E-5	-9.414863E-6
9.729027E1	-2.464019E-5	-9.778793E-6
9.739026E1	-2.428262E-5	-9.802649E-6
9.749025E1	-2.441958E-5	-9.951860E-6
9.759024E1	-2.493572E-5	-1.046701E-5
9.769023E1	-2.461678E-5	-1.101272E-5
9.779022E1	-2.473470E-5	-1.082146E-5
9.789021E1	-2.461677E-5	-1.039508E-5
9.799020E1	-2.518925E-5	-1.009378E-5
9.809019E1	-2.561108E-5	-1.021430E-5
9.819018E1	-2.524951E-5	-1.057587E-5
9.829017E1	-2.576173E-5	-1.084704E-5
9.839016E1	-2.609317E-5	-1.036495E-5
9.849015E1	-2.615343E-5	-1.054574E-5
9.859014E1	-2.678617E-5	-9.912994E-6
9.869013E1	-2.696696E-5	-9.702079E-6
9.879012E1	-2.669673E-5	-1.018578E-5
9.889011E1	-2.655707E-5	-1.085417E-5
9.899010E1	-2.657605E-5	-1.109466E-5
9.909009E1	-2.733148E-5	-1.100795E-5
9.919008E1	-2.783032E-5	-1.118334E-5
9.929007E1	-2.784047E-5	-1.116634E-5
9.939006E1	-2.783303E-5	-1.118696E-5
9.949005E1	-2.808179E-5	-1.117848E-5
9.959004E1	-2.764429E-5	-1.138255E-5
9.969003E1	-2.753944E-5	-1.105796E-5
9.979002E1	-2.698055E-5	-1.099246E-5
9.989001E1	-2.676019E-5	-1.144247E-5
9.999000E1	-2.734507E-5	-1.167037E-5
1.000900E2	-2.744490E-5	-1.197178E-5
1.001900E2	-2.728883E-5	-1.190507E-5
1.002900E2	-2.746716E-5	-1.162200E-5
1.003900E2	-2.786648E-5	-1.144021E-5
1.004900E2	-2.829275E-5	-1.222701E-5
1.005899E2	-2.836820E-5	-1.264961E-5
1.006899E2	-2.797808E-5	-1.339591E-5
1.007899E2	-2.839702E-5	-1.354732E-5
1.008899E2	-2.840515E-5	-1.341042E-5
1.009899E2	-2.865127E-5	-1.324131E-5
1.010899E2	-2.889934E-5	-1.379742E-5
1.011899E2	-2.826150E-5	-1.423516E-5
1.012899E2	-2.830766E-5	-1.371514E-5
1.013899E2	-2.821830E-5	-1.431316E-5
1.014899E2	-2.789103E-5	-1.489859E-5
1.015898E2	-2.749327E-5	-1.497225E-5
1.016898E2	-2.723918E-5	-1.543157E-5
1.017898E2	-2.740180E-5	-1.573377E-5
1.018898E2	-2.745184E-5	-1.582174E-5
1.019898E2	-2.722503E-5	-1.606666E-5
1.020898E2	-2.694531E-5	-1.625695E-5
1.021898E2	-2.670190E-5	-1.586412E-5
1.022898E2	-2.621786E-5	-1.522860E-5
1.023898E2	-2.595452E-5	-1.547685E-5
1.024898E2	-2.598793E-5	-1.512875E-5
1.025897E2	-2.596791E-5	-1.545663E-5
1.026897E2	-2.546494E-5	-1.540948E-5
1.027897E2	-2.484030E-5	-1.494019E-5
1.028897E2	-2.428762E-5	-1.460922E-5
1.029897E2	-2.413026E-5	-1.445000E-5
1.030897E2	-2.434559E-5	-1.518586E-5
1.031897E2	-2.475849E-5	-1.541175E-5
1.032897E2	-2.485578E-5	-1.594218E-5
1.033897E2	-2.501186E-5	-1.647560E-5
1.034897E2	-2.549556E-5	-1.673920E-5
1.035896E2	-2.588959E-5	-1.697520E-5
1.036896E2	-2.628049E-5	-1.697086E-5
1.037896E2	-2.666565E-5	-1.726488E-5
1.038896E2	-2.669578E-5	-1.678279E-5
1.039896E2	-2.654513E-5	-1.675266E-5
1.040896E2	-2.687657E-5	-1.699370E-5
1.041896E2	-2.630408E-5	-1.681292E-5
1.042896E2	-2.603414E-5	-1.689764E-5
1.043896E2	-2.594874E-5	-1.682469E-5
1.044896E2	-2.590397E-5	-1.635088E-5
1.045895E2	-2.579530E-5	-1.628864E-5
1.046895E2	-2.576173E-5	-1.666227E-5
1.047895E2	-2.606304E-5	-1.669240E-5
1.048895E2	-2.546043E-5	-1.645135E-5
1.049895E2	-2.527964E-5	-1.621031E-5
1.050895E2	-2.506873E-5	-1.584874E-5
1.051895E2	-2.575560E-5	-1.562437E-5
1.052895E2	-2.574249E-5	-1.564538E-5
1.053895E2	-2.647021E-5	-1.521014E-5
1.054895E2	-2.700571E-5	-1.445052E-5
1.055894E2	-2.760971E-5	-1.492949E-5
1.056894E2	-2.775446E-5	-1.523107E-5
1.057894E2	-2.720954E-5	-1.542191E-5
1.058894E2	-2.675918E-5	-1.560395E-5
1.059894E2	-2.608444E-5	-1.565264E-5
1.060894E2	-2.584641E-5	-1.583585E-5
1.061894E2	-2.533752E-5	-1.641181E-5
1.062894E2	-2.532924E-5	-1.695218E-5
1.063894E2	-2.533077E-5	-1.750737E-5
1.064894E2	-2.512348E-5	-1.752588E-5
1.065893E2	-2.500335E-5	-1.799563E-5
1.066893E2	-2.516541E-5	-1.833339E-5
1.067893E2	-2.575170E-5	-1.813028E-5
1.068893E2	-2.565377E-5	-1.790297E-5
1.069893E2	-2.546551E-5	-1.823874E-5
1.070893E2	-2.557050E-5	-1.903216E-5
1.071893E2	-2.521478E-5	-1.929365E-5
1.072893E2	-2.508822E-5	-1.950273E-5
1.073893E2	-2.466584E-5	-1.907176E-5
1.074893E2	-2.496615E-5	-1.947399E-5
1.075892E2	-2.529460E-5	-1.967674E-5
1.076892E2	-2.549172E-5	-1.997634E-5
1.077892E2	-2.572692E-5	-2.004097E-5
1.078892E2	-2.537363E-5	-2.045142E-5
1.079892E2	-2.507319E-5	-2.035594E-5
1.080892E2	-2.524777E-5	-2.034274E-5
1.081892E2	-2.534721E-5	-2.011654E-5
1.082892E2	-2.559942E-5	-2.020959E-5
1.083892E2	-2.584843E-5	-2.004745E-5
1.084892E2	-2.573472E-5	-2.021429E-5
1.085891E2	-2.584843E-5	-2.003570E-5
1.086891E2	-2.530832E-5	-1.991995E-5
1.087891E2	-2.521420E-5	-1.954863E-5
1.088891E2	-2.525864E-5	-1.943464E-5
1.089891E2	-2.564029E-5	-1.889738E-5
1.090891E2	-2.599041E-5	-1.892790E-5
1.091891E2	-2.615336E-5	-1.894848E-5
1.092891E2	-2.571325E-5	-1.902328E-5
1.093891E2	-2.511824E-5	-1.920994E-5
1.094891E2	-2.461135E-5	-1.990651E-5
1.095890E2	-2.432620E-5	-2.028514E-5
1.096890E2	-2.428984E-5	-2.061420E-5
1.097890E2	-2.426420E-5	-2.056730E-5
1.098890E2	-2.382122E-5	-2.041015E-5
1.099890E2	-2.348687E-5	-2.006102E-5
1.100890E2	-2.330789E-5	-1.986049E-5
1.101890E2	-2.298654E-5	-1.974860E-5
1.102890E2	-2.271346E-5	-1.970780E-5
1.103890E2	-2.240932E-5	-1.954614E-5
1.104890E2	-2.250762E-5	-1.901246E-5
1.105889E2	-2.240517E-5	-1.907488E-5
1.106889E2	-2.261661E-5	-1.901146E-5
1.107889E2	-2.269279E-5	-1.853288E-5
1.108889E2	-2.319481E-5	-1.865225E-5
1.109889E2	-2.331528E-5	-1.885723E-5
1.110889E2	-2.377311E-5	-1.865089E-5
1.111889E2	-2.374298E-5	-1.874128E-5
1.112889E2	-2.416481E-5	-1.922337E-5
1.113889E2	-2.356219E-5	-1.931377E-5
1.114889E2	-2.350193E-5	-1.967533E-5
1.115888E2	-2.395389E-5	-1.937403E-5
1.116888E2	-2.395389E-5	-2.012729E-5
1.117888E2	-2.347180E-5	-2.027795E-5
1.118888E2	-2.473729E-5	-2.006703E-5
1.119888E2	-2.473729E-5	-2.003690E-5
1.120888E2	-2.469268E-5	-1.992762E-5
1.121888E2	-2.432293E-5	-1.971390E-5
1.122888E2	-2.393822E-5	-1.989059E-5
1.123888E2	-2.398104E-5	-1.999428E-5
1.124888E2	-2.409222E-5	-2.008515E-5
1.125887E2	-2.393163E-5	-2.036551E-5
1.126887E2	-2.375038E-5	-1.980390E-5
1.127887E2	-2.399033E-5	-1.986801E-5
1.128887E2	-2.404859E-5	-1.947894E-5
1.129887E2	-2.386719E-5	-1.987500E-5
1.130887E2	-2.350340E-5	-1.932919E-5
1.131887E2	-2.331235E-5	-1.935624E-5
1.132887E2	-2.333685E-5	-1.989847E-5
1.133887E2	-2.313467E-5	-2.018913E-5
1.134887E2	-2.308064E-5	-2.007128E-5
1.135886E2	-2.364358E-5	-1.971567E-5
1.136886E2	-2.373052E-5	-1.973623E-5
1.137886E2	-2.395444E-5	-1.965176E-5
1.138886E2	-2.400398E-5	-1.938024E-5
1.139886E2	-2.384648E-5	-1.918355E-5
1.140886E2	-2.371970E-5	-1.907831E-5
1.141886E2	-2.349827E-5	-1.920966E-5
1.142886E2	-2.324934E-5	-1.912676E-5
1.143886E2	-2.327337E-5	-1.899400E-5
1.144886E2	-2.208632E-5	-1.775850E-5
1.145885E2	-2.231215E-5	-1.842827E-5
1.146885E2	-2.314036E-5	-1.807841E-5
1.147885E2	-2.340448E-5	-1.776825E-5
1.148885E2	-2.392623E-5	-1.756452E-5
1.149885E2	-2.422305E-5	-1.855862E-5
1.150885E2	-2.403792E-5	-1.896476E-5
1.151885E2	-2.333259E-5	-1.919153E-5
1.152885E2	-2.312287E-5	-1.963546E-5
1.153885E2	-2.309066E-5	-2.030255E-5
1.154885E2	-2.327576E-5	-2.003604E-5
1.155884E2	-2.342650E-5	-1.982085E-5
1.156884E2	-2.294090E-5	-1.963009E-5
1.157884E2	-2.184474E-5	-1.916311E-5
1.158884E2	-2.211984E-5	-1.895739E-5
1.159884E2	-2.229230E-5	-1.884980E-5
1.160884E2	-2.217945E-5	-1.871296E-5
1.161884E2	-2.196412E-5	-1.912969E-5
1.162884E2	-2.240842E-5	-1.965469E-5
1.163884E2	-2.214743E-5	-1.997446E-5
1.164884E2	-2.222300E-5	-2.007139E-5
1.165883E2	-2.291278E-5	-2.009533E-5
1.166883E2	-2.202553E-5	-2.024782E-5
1.167883E2	-2.130239E-5	-2.072991E-5
1.168883E2	-2.101928E-5	-2.098634E-5
1.169883E2	-2.144628E-5	-2.124093E-5
1.170883E2	-2.211592E-5	-2.133252E-5
1.171883E2	-2.190500E-5	-2.133252E-5
1.172883E2	-2.148318E-5	-2.172422E-5
1.173883E2	-2.139278E-5	-2.223644E-5
1.174883E2	-2.112161E-5	-2.199540E-5
1.175882E2	-2.047384E-5	-2.162109E-5
1.176882E2	-2.002190E-5	-2.167929E-5
1.177882E2	-2.025532E-5	-2.184607E-5
1.178882E2	-2.072991E-5	-2.184474E-5
1.179882E2	-2.001700E-5	-2.119621E-5
1.180882E2	-1.996631E-5	-2.106683E-5
1.181882E2	-1.973469E-5	-2.095133E-5
1.182882E2	-1.956144E-5	-2.100205E-5
1.183882E2	-1.928364E-5	-2.091069E-5
1.184882E2	-1.901246E-5	-2.054912E-5
1.185881E2	-1.862076E-5	-2.006703E-5
1.186881E2	-1.828932E-5	-2.018756E-5
1.187881E2	-1.779800E-5	-1.996053E-5
1.188881E2	-1.759530E-5	-1.954107E-5
1.189881E2	-1.747530E-5	-1.933635E-5
1.190881E2	-1.750593E-5	-1.958494E-5
1.191881E2	-1.727353E-5	-1.951667E-5
1.192881E2	-1.748305E-5	-1.960828E-5
1.193881E2	-1.720599E-5	-1.962161E-5
1.194881E2	-1.713046E-5	-1.948753E-5
1.195880E2	-1.738413E-5	-1.947925E-5
1.196880E2	-1.771732E-5	-1.955603E-5
1.197880E2	-1.773974E-5	-1.907204E-5
1.198880E2	-1.750003E-5	-1.925602E-5
1.199880E2	-1.744636E-5	-1.949885E-5
1.200880E2	-1.777461E-5	-1.955169E-5
1.201880E2	-1.748058E-5	-1.984264E-5
1.202880E2	-1.754631E-5	-2.021929E-5
1.203880E2	-1.783537E-5	-2.044108E-5
1.204880E2	-1.796817E-5	-2.048374E-5
1.205879E2	-1.793203E-5	-2.050064E-5
1.206879E2	-1.799299E-5	-2.028282E-5
1.207879E2	-1.798435E-5	-2.042340E-5
1.208879E2	-1.715859E-5	-1.967913E-5
1.209879E2	-1.674028E-5	-1.963928E-5
1.210879E2	-1.635910E-5	-1.919298E-5
1.211879E2	-1.607347E-5	-1.905085E-5
1.212879E2	-1.627394E-5	-1.902885E-5
1.213879E2	-1.624799E-5	-1.959568E-5
1.214879E2	-1.524612E-5	-1.904259E-5
1.215878E2	-1.524612E-5	-1.859063E-5
1.216878E2	-1.555235E-5	-1.829655E-5
1.217878E2	-1.596503E-5	-1.833524E-5
1.218878E2	-1.598695E-5	-1.830693E-5
1.219878E2	-1.521599E-5	-1.871115E-5
1.220878E2	-1.493454E-5	-1.851791E-5
1.221878E2	-1.521599E-5	-1.822906E-5
1.222878E2	-1.470427E-5	-1.820038E-5
1.223878E2	-1.442029E-5	-1.801327E-5
1.224878E2	-1.427032E-5	-1.795661E-5
1.225877E2	-1.443260E-5	-1.759632E-5
1.226877E2	-1.467675E-5	-1.826962E-5
1.227877E2	-1.472247E-5	-1.805176E-5
1.228877E2	-1.398226E-5	-1.811084E-5
1.229877E2	-1.277916E-5	-1.831968E-5
1.230877E2	-1.214266E-5	-1.816880E-5
1.231877E2	-1.282045E-5	-1.803916E-5
1.232877E2	-1.331189E-5	-1.722290E-5
1.233877E2	-1.299011E-5	-1.719474E-5
1.234877E2	-1.269609E-5	-1.700388E-5
1.235876E2	-1.252990E-5	-1.686216E-5
1.236876E2	-1.206974E-5	-1.728747E-5
1.237876E2	-1.211064E-5	-1.683335E-5
1.238876E2	-1.230198E-5	-1.675230E-5
1.239876E2	-1.269318E-5	-1.672032E-5
1.240876E2	-1.245467E-5	-1.658808E-5
1.241876E2	-1.202214E-5	-1.702383E-5
1.242876E2	-1.084912E-5	-1.703498E-5
1.243876E2	-1.042522E-5	-1.681292E-5
1.244876E2	-1.043323E-5	-1.685411E-5
1.245875E2	-1.090731E-5	-1.581861E-5
1.246875E2	-1.126887E-5	-1.590900E-5
1.247875E2	-1.105796E-5	-1.624044E-5
1.248875E2	-1.045535E-5	-1.618018E-5
1.249875E2	-1.043727E-5	-1.559382E-5
1.250875E2	-1.033723E-5	-1.546863E-5
1.251875E2	-9.767822E-6	-1.587062E-5
1.252875E2	-9.755267E-6	-1.573422E-5
1.253875E2	-9.069335E-6	-1.593913E-5
1.254875E2	-9.400772E-6	-1.593913E-5
1.255874E2	-9.649481E-6	-1.622244E-5
1.256874E2	-9.641818E-6	-1.596926E-5
1.257874E2	-9.146037E-6	-1.514280E-5
1.258874E2	-9.189858E-6	-1.497495E-5
1.259874E2	-9.436560E-6	-1.462763E-5
1.260874E2	-9.474252E-6	-1.435130E-5
1.261874E2	-9.238214E-6	-1.432798E-5
1.262874E2	-8.903057E-6	-1.454332E-5
1.263874E2	-9.071277E-6	-1.498140E-5
1.264874E2	-9.151698E-6	-1.502087E-5
1.265873E2	-8.683197E-6	-1.461930E-5
1.266873E2	-8.250101E-6	-1.469742E-5
1.267873E2	-7.984630E-6	-1.509547E-5
1.268873E2	-7.964881E-6	-1.475348E-5
1.269873E2	-7.720131E-6	-1.453432E-5
1.270873E2	-7.244880E-6	-1.510736E-5
1.271873E2	-6.650730E-6	-1.494181E-5
1.272873E2	-6.094589E-6	-1.511471E-5
1.273873E2	-5.524025E-6	-1.439236E-5
1.274873E2	-5.387324E-6	-1.384966E-5
1.275872E2	-6.066224E-6	-1.440074E-5
1.276872E2	-6.499268E-6	-1.388198E-5
1.277872E2	-6.524217E-6	-1.345686E-5
1.278872E2	-6.192221E-6	-1.340562E-5
1.279872E2	-5.851878E-6	-1.335352E-5
1.280872E2	-5.821890E-6	-1.353658E-5
1.281872E2	-5.330330E-6	-1.374155E-5
1.282872E2	-5.430794E-6	-1.332706E-5
1.283872E2	-5.784485E-6	-1.375921E-5
1.284872E2	-5.864489E-6	-1.416845E-5
1.285871E2	-5.724829E-6	-1.422168E-5
1.286871E2	-6.228231E-6	-1.412747E-5
1.287871E2	-6.051500E-6	-1.418171E-5
1.288871E2	-5.821640E-6	-1.452661E-5
1.289871E2	-5.565909E-6	-1.461740E-5
1.290871E2	-4.997636E-6	-1.469049E-5
1.291871E2	-5.365900E-6	-1.482030E-5
1.292871E2	-5.587420E-6	-1.480695E-5
1.293871E2	-5.546706E-6	-1.459831E-5
1.294871E2	-5.787625E-6	-1.462467E-5
1.295870E2	-5.947405E-6	-1.462508E-5
1.296870E2	-5.855444E-6	-1.418994E-5
1.297870E2	-6.146659E-6	-1.379985E-5
1.298870E2	-6.418510E-6	-1.384871E-5
1.299870E2	-6.147426E-6	-1.450797E-5
1.300870E2	-5.437655E-6	-1.460487E-5
1.301870E2	-5.565962E-6	-1.471762E-5
1.302870E2	-5.406492E-6	-1.446836E-5
1.303870E2	-5.472758E-6	-1.438238E-5
1.304870E2	-5.754794E-6	-1.444095E-5
1.305869E2	-5.612140E-6	-1.451416E-5
1.306869E2	-5.414307E-6	-1.473864E-5
1.307869E2	-5.395233E-6	-1.495741E-5
1.308869E2	-5.459802E-6	-1.498176E-5
1.309869E2	-5.146121E-6	-1.486820E-5
1.310869E2	-5.382182E-6	-1.489215E-5
1.311869E2	-5.122216E-6	-1.434220E-5
1.312869E2	-4.670255E-6	-1.392037E-5
