0.000000E0	-6.319456E-6	3.657850E-5
9.999000E-2	-6.413406E-6	3.622000E-5
1.999800E-1	-6.965059E-6	3.619503E-5
2.999700E-1	-6.800908E-6	3.628571E-5
3.999600E-1	-6.839396E-6	3.640528E-5
4.999500E-1	-6.880649E-6	3.628490E-5
5.999400E-1	-7.387131E-6	3.636286E-5
6.999300E-1	-7.365869E-6	3.613865E-5
7.999200E-1	-7.340960E-6	3.566830E-5
8.999100E-1	-7.174448E-6	3.522740E-5
9.999000E-1	-6.957385E-6	3.552502E-5
1.099890E0	-7.148429E-6	3.544645E-5
1.199880E0	-6.724059E-6	3.497838E-5
1.299870E0	-6.118957E-6	3.452800E-5
1.399860E0	-5.738114E-6	3.471752E-5
1.499850E0	-5.826172E-6	3.432320E-5
1.599840E0	-6.085851E-6	3.435679E-5
1.699830E0	-5.966260E-6	3.479008E-5
1.799820E0	-5.963254E-6	3.469347E-5
1.899810E0	-5.918463E-6	3.431374E-5
1.999800E0	-5.587251E-6	3.358312E-5
2.099790E0	-6.036483E-6	3.309957E-5
2.199780E0	-6.066657E-6	3.284401E-5
2.299770E0	-5.822552E-6	3.289831E-5
2.399760E0	-5.193090E-6	3.337313E-5
2.499750E0	-5.556662E-6	3.349207E-5
2.599740E0	-5.515990E-6	3.323391E-5
2.699730E0	-5.142411E-6	3.289381E-5
2.799720E0	-5.083472E-6	3.264400E-5
2.899710E0	-4.538991E-6	3.244490E-5
2.999700E0	-4.500697E-6	3.220357E-5
3.099690E0	-4.945823E-6	3.225994E-5
3.199680E0	-4.911095E-6	3.178614E-5
3.299670E0	-4.878464E-6	3.167878E-5
3.399660E0	-5.398722E-6	3.193462E-5
3.499650E0	-5.632996E-6	3.181900E-5
3.599640E0	-5.176643E-6	3.188883E-5
3.699630E0	-4.890288E-6	3.213449E-5
3.799620E0	-4.873995E-6	3.202479E-5
3.899610E0	-4.707240E-6	3.161684E-5
3.999600E0	-4.443667E-6	3.147617E-5
4.099590E0	-4.231006E-6	3.090025E-5
4.199580E0	-4.078273E-6	3.096769E-5
4.299570E0	-3.910293E-6	3.150316E-5
4.399560E0	-4.245276E-6	3.160250E-5
4.499550E0	-4.236117E-6	3.118125E-5
4.599540E0	-4.230427E-6	3.089653E-5
4.699530E0	-4.622082E-6	3.057462E-5
4.799520E0	-4.879930E-6	3.080269E-5
4.899510E0	-5.073391E-6	3.103546E-5
4.999500E0	-5.297460E-6	3.129712E-5
5.099490E0	-5.506043E-6	3.174902E-5
5.199480E0	-5.587173E-6	3.196316E-5
5.299470E0	-6.254038E-6	3.219173E-5
5.399460E0	-6.613911E-6	3.284840E-5
5.499450E0	-6.816989E-6	3.339975E-5
5.599440E0	-7.314507E-6	3.368556E-5
5.699430E0	-7.502877E-6	3.394534E-5
5.799420E0	-7.507084E-6	3.364454E-5
5.899410E0	-7.206514E-6	3.321866E-5
5.999400E0	-7.165290E-6	3.304470E-5
6.099390E0	-7.004028E-6	3.311100E-5
6.199380E0	-6.768145E-6	3.300242E-5
6.299370E0	-6.988316E-6	3.328847E-5
6.399360E0	-6.898724E-6	3.299761E-5
6.499350E0	-6.875449E-6	3.293368E-5
6.599340E0	-6.582689E-6	3.331176E-5
6.699330E0	-5.634437E-6	3.344506E-5
6.799320E0	-6.037874E-6	3.323893E-5
6.899310E0	-6.619829E-6	3.368615E-5
6.999300E0	-6.509427E-6	3.315418E-5
7.099290E0	-6.364209E-6	3.319086E-5
7.199280E0	-6.136106E-6	3.275485E-5
7.299270E0	-5.967364E-6	3.244783E-5
7.399260E0	-5.109927E-6	3.292458E-5
7.499250E0	-4.924400E-6	3.288557E-5
7.599240E0	-4.549733E-6	3.356558E-5
7.699230E0	-3.947119E-6	3.401754E-5
7.799220E0	-4.338818E-6	3.386688E-5
7.899210E0	-4.399079E-6	3.365597E-5
7.999200E0	-3.826596E-6	3.386688E-5
8.099190E0	-3.868880E-6	3.421860E-5
8.199180E0	-3.707475E-6	3.476210E-5
8.299170E0	-3.423522E-6	3.478843E-5
8.399160E0	-3.286683E-6	3.486777E-5
8.499150E0	-3.375784E-6	3.486184E-5
8.599140E0	-3.219353E-6	3.466303E-5
8.699130E0	-2.819440E-6	3.455870E-5
8.799120E0	-2.406132E-6	3.463317E-5
8.899110E0	-2.219025E-6	3.465318E-5
8.999100E0	-1.925884E-6	3.498927E-5
9.099090E0	-1.608525E-6	3.492034E-5
9.199080E0	-1.863394E-6	3.504749E-5
9.299070E0	-1.975134E-6	3.478599E-5
9.399060E0	-1.887727E-6	3.421329E-5
9.499050E0	-2.199956E-6	3.395094E-5
9.599040E0	-2.338713E-6	3.402602E-5
9.699030E0	-2.151303E-6	3.472033E-5
9.799020E0	-1.911314E-6	3.509687E-5
9.899010E0	-1.746726E-6	3.537628E-5
9.999000E0	-1.754779E-6	3.583047E-5
1.009899E1	-1.646892E-6	3.606375E-5
1.019898E1	-1.688891E-6	3.625203E-5
1.029897E1	-1.938181E-6	3.631377E-5
1.039896E1	-2.081225E-6	3.621328E-5
1.049895E1	-1.906135E-6	3.617813E-5
1.059894E1	-2.201722E-6	3.677201E-5
1.069893E1	-2.031129E-6	3.699009E-5
1.079892E1	-1.772582E-6	3.713335E-5
1.089891E1	-1.585982E-6	3.688662E-5
1.099890E1	-1.408690E-6	3.677550E-5
1.109889E1	-1.367958E-6	3.666949E-5
1.119888E1	-1.482407E-6	3.653935E-5
1.129887E1	-1.463868E-6	3.649767E-5
1.139886E1	-1.205017E-6	3.650383E-5
1.149885E1	-1.240957E-6	3.643884E-5
1.159884E1	-1.451127E-6	3.654703E-5
1.169883E1	-1.328216E-6	3.784918E-5
1.179882E1	-1.552069E-6	3.791210E-5
1.189881E1	-1.285343E-6	3.780767E-5
1.199880E1	-9.985317E-7	3.763503E-5
1.209879E1	-7.876624E-7	3.746759E-5
1.219878E1	-8.542057E-7	3.748759E-5
1.229877E1	-9.203076E-7	3.762620E-5
1.239876E1	-1.137278E-6	3.771491E-5
1.249875E1	-9.628298E-7	3.768118E-5
1.259874E1	-6.372014E-7	3.776054E-5
1.269873E1	-1.747998E-7	3.829551E-5
1.279872E1	-3.155877E-8	3.802069E-5
1.289871E1	3.184491E-7	3.825962E-5
1.299870E1	4.785332E-10	3.824376E-5
1.309869E1	-1.163682E-7	3.799034E-5
1.319868E1	-2.918451E-7	3.735700E-5
1.329867E1	-8.012419E-7	3.723260E-5
1.339866E1	-6.063256E-7	3.717764E-5
1.349865E1	-7.905772E-7	3.655808E-5
1.359864E1	-8.146113E-7	3.628923E-5
1.369863E1	-8.579038E-7	3.649324E-5
1.379862E1	-8.498769E-7	3.643111E-5
1.389861E1	-1.205227E-7	3.591577E-5
1.399860E1	-2.109148E-7	3.585551E-5
1.409859E1	-6.628750E-7	3.531316E-5
1.419858E1	-1.144966E-6	3.516250E-5
1.429857E1	-9.943125E-7	3.558433E-5
1.439856E1	-5.724829E-7	3.558433E-5
1.449855E1	-6.930057E-7	3.543368E-5
1.459854E1	-9.943125E-7	3.516250E-5
1.469853E1	-1.777710E-6	3.462015E-5
1.479852E1	-1.265489E-6	3.477081E-5
1.489851E1	-1.355881E-6	3.474067E-5
1.499850E1	-1.386011E-6	3.555420E-5
1.509849E1	-1.114835E-6	3.531316E-5
1.519848E1	-3.013068E-7	3.519263E-5
1.529847E1	3.314375E-7	3.546381E-5
1.539846E1	-2.410454E-7	3.519263E-5
1.549845E1	-4.218295E-7	3.465028E-5
1.559844E1	-7.532670E-7	3.425858E-5
1.569843E1	-7.532670E-7	3.428871E-5
1.579842E1	-1.074632E-6	3.431311E-5
1.589841E1	-8.661123E-7	3.423169E-5
1.599840E1	-9.685170E-7	3.419004E-5
1.609839E1	-1.717449E-6	3.422845E-5
1.619838E1	-1.958494E-6	3.410793E-5
1.629837E1	-1.973384E-6	3.396521E-5
1.639836E1	-1.755121E-6	3.382709E-5
1.649835E1	-1.957136E-6	3.429853E-5
1.659834E1	-2.177856E-6	3.339904E-5
1.669833E1	-2.183708E-6	3.328559E-5
1.679832E1	-2.156007E-6	3.304885E-5
1.689831E1	-1.757269E-6	3.276259E-5
1.699830E1	-1.777682E-6	3.259131E-5
1.709829E1	-1.681448E-6	3.235640E-5
1.719828E1	-1.886313E-6	3.186948E-5
1.729827E1	-9.039204E-7	3.175774E-5
1.739826E1	-9.464519E-7	3.213119E-5
1.749825E1	-1.492533E-6	3.207010E-5
1.759824E1	-1.322097E-6	3.186015E-5
1.769823E1	-1.339611E-6	3.161744E-5
1.779822E1	-1.173191E-6	3.156173E-5
1.789821E1	-1.367604E-6	3.131956E-5
1.799820E1	-1.156549E-6	3.033746E-5
1.809819E1	-1.209674E-6	3.008228E-5
1.819818E1	-1.338408E-6	3.033782E-5
1.829817E1	-1.214521E-6	3.084529E-5
1.839816E1	-1.246044E-6	3.089495E-5
1.849815E1	-1.202952E-6	3.060562E-5
1.859814E1	-1.216338E-6	3.038521E-5
1.869813E1	-9.667578E-7	3.002636E-5
1.879812E1	-6.532493E-7	2.993968E-5
1.889811E1	-7.866842E-7	3.024815E-5
1.899810E1	-7.023371E-7	3.022671E-5
1.909809E1	-1.726854E-8	2.981870E-5
1.919808E1	6.762427E-7	2.934420E-5
1.929807E1	5.193264E-7	2.913413E-5
1.939806E1	5.572695E-7	2.937590E-5
1.949805E1	2.392483E-7	2.954861E-5
1.959804E1	2.669332E-7	2.991424E-5
1.969803E1	7.585970E-7	3.049700E-5
1.979802E1	7.447274E-7	3.052435E-5
1.989801E1	8.135284E-7	3.022107E-5
1.999800E1	1.355881E-6	2.998003E-5
2.009799E1	1.958494E-6	2.958833E-5
2.019798E1	2.259801E-6	2.898571E-5
2.029797E1	2.016046E-6	2.880434E-5
2.039796E1	1.615297E-6	2.802221E-5
2.049795E1	1.366506E-6	2.806349E-5
2.059794E1	1.642675E-6	2.746238E-5
2.069793E1	1.777710E-6	2.775036E-5
2.079792E1	1.546134E-6	2.832407E-5
2.089791E1	1.901644E-6	2.805617E-5
2.099790E1	1.839559E-6	2.876959E-5
2.109789E1	1.860754E-6	2.829488E-5
2.119788E1	2.030609E-6	2.802305E-5
2.129787E1	2.091740E-6	2.739799E-5
2.139786E1	3.137445E-6	2.700822E-5
2.149785E1	3.010099E-6	2.681301E-5
2.159784E1	2.962196E-6	2.656936E-5
2.169783E1	2.657609E-6	2.647183E-5
2.179782E1	2.773564E-6	2.662786E-5
2.189781E1	3.042857E-6	2.663880E-5
2.199780E1	2.731608E-6	2.721535E-5
2.209779E1	2.547973E-6	2.724456E-5
2.219778E1	1.873753E-6	2.710334E-5
2.229777E1	1.789998E-6	2.678811E-5
2.239776E1	1.286252E-6	2.651984E-5
2.249775E1	1.088345E-6	2.660941E-5
2.259774E1	5.513116E-7	2.722751E-5
2.269773E1	6.211461E-7	2.738183E-5
2.279772E1	5.540060E-7	2.741895E-5
2.289771E1	1.023387E-6	2.752306E-5
2.299770E1	1.057551E-6	2.767251E-5
2.309769E1	1.013801E-6	2.746817E-5
2.319768E1	8.169333E-7	2.732782E-5
2.329767E1	1.026450E-6	2.718526E-5
2.339766E1	2.133448E-6	2.675849E-5
2.349765E1	2.054609E-6	2.639514E-5
2.359764E1	1.886759E-6	2.661838E-5
2.369763E1	2.077252E-6	2.657386E-5
2.379762E1	2.021635E-6	2.636893E-5
2.389761E1	2.025809E-6	2.619110E-5
2.399760E1	2.020532E-6	2.688215E-5
2.409759E1	2.057638E-6	2.642767E-5
2.419758E1	2.013298E-6	2.645553E-5
2.429757E1	2.202311E-6	2.620817E-5
2.439756E1	1.895360E-6	2.604830E-5
2.449755E1	1.498459E-6	2.610171E-5
2.459754E1	1.309762E-6	2.586935E-5
2.469753E1	1.225294E-6	2.559265E-5
2.479752E1	1.191469E-6	2.496719E-5
2.489751E1	1.252070E-6	2.439641E-5
2.499750E1	1.972905E-6	2.441349E-5
2.509749E1	1.586952E-6	2.400126E-5
2.519748E1	1.845660E-6	2.356932E-5
2.529747E1	2.103736E-6	2.406884E-5
2.539746E1	2.139790E-6	2.421201E-5
2.549745E1	2.296845E-6	2.392653E-5
2.559744E1	2.258072E-6	2.400557E-5
2.569743E1	2.007014E-6	2.372091E-5
2.579742E1	2.289284E-6	2.346179E-5
2.589741E1	2.186394E-6	2.363913E-5
2.599740E1	2.350366E-6	2.367791E-5
2.609739E1	2.674398E-6	2.364303E-5
2.619738E1	2.858107E-6	2.337101E-5
2.629737E1	3.084009E-6	2.334841E-5
2.639736E1	2.859803E-6	2.355337E-5
2.649735E1	2.773850E-6	2.357337E-5
2.659734E1	2.479663E-6	2.381469E-5
2.669733E1	2.627278E-6	2.386505E-5
2.679732E1	2.991901E-6	2.376607E-5
2.689731E1	2.870517E-6	2.374427E-5
2.699730E1	2.628358E-6	2.407830E-5
2.709729E1	2.977806E-6	2.404756E-5
2.719728E1	2.903509E-6	2.424031E-5
2.729727E1	2.620448E-6	2.450353E-5
2.739726E1	2.588095E-6	2.421293E-5
2.749725E1	2.383492E-6	2.367940E-5
2.759724E1	2.274720E-6	2.351131E-5
2.769723E1	2.339677E-6	2.347536E-5
2.779722E1	2.115309E-6	2.347332E-5
2.789721E1	2.001242E-6	2.319540E-5
2.799720E1	1.777710E-6	2.371285E-5
2.809719E1	2.048886E-6	2.332115E-5
2.819718E1	2.199540E-6	2.320062E-5
2.829717E1	1.506534E-6	2.317049E-5
2.839716E1	2.169409E-6	2.341154E-5
2.849715E1	2.440585E-6	2.298971E-5
2.859714E1	2.470716E-6	2.283906E-5
2.869713E1	2.018756E-6	2.286919E-5
2.879712E1	2.711761E-6	2.368271E-5
2.889711E1	3.254113E-6	2.377311E-5
2.899710E1	2.802153E-6	2.389363E-5
2.909709E1	3.163721E-6	2.422507E-5
2.919708E1	3.525290E-6	2.443598E-5
2.929707E1	3.826596E-6	2.482768E-5
2.939706E1	4.188165E-6	2.437572E-5
2.949705E1	4.067642E-6	2.389363E-5
2.959704E1	4.188165E-6	2.335128E-5
2.969703E1	3.766335E-6	2.347180E-5
2.979702E1	4.067642E-6	2.395389E-5
2.989701E1	4.338818E-6	2.395389E-5
2.999700E1	4.335124E-6	2.363154E-5
3.009699E1	4.329512E-6	2.342659E-5
3.019698E1	4.687163E-6	2.322989E-5
3.029697E1	5.175240E-6	2.269247E-5
3.039696E1	5.143778E-6	2.291063E-5
3.049695E1	4.985730E-6	2.299884E-5
3.059694E1	5.044642E-6	2.324194E-5
3.069693E1	5.234762E-6	2.309833E-5
3.079692E1	5.296138E-6	2.309336E-5
3.089691E1	5.382952E-6	2.337812E-5
3.099690E1	5.793239E-6	2.366790E-5
3.109689E1	5.670461E-6	2.320341E-5
3.119688E1	5.385181E-6	2.319279E-5
3.129687E1	5.568404E-6	2.319032E-5
3.139686E1	5.405852E-6	2.317767E-5
3.149685E1	4.928877E-6	2.331254E-5
3.159684E1	4.833168E-6	2.306033E-5
3.169683E1	4.831077E-6	2.338148E-5
3.179682E1	4.652457E-6	2.335275E-5
3.189681E1	4.567554E-6	2.367966E-5
3.199680E1	4.683780E-6	2.367912E-5
3.209679E1	4.344120E-6	2.365914E-5
3.219678E1	4.340006E-6	2.356813E-5
3.229677E1	4.350831E-6	2.345327E-5
3.239676E1	4.522697E-6	2.377529E-5
3.249675E1	4.797079E-6	2.388126E-5
3.259674E1	4.275476E-6	2.442810E-5
3.269673E1	4.314726E-6	2.432317E-5
3.279672E1	4.162884E-6	2.455636E-5
3.289671E1	3.992099E-6	2.450512E-5
3.299670E1	3.655365E-6	2.491361E-5
3.309669E1	3.485938E-6	2.550105E-5
3.319668E1	3.260944E-6	2.643098E-5
3.329667E1	3.228227E-6	2.711923E-5
3.339666E1	2.917237E-6	2.688937E-5
3.349665E1	2.830991E-6	2.624181E-5
3.359664E1	3.277908E-6	2.620961E-5
3.369663E1	3.472955E-6	2.627006E-5
3.379662E1	3.818035E-6	2.630827E-5
3.389661E1	4.313308E-6	2.654379E-5
3.399660E1	4.424058E-6	2.719988E-5
3.409659E1	4.669414E-6	2.731168E-5
3.419658E1	4.905788E-6	2.761439E-5
3.429657E1	5.016108E-6	2.795856E-5
3.439656E1	5.624099E-6	2.781288E-5
3.449655E1	6.013488E-6	2.756221E-5
3.459654E1	5.842920E-6	2.753790E-5
3.469653E1	5.880726E-6	2.754295E-5
3.479652E1	5.934397E-6	2.725945E-5
3.489651E1	6.154765E-6	2.704421E-5
3.499650E1	6.765366E-6	2.667780E-5
3.509649E1	7.291903E-6	2.637698E-5
3.519648E1	7.450781E-6	2.619979E-5
3.529647E1	7.557211E-6	2.638985E-5
3.539646E1	7.445164E-6	2.701138E-5
3.549645E1	7.429644E-6	2.698372E-5
3.559644E1	7.337318E-6	2.644615E-5
3.569643E1	6.864933E-6	2.659527E-5
3.579642E1	7.098186E-6	2.683062E-5
3.589641E1	7.305768E-6	2.730496E-5
3.599640E1	7.564395E-6	2.730956E-5
3.609639E1	7.191118E-6	2.706091E-5
3.619638E1	6.688999E-6	2.687609E-5
3.629637E1	6.614833E-6	2.707685E-5
3.639636E1	6.457769E-6	2.708689E-5
3.649635E1	6.621648E-6	2.644125E-5
3.659634E1	6.460782E-6	2.618990E-5
3.669633E1	6.410593E-6	2.604902E-5
3.679632E1	6.348756E-6	2.620409E-5
3.689631E1	5.977977E-6	2.637405E-5
3.699630E1	5.922791E-6	2.629205E-5
3.709629E1	5.973085E-6	2.650514E-5
3.719628E1	5.600339E-6	2.646861E-5
3.729627E1	5.301490E-6	2.679443E-5
3.739626E1	5.544004E-6	2.692591E-5
3.749625E1	5.543920E-6	2.632699E-5
3.759624E1	5.899539E-6	2.603929E-5
3.769623E1	5.880687E-6	2.569318E-5
3.779622E1	5.645851E-6	2.557370E-5
3.789621E1	5.785325E-6	2.580693E-5
3.799620E1	6.271722E-6	2.555106E-5
3.809619E1	6.015450E-6	2.524348E-5
3.819618E1	6.114570E-6	2.524283E-5
3.829617E1	5.897198E-6	2.534035E-5
3.839616E1	5.386670E-6	2.557698E-5
3.849615E1	5.369221E-6	2.566577E-5
3.859614E1	5.850531E-6	2.587665E-5
3.869613E1	6.546426E-6	2.577799E-5
3.879612E1	6.869206E-6	2.560774E-5
3.889611E1	6.848933E-6	2.588862E-5
3.899610E1	6.515638E-6	2.608139E-5
3.909609E1	6.334519E-6	2.636524E-5
3.919608E1	6.310037E-6	2.626905E-5
3.929607E1	6.377405E-6	2.622648E-5
3.939606E1	6.249121E-6	2.654117E-5
3.949605E1	6.477028E-6	2.665714E-5
3.959604E1	6.070660E-6	2.649589E-5
3.969603E1	6.642334E-6	2.652864E-5
3.979602E1	6.220083E-6	2.656841E-5
3.989601E1	6.212468E-6	2.645687E-5
3.999600E1	6.477607E-6	2.616983E-5
4.009599E1	6.355282E-6	2.610103E-5
4.019598E1	6.601558E-6	2.606088E-5
4.029597E1	7.138583E-6	2.606053E-5
4.039596E1	7.215147E-6	2.611158E-5
4.049595E1	6.971605E-6	2.641648E-5
4.059594E1	7.077804E-6	2.620865E-5
4.069593E1	7.169718E-6	2.613062E-5
4.079592E1	7.088201E-6	2.593190E-5
4.089591E1	6.875810E-6	2.592085E-5
4.099590E1	6.573842E-6	2.587783E-5
4.109589E1	7.062678E-6	2.545719E-5
4.119588E1	6.699118E-6	2.537285E-5
4.129587E1	6.518675E-6	2.535585E-5
4.139586E1	6.984826E-6	2.544570E-5
4.149585E1	7.380004E-6	2.489446E-5
4.159584E1	7.497094E-6	2.413579E-5
4.169583E1	7.930235E-6	2.371820E-5
4.179582E1	7.688644E-6	2.401395E-5
4.189581E1	7.445609E-6	2.402133E-5
4.199580E1	7.079225E-6	2.428999E-5
4.209579E1	6.893173E-6	2.488683E-5
4.219578E1	6.875136E-6	2.475570E-5
4.229577E1	7.254198E-6	2.532099E-5
4.239576E1	7.384854E-6	2.489513E-5
4.249575E1	7.964374E-6	2.484766E-5
4.259574E1	8.178464E-6	2.512009E-5
4.269573E1	8.362065E-6	2.526251E-5
4.279572E1	8.654919E-6	2.489170E-5
4.289571E1	8.609767E-6	2.420671E-5
4.299570E1	8.355597E-6	2.407627E-5
4.309569E1	7.960187E-6	2.403253E-5
4.319568E1	7.748140E-6	2.395553E-5
4.329567E1	8.054351E-6	2.407211E-5
4.339566E1	8.123898E-6	2.420406E-5
4.349565E1	8.084141E-6	2.452207E-5
4.359564E1	7.767788E-6	2.468909E-5
4.369563E1	8.113847E-6	2.433071E-5
4.379562E1	7.509232E-6	2.451409E-5
4.389561E1	7.989809E-6	2.453656E-5
4.399560E1	8.406291E-6	2.469489E-5
4.409559E1	8.297032E-6	2.528633E-5
4.419558E1	8.066630E-6	2.511037E-5
4.429557E1	7.695176E-6	2.440846E-5
4.439556E1	7.345881E-6	2.436647E-5
4.449555E1	7.141163E-6	2.469037E-5
4.459554E1	6.656630E-6	2.439959E-5
4.469553E1	6.356111E-6	2.445754E-5
4.479552E1	6.134368E-6	2.437405E-5
4.489551E1	6.330082E-6	2.396292E-5
4.499550E1	6.838156E-6	2.388398E-5
4.509549E1	7.075333E-6	2.357969E-5
4.519548E1	7.060589E-6	2.387316E-5
4.529547E1	7.268571E-6	2.382708E-5
4.539546E1	6.971238E-6	2.377932E-5
4.549545E1	6.760128E-6	2.356779E-5
4.559544E1	6.155074E-6	2.309352E-5
4.569543E1	6.386950E-6	2.351548E-5
4.579542E1	6.229989E-6	2.347189E-5
4.589541E1	6.150812E-6	2.298929E-5
4.599540E1	6.465222E-6	2.250949E-5
4.609539E1	6.725646E-6	2.225489E-5
4.619538E1	6.852867E-6	2.209949E-5
4.629537E1	6.819259E-6	2.191028E-5
4.639536E1	6.955342E-6	2.176379E-5
4.649535E1	6.677648E-6	2.130377E-5
4.659534E1	6.481552E-6	2.083291E-5
4.669533E1	6.134250E-6	2.053522E-5
4.679532E1	5.752791E-6	2.009393E-5
4.689531E1	5.531851E-6	2.046870E-5
4.699530E1	5.838444E-6	2.072674E-5
4.709529E1	5.966191E-6	2.082064E-5
4.719528E1	6.121736E-6	2.017752E-5
4.729527E1	6.031016E-6	1.982969E-5
4.739526E1	6.139687E-6	1.984131E-5
4.749525E1	6.199889E-6	2.031751E-5
4.759524E1	5.513872E-6	2.033579E-5
4.769523E1	5.321813E-6	2.031541E-5
4.779522E1	4.817344E-6	2.033199E-5
4.789521E1	5.252512E-6	2.011553E-5
4.799520E1	5.291394E-6	1.958956E-5
4.809519E1	5.059752E-6	1.908892E-5
4.819518E1	5.215615E-6	1.879050E-5
4.829517E1	5.797576E-6	1.835526E-5
4.839516E1	5.498499E-6	1.817066E-5
4.849515E1	5.666341E-6	1.775042E-5
4.859514E1	5.757511E-6	1.761595E-5
4.869513E1	5.023945E-6	1.791000E-5
4.879512E1	5.016185E-6	1.816783E-5
4.889511E1	5.264275E-6	1.850270E-5
4.899510E1	5.495530E-6	1.862192E-5
4.909509E1	5.705552E-6	1.854377E-5
4.919508E1	5.723687E-6	1.887370E-5
4.929507E1	5.624495E-6	1.955607E-5
4.939506E1	5.910902E-6	1.981754E-5
4.949505E1	6.224527E-6	1.973052E-5
4.959504E1	6.662009E-6	1.948424E-5
4.969503E1	6.731050E-6	1.934756E-5
4.979502E1	6.723968E-6	1.958146E-5
4.989501E1	7.071772E-6	1.969470E-5
4.999500E1	7.516392E-6	1.978561E-5
5.009499E1	8.018815E-6	1.928691E-5
5.019498E1	8.080196E-6	1.902573E-5
5.029497E1	8.381619E-6	1.943640E-5
5.039496E1	8.491842E-6	1.963921E-5
5.049495E1	8.680180E-6	1.910589E-5
5.059494E1	8.764106E-6	1.801791E-5
5.069493E1	8.778283E-6	1.781089E-5
5.079492E1	9.357565E-6	1.787504E-5
5.089491E1	9.633540E-6	1.771220E-5
5.099490E1	9.992798E-6	1.785758E-5
5.109489E1	1.022382E-5	1.787507E-5
5.119488E1	1.034187E-5	1.759445E-5
5.129487E1	1.053158E-5	1.750123E-5
5.139486E1	1.125150E-5	1.750994E-5
5.149485E1	1.177744E-5	1.768265E-5
5.159484E1	1.205652E-5	1.744117E-5
5.169483E1	1.254498E-5	1.738309E-5
5.179482E1	1.280090E-5	1.720432E-5
5.189481E1	1.271593E-5	1.735454E-5
5.199480E1	1.303517E-5	1.722759E-5
5.209479E1	1.321589E-5	1.685207E-5
5.219478E1	1.325451E-5	1.656762E-5
5.229477E1	1.286398E-5	1.637452E-5
5.239476E1	1.265489E-5	1.575835E-5
5.249475E1	1.265489E-5	1.654174E-5
5.259474E1	1.277541E-5	1.636096E-5
5.269473E1	1.382998E-5	1.723475E-5
5.279472E1	1.373959E-5	1.720462E-5
5.289471E1	1.313698E-5	1.753606E-5
5.299470E1	1.351257E-5	1.675568E-5
5.309469E1	1.363122E-5	1.712028E-5
5.319468E1	1.349854E-5	1.771684E-5
5.329467E1	1.316711E-5	1.765658E-5
5.339466E1	1.271515E-5	1.795789E-5
5.349465E1	1.214266E-5	1.786749E-5
5.359464E1	1.259462E-5	1.735527E-5
5.369463E1	1.316711E-5	1.663214E-5
5.379462E1	1.292606E-5	1.587887E-5
5.389461E1	1.289593E-5	1.581861E-5
5.399460E1	1.277541E-5	1.602952E-5
5.409459E1	1.259462E-5	1.611991E-5
5.419458E1	1.283567E-5	1.569808E-5
5.429457E1	1.313698E-5	1.533652E-5
5.439456E1	1.391925E-5	1.559616E-5
5.449455E1	1.337802E-5	1.515573E-5
5.459454E1	1.271515E-5	1.473390E-5
5.469453E1	1.325750E-5	1.518586E-5
5.479452E1	1.361907E-5	1.497495E-5
5.489451E1	1.386011E-5	1.470377E-5
5.499450E1	1.322737E-5	1.476403E-5
5.509449E1	1.313698E-5	1.455312E-5
5.519448E1	1.253436E-5	1.455312E-5
5.529447E1	1.310685E-5	1.434220E-5
5.539446E1	1.319724E-5	1.413129E-5
5.549445E1	1.244397E-5	1.443260E-5
5.559444E1	1.169070E-5	1.467364E-5
5.569443E1	1.199201E-5	1.512560E-5
5.579442E1	1.199201E-5	1.473390E-5
5.589441E1	1.166057E-5	1.473390E-5
5.599440E1	1.147979E-5	1.467364E-5
5.609439E1	1.187149E-5	1.479416E-5
5.619438E1	1.163044E-5	1.449286E-5
5.629437E1	1.199201E-5	1.370946E-5
5.639436E1	1.150992E-5	1.404090E-5
5.649435E1	1.235358E-5	1.410116E-5
5.659434E1	1.172083E-5	1.352868E-5
5.669433E1	1.190162E-5	1.355881E-5
5.679432E1	1.232345E-5	1.322737E-5
5.689431E1	1.238371E-5	1.322737E-5
5.699430E1	1.223306E-5	1.313698E-5
5.709429E1	1.235358E-5	1.280554E-5
5.719428E1	1.277541E-5	1.244397E-5
5.729427E1	1.295619E-5	1.244397E-5
5.739426E1	1.259462E-5	1.220293E-5
5.749425E1	1.355881E-5	1.138940E-5
5.759424E1	1.373959E-5	1.141953E-5
5.769423E1	1.346841E-5	1.184136E-5
5.779422E1	1.343828E-5	1.160031E-5
5.789421E1	1.416142E-5	1.105796E-5
5.799420E1	1.452299E-5	1.144966E-5
5.809419E1	1.521599E-5	1.166057E-5
5.819418E1	1.458325E-5	1.144966E-5
5.829417E1	1.446273E-5	1.135927E-5
5.839416E1	1.401077E-5	1.111822E-5
5.849415E1	1.349854E-5	1.072652E-5
5.859414E1	1.407103E-5	1.033482E-5
5.869413E1	1.373959E-5	9.611687E-6
5.879412E1	1.343828E-5	9.370642E-6
5.889411E1	1.370946E-5	9.973255E-6
5.899410E1	1.325750E-5	1.081691E-5
5.909409E1	1.280554E-5	1.045535E-5
5.919408E1	1.256449E-5	1.021430E-5
5.929407E1	1.305162E-5	9.817124E-6
5.939406E1	1.299773E-5	9.189273E-6
5.949405E1	1.234684E-5	8.833884E-6
5.959404E1	1.273560E-5	8.849691E-6
5.969403E1	1.232920E-5	7.947309E-6
5.979402E1	1.242099E-5	7.381175E-6
5.989401E1	1.217118E-5	6.899591E-6
5.999400E1	1.236168E-5	6.931616E-6
6.009399E1	1.191824E-5	6.649936E-6
6.019398E1	1.149916E-5	6.550594E-6
6.029397E1	1.140172E-5	6.325069E-6
6.039396E1	1.150455E-5	5.830040E-6
6.049395E1	1.216491E-5	5.426663E-6
6.059394E1	1.204390E-5	4.819233E-6
6.069393E1	1.232334E-5	4.736154E-6
6.079392E1	1.271271E-5	4.675566E-6
6.089391E1	1.395051E-5	3.796466E-6
6.099390E1	1.369514E-5	3.289003E-6
6.109389E1	1.358894E-5	2.741892E-6
6.119388E1	1.365195E-5	2.344103E-6
6.129387E1	1.346242E-5	1.718076E-6
6.139386E1	1.300145E-5	1.398956E-6
6.149385E1	1.265489E-5	1.476403E-6
6.159384E1	1.226804E-5	1.652444E-6
6.169383E1	1.200049E-5	1.737586E-6
6.179382E1	1.222705E-5	1.881492E-6
6.189381E1	1.196188E-5	2.591239E-6
6.199380E1	1.151552E-5	2.451484E-6
6.209379E1	1.173340E-5	2.054237E-6
6.219378E1	1.184136E-5	1.657187E-6
6.229377E1	1.238074E-5	8.866998E-7
6.239376E1	1.217285E-5	6.746978E-7
6.249375E1	1.166144E-5	7.117496E-7
6.259374E1	1.155393E-5	3.892060E-7
6.269373E1	1.103808E-5	4.269362E-7
6.279372E1	1.082472E-5	2.397109E-7
6.289371E1	1.084161E-5	-2.646097E-7
6.299370E1	1.035563E-5	-8.503696E-7
6.309369E1	1.045521E-5	-1.270777E-6
6.319368E1	1.059590E-5	-2.013559E-6
6.329367E1	1.063906E-5	-1.544682E-6
6.339366E1	1.111419E-5	-1.022415E-6
6.349365E1	1.181123E-5	-1.506534E-7
6.359364E1	1.199578E-5	-3.091070E-7
6.369363E1	1.222926E-5	-4.316028E-7
6.379362E1	1.280554E-5	3.314375E-7
6.389361E1	1.275149E-5	1.833453E-7
6.399360E1	1.203471E-5	4.461115E-7
6.409359E1	1.175097E-5	3.314375E-7
6.419358E1	1.199784E-5	-4.522024E-7
6.429357E1	1.215934E-5	-8.428496E-7
6.439356E1	1.239679E-5	-9.432341E-7
6.449355E1	1.272727E-5	-1.193450E-6
6.459354E1	1.268850E-5	-1.517618E-6
6.469353E1	1.272755E-5	-1.065599E-6
6.479352E1	1.290058E-5	-1.026474E-6
6.489351E1	1.302511E-5	-1.028032E-6
6.499350E1	1.310015E-5	-8.873663E-7
6.509349E1	1.331845E-5	-4.344864E-7
6.519348E1	1.308300E-5	-7.191539E-7
6.529347E1	1.297151E-5	-6.132276E-7
6.539346E1	1.383468E-5	-8.718838E-8
6.549345E1	1.349429E-5	-1.750377E-7
6.559344E1	1.350688E-5	-4.636171E-7
6.569343E1	1.356742E-5	-7.112746E-7
6.579342E1	1.356622E-5	-4.502477E-7
6.589341E1	1.391583E-5	-3.022217E-7
6.599340E1	1.382972E-5	-1.037155E-6
6.609339E1	1.380855E-5	-1.467632E-6
6.619338E1	1.353828E-5	-1.591936E-6
6.629337E1	1.352868E-5	-2.018756E-6
6.639336E1	1.322158E-5	-2.978368E-6
6.649335E1	1.334789E-5	-2.802153E-6
6.659334E1	1.294766E-5	-3.737521E-6
6.669333E1	1.327254E-5	-3.748394E-6
6.679332E1	1.393427E-5	-3.865932E-6
6.689331E1	1.464351E-5	-3.766335E-6
6.699330E1	1.503521E-5	-3.465028E-6
6.709329E1	1.482429E-5	-3.344506E-6
6.719328E1	1.401077E-5	-2.922676E-6
6.729327E1	1.425181E-5	-2.139278E-6
6.739326E1	1.439159E-5	-1.817726E-6
6.749325E1	1.491589E-5	-1.905982E-6
6.759324E1	1.487186E-5	-3.012282E-6
6.769323E1	1.566795E-5	-3.404767E-6
6.779322E1	1.572822E-5	-3.404767E-6
6.789321E1	1.572822E-5	-3.465028E-6
6.799320E1	1.566795E-5	-4.127903E-6
6.809319E1	1.569808E-5	-4.368949E-6
6.819318E1	1.530639E-5	-4.579863E-6
6.829317E1	1.437976E-5	-4.850711E-6
6.839316E1	1.491469E-5	-4.429210E-6
6.849315E1	1.437233E-5	-4.218295E-6
6.859314E1	1.464351E-5	-4.911301E-6
6.869313E1	1.470377E-5	-5.604307E-6
6.879312E1	1.473390E-5	-5.453653E-6
6.889311E1	1.485471E-5	-5.582782E-6
6.899310E1	1.482720E-5	-5.632022E-6
6.909309E1	1.475154E-5	-5.687024E-6
6.919308E1	1.489145E-5	-6.121690E-6
6.929307E1	1.470377E-5	-6.267182E-6
6.939306E1	1.518586E-5	-6.598619E-6
6.949305E1	1.534040E-5	-6.948478E-6
6.959304E1	1.518586E-5	-7.321755E-6
6.969303E1	1.527758E-5	-7.268256E-6
6.979302E1	1.548717E-5	-7.683324E-6
6.989301E1	1.555549E-5	-7.750336E-6
6.999300E1	1.554626E-5	-8.009543E-6
7.009299E1	1.536007E-5	-7.936568E-6
7.019298E1	1.478646E-5	-7.622889E-6
7.029297E1	1.485443E-5	-7.653193E-6
7.039296E1	1.566795E-5	-7.201233E-6
7.049295E1	1.672253E-5	-7.382017E-6
7.059294E1	1.684305E-5	-7.080710E-6
7.069293E1	1.684305E-5	-7.351886E-6
7.079292E1	1.636096E-5	-6.960187E-6
7.089291E1	1.608978E-5	-7.171102E-6
7.099290E1	1.672253E-5	-7.532670E-6
7.109289E1	1.654174E-5	-7.623062E-6
7.119288E1	1.651161E-5	-7.683324E-6
7.129287E1	1.687318E-5	-8.225676E-6
7.139286E1	1.668142E-5	-9.007598E-6
7.149285E1	1.723475E-5	-9.581556E-6
7.159284E1	1.720462E-5	-9.430903E-6
7.169283E1	1.729501E-5	-8.948812E-6
7.179282E1	1.726488E-5	-9.882863E-6
7.189281E1	1.705397E-5	-1.018417E-5
7.199280E1	1.735527E-5	-1.054574E-5
7.209279E1	1.735527E-5	-1.057587E-5
7.219278E1	1.681292E-5	-1.000339E-5
7.229277E1	1.657187E-5	-1.015404E-5
7.239276E1	1.657187E-5	-9.491164E-6
7.249275E1	1.651161E-5	-9.250119E-6
7.259274E1	1.618018E-5	-9.189858E-6
7.269273E1	1.690331E-5	-1.000339E-5
7.279272E1	1.702383E-5	-1.039508E-5
7.289271E1	1.590900E-5	-1.051561E-5
7.299270E1	1.611991E-5	-9.973255E-6
7.309269E1	1.596926E-5	-1.015404E-5
7.319268E1	1.560769E-5	-1.096757E-5
7.329267E1	1.636096E-5	-1.117848E-5
7.339266E1	1.630070E-5	-1.166057E-5
7.349265E1	1.666227E-5	-1.172083E-5
7.359264E1	1.684918E-5	-1.222213E-5
7.369263E1	1.667555E-5	-1.217486E-5
7.379262E1	1.644650E-5	-1.193250E-5
7.389261E1	1.634259E-5	-1.169315E-5
7.399260E1	1.595299E-5	-1.177897E-5
7.409259E1	1.565285E-5	-1.180046E-5
7.419258E1	1.568674E-5	-1.220809E-5
7.429257E1	1.570125E-5	-1.219104E-5
7.439256E1	1.567068E-5	-1.181794E-5
7.449255E1	1.557756E-5	-1.187149E-5
7.459254E1	1.506534E-5	-1.181123E-5
7.469253E1	1.502985E-5	-1.202891E-5
7.479252E1	1.498790E-5	-1.206295E-5
7.489251E1	1.500002E-5	-1.228574E-5
7.499250E1	1.523576E-5	-1.226052E-5
7.509249E1	1.565972E-5	-1.221941E-5
7.519248E1	1.615820E-5	-1.223012E-5
7.529247E1	1.709745E-5	-1.238268E-5
7.539246E1	1.697779E-5	-1.318529E-5
7.549245E1	1.701417E-5	-1.341581E-5
7.559244E1	1.777469E-5	-1.321998E-5
7.569243E1	1.842900E-5	-1.261411E-5
7.579242E1	1.848338E-5	-1.272120E-5
7.589241E1	1.852946E-5	-1.276699E-5
7.599240E1	1.861984E-5	-1.298058E-5
7.609239E1	1.855880E-5	-1.298423E-5
7.619238E1	1.818258E-5	-1.241266E-5
7.629237E1	1.772727E-5	-1.267036E-5
7.639236E1	1.819595E-5	-1.288445E-5
7.649235E1	1.850024E-5	-1.271515E-5
7.659234E1	1.783282E-5	-1.271762E-5
7.669233E1	1.762645E-5	-1.289593E-5
7.679232E1	1.774697E-5	-1.292606E-5
7.689231E1	1.777710E-5	-1.319724E-5
7.699230E1	1.786749E-5	-1.337802E-5
7.709229E1	1.859063E-5	-1.340815E-5
7.719228E1	1.804828E-5	-1.334789E-5
7.729227E1	1.792775E-5	-1.334789E-5
7.739226E1	1.786749E-5	-1.286580E-5
7.749225E1	1.741553E-5	-1.316711E-5
7.759224E1	1.750620E-5	-1.343446E-5
7.769223E1	1.811119E-5	-1.341116E-5
7.779222E1	1.862142E-5	-1.317840E-5
7.789221E1	1.868178E-5	-1.308559E-5
7.799220E1	1.862215E-5	-1.335584E-5
7.809219E1	1.850988E-5	-1.353324E-5
7.819218E1	1.832862E-5	-1.363719E-5
7.829217E1	1.865665E-5	-1.368024E-5
7.839216E1	1.869034E-5	-1.433719E-5
7.849215E1	1.891343E-5	-1.418332E-5
7.859214E1	1.891166E-5	-1.365213E-5
7.869213E1	1.917107E-5	-1.332465E-5
7.879212E1	1.924661E-5	-1.332363E-5
7.889211E1	1.875838E-5	-1.294594E-5
7.899210E1	1.886616E-5	-1.288600E-5
7.909209E1	1.923982E-5	-1.332380E-5
7.919208E1	1.983671E-5	-1.346204E-5
7.929207E1	2.042876E-5	-1.344791E-5
7.939206E1	2.065005E-5	-1.367318E-5
7.949205E1	2.102002E-5	-1.339714E-5
7.959204E1	2.121217E-5	-1.343409E-5
7.969203E1	2.171192E-5	-1.396696E-5
7.979202E1	2.134134E-5	-1.432074E-5
7.989201E1	2.097574E-5	-1.409722E-5
7.999200E1	2.079044E-5	-1.367474E-5
8.009199E1	2.076621E-5	-1.329356E-5
8.019198E1	2.080815E-5	-1.326348E-5
8.029197E1	2.075846E-5	-1.294829E-5
8.039196E1	2.078066E-5	-1.248622E-5
8.049195E1	2.101894E-5	-1.290304E-5
8.059194E1	2.111482E-5	-1.308542E-5
8.069193E1	2.148763E-5	-1.284350E-5
8.079192E1	2.164808E-5	-1.235983E-5
8.089191E1	2.084029E-5	-1.231879E-5
8.099190E1	2.029973E-5	-1.234188E-5
8.109189E1	2.006423E-5	-1.205412E-5
8.119188E1	2.016329E-5	-1.206771E-5
8.129187E1	2.066877E-5	-1.221420E-5
8.139186E1	2.026002E-5	-1.240844E-5
8.149185E1	2.057297E-5	-1.277207E-5
8.159184E1	2.089942E-5	-1.278033E-5
8.169183E1	2.095956E-5	-1.232859E-5
8.179182E1	2.119542E-5	-1.267696E-5
8.189181E1	2.139885E-5	-1.332062E-5
8.199180E1	2.105757E-5	-1.386724E-5
8.209179E1	2.122449E-5	-1.437982E-5
8.219178E1	2.147408E-5	-1.448068E-5
8.229177E1	2.175136E-5	-1.435685E-5
8.239176E1	2.151722E-5	-1.390533E-5
8.249175E1	2.197577E-5	-1.410153E-5
8.259174E1	2.248617E-5	-1.436637E-5
8.269173E1	2.254510E-5	-1.463608E-5
8.279172E1	2.193551E-5	-1.453963E-5
8.289171E1	2.178992E-5	-1.436558E-5
8.299170E1	2.153807E-5	-1.452136E-5
8.309169E1	2.191859E-5	-1.459082E-5
8.319168E1	2.244590E-5	-1.411298E-5
8.329167E1	2.237341E-5	-1.383004E-5
8.339166E1	2.237063E-5	-1.344566E-5
8.349165E1	2.230880E-5	-1.391077E-5
8.359164E1	2.234799E-5	-1.437958E-5
8.369163E1	2.201397E-5	-1.413478E-5
8.379162E1	2.209927E-5	-1.393297E-5
8.389161E1	2.224442E-5	-1.337439E-5
8.399160E1	2.241461E-5	-1.322401E-5
8.409159E1	2.252913E-5	-1.388532E-5
8.419158E1	2.269154E-5	-1.411825E-5
8.429157E1	2.253083E-5	-1.416244E-5
8.439156E1	2.210191E-5	-1.374236E-5
8.449155E1	2.240669E-5	-1.419160E-5
8.459154E1	2.237354E-5	-1.374884E-5
8.469153E1	2.205599E-5	-1.370770E-5
8.479152E1	2.241275E-5	-1.431538E-5
8.489151E1	2.239359E-5	-1.364920E-5
8.499150E1	2.231381E-5	-1.388000E-5
8.509149E1	2.184918E-5	-1.440631E-5
8.519148E1	2.100315E-5	-1.532783E-5
8.529147E1	2.097407E-5	-1.509571E-5
8.539146E1	2.116767E-5	-1.486819E-5
8.549145E1	2.106489E-5	-1.518793E-5
8.559144E1	2.089594E-5	-1.485049E-5
8.569143E1	2.117146E-5	-1.469677E-5
8.579142E1	2.076407E-5	-1.505746E-5
8.589141E1	2.082123E-5	-1.500991E-5
8.599140E1	2.065838E-5	-1.505497E-5
8.609139E1	2.020519E-5	-1.525165E-5
8.619138E1	2.007009E-5	-1.507436E-5
8.629137E1	2.029151E-5	-1.531240E-5
8.639136E1	2.037373E-5	-1.550428E-5
8.649135E1	2.030415E-5	-1.565100E-5
8.659134E1	2.034616E-5	-1.596098E-5
8.669133E1	1.999007E-5	-1.621936E-5
8.679132E1	2.022838E-5	-1.604113E-5
8.689131E1	2.065651E-5	-1.593854E-5
8.699130E1	2.087542E-5	-1.652093E-5
8.709129E1	2.137603E-5	-1.689317E-5
8.719128E1	2.140455E-5	-1.685626E-5
8.729127E1	2.102041E-5	-1.665799E-5
8.739126E1	2.087881E-5	-1.657425E-5
8.749125E1	2.112792E-5	-1.639969E-5
8.759124E1	2.095428E-5	-1.625931E-5
8.769123E1	2.110716E-5	-1.652899E-5
8.779122E1	2.098731E-5	-1.690516E-5
8.789121E1	2.075590E-5	-1.738132E-5
8.799120E1	2.137058E-5	-1.754440E-5
8.809119E1	2.192380E-5	-1.759520E-5
8.819118E1	2.207461E-5	-1.781034E-5
8.829117E1	2.191121E-5	-1.825323E-5
8.839116E1	2.189395E-5	-1.820901E-5
8.849115E1	2.193060E-5	-1.798635E-5
8.859114E1	2.190458E-5	-1.768418E-5
8.869113E1	2.228393E-5	-1.730594E-5
8.879112E1	2.225003E-5	-1.784573E-5
8.889111E1	2.214605E-5	-1.862076E-5
8.899110E1	2.226961E-5	-1.935273E-5
8.909109E1	2.252314E-5	-1.935864E-5
8.919108E1	2.247803E-5	-1.934784E-5
8.929107E1	2.253853E-5	-1.889655E-5
8.939106E1	2.252053E-5	-1.873207E-5
8.949105E1	2.205706E-5	-1.861537E-5
8.959104E1	2.193684E-5	-1.842685E-5
8.969103E1	2.221739E-5	-1.841865E-5
8.979102E1	2.264378E-5	-1.850340E-5
8.989101E1	2.334433E-5	-1.873500E-5
8.999100E1	2.368272E-5	-1.844990E-5
9.009099E1	2.393404E-5	-1.817806E-5
9.019098E1	2.411364E-5	-1.835315E-5
9.029097E1	2.450218E-5	-1.897383E-5
9.039096E1	2.479057E-5	-1.945907E-5
9.049095E1	2.573089E-5	-1.978309E-5
9.059094E1	2.596960E-5	-1.948531E-5
9.069093E1	2.511240E-5	-1.978780E-5
9.079092E1	2.516744E-5	-1.990106E-5
9.089091E1	2.506469E-5	-1.987539E-5
9.099090E1	2.506436E-5	-1.985086E-5
9.109089E1	2.525375E-5	-2.009125E-5
9.119088E1	2.510921E-5	-2.001923E-5
9.129087E1	2.432440E-5	-1.984356E-5
9.139086E1	2.431857E-5	-1.966593E-5
9.149085E1	2.434865E-5	-1.937792E-5
9.159084E1	2.406258E-5	-1.958273E-5
9.169083E1	2.394147E-5	-1.945358E-5
9.179082E1	2.362429E-5	-1.989454E-5
9.189081E1	2.342412E-5	-2.033733E-5
9.199080E1	2.301889E-5	-2.054546E-5
9.209079E1	2.334168E-5	-2.088822E-5
9.219078E1	2.385848E-5	-2.146249E-5
9.229077E1	2.368815E-5	-2.168669E-5
9.239076E1	2.322398E-5	-2.176515E-5
9.249075E1	2.260685E-5	-2.150086E-5
9.259074E1	2.279927E-5	-2.136607E-5
9.269073E1	2.271121E-5	-2.156228E-5
9.279072E1	2.295708E-5	-2.158628E-5
9.289071E1	2.319529E-5	-2.157297E-5
9.299070E1	2.305593E-5	-2.165940E-5
9.309069E1	2.359317E-5	-2.117646E-5
9.319068E1	2.339886E-5	-2.127243E-5
9.329067E1	2.317182E-5	-2.118893E-5
9.339066E1	2.366760E-5	-2.119177E-5
9.349065E1	2.372351E-5	-2.048409E-5
9.359064E1	2.332407E-5	-2.047640E-5
9.369063E1	2.348572E-5	-2.074192E-5
9.379062E1	2.332018E-5	-2.098615E-5
9.389061E1	2.323440E-5	-2.151609E-5
9.399060E1	2.331715E-5	-2.208411E-5
9.409059E1	2.300227E-5	-2.263667E-5
9.419058E1	2.307934E-5	-2.238555E-5
9.429057E1	2.335980E-5	-2.176127E-5
9.439056E1	2.333899E-5	-2.166366E-5
9.449055E1	2.340491E-5	-2.130704E-5
9.459054E1	2.377399E-5	-2.144416E-5
9.469053E1	2.388010E-5	-2.146744E-5
9.479052E1	2.410090E-5	-2.145941E-5
9.489051E1	2.450873E-5	-2.120115E-5
9.499050E1	2.480145E-5	-2.123595E-5
9.509049E1	2.518925E-5	-2.144674E-5
9.519048E1	2.512741E-5	-2.156584E-5
9.529047E1	2.495459E-5	-2.137238E-5
9.539046E1	2.507934E-5	-2.109455E-5
9.549045E1	2.566785E-5	-2.089745E-5
9.559044E1	2.574681E-5	-2.123525E-5
9.569043E1	2.522964E-5	-2.127689E-5
9.579042E1	2.504168E-5	-2.095458E-5
9.589041E1	2.488142E-5	-2.106590E-5
9.599040E1	2.495952E-5	-2.085014E-5
9.609039E1	2.502623E-5	-2.085058E-5
9.619038E1	2.518094E-5	-2.045965E-5
9.629037E1	2.467587E-5	-2.052267E-5
9.639036E1	2.448046E-5	-2.034822E-5
9.649035E1	2.364100E-5	-2.035424E-5
9.659034E1	2.346280E-5	-2.070977E-5
9.669033E1	2.362518E-5	-2.072864E-5
9.679032E1	2.356558E-5	-2.085532E-5
9.689031E1	2.315246E-5	-2.091374E-5
9.699030E1	2.313050E-5	-2.086328E-5
9.709029E1	2.369181E-5	-2.056854E-5
9.719028E1	2.395628E-5	-2.028058E-5
9.729027E1	2.403832E-5	-2.031878E-5
9.739026E1	2.399312E-5	-2.023097E-5
9.749025E1	2.440975E-5	-1.952894E-5
9.759024E1	2.491807E-5	-1.994651E-5
9.769023E1	2.543029E-5	-1.940416E-5
9.779022E1	2.573160E-5	-1.874128E-5
9.789021E1	2.533990E-5	-1.922337E-5
9.799020E1	2.464690E-5	-1.892207E-5
9.809019E1	2.431546E-5	-1.919324E-5
9.819018E1	2.416481E-5	-1.889194E-5
9.829017E1	2.425520E-5	-1.859063E-5
9.839016E1	2.440585E-5	-1.831945E-5
9.849015E1	2.482768E-5	-1.850024E-5
9.859014E1	2.470716E-5	-1.810854E-5
9.869013E1	2.497833E-5	-1.819893E-5
9.879012E1	2.500108E-5	-1.846780E-5
9.889011E1	2.476178E-5	-1.824780E-5
9.899010E1	2.502286E-5	-1.814215E-5
9.909009E1	2.505923E-5	-1.751009E-5
9.919008E1	2.478136E-5	-1.769697E-5
9.929007E1	2.516701E-5	-1.793712E-5
9.939006E1	2.525715E-5	-1.821863E-5
9.949005E1	2.582783E-5	-1.821919E-5
9.959004E1	2.602708E-5	-1.834812E-5
9.969003E1	2.627395E-5	-1.886181E-5
9.979002E1	2.592688E-5	-1.831821E-5
9.989001E1	2.654513E-5	-1.868102E-5
9.999000E1	2.576173E-5	-1.853037E-5
1.000900E2	2.600156E-5	-1.943963E-5
1.001900E2	2.604236E-5	-1.929487E-5
1.002900E2	2.640844E-5	-1.947706E-5
1.003900E2	2.640312E-5	-1.946099E-5
1.004900E2	2.666158E-5	-1.922579E-5
1.005899E2	2.664462E-5	-1.939746E-5
1.006899E2	2.686584E-5	-1.920642E-5
1.007899E2	2.651568E-5	-1.931847E-5
1.008899E2	2.603174E-5	-1.918397E-5
1.009899E2	2.630886E-5	-1.930590E-5
1.010899E2	2.652527E-5	-1.931468E-5
1.011899E2	2.639448E-5	-1.856050E-5
1.012899E2	2.622098E-5	-1.848478E-5
1.013899E2	2.634025E-5	-1.844287E-5
1.014899E2	2.651491E-5	-1.828354E-5
1.015898E2	2.661574E-5	-1.822566E-5
1.016898E2	2.693350E-5	-1.815986E-5
1.017898E2	2.726606E-5	-1.788017E-5
1.018898E2	2.704836E-5	-1.772526E-5
1.019898E2	2.644547E-5	-1.743928E-5
1.020898E2	2.641616E-5	-1.726357E-5
1.021898E2	2.649373E-5	-1.721520E-5
1.022898E2	2.667330E-5	-1.723095E-5
1.023898E2	2.663101E-5	-1.752520E-5
1.024898E2	2.712854E-5	-1.758095E-5
1.025897E2	2.759163E-5	-1.771737E-5
1.026897E2	2.759387E-5	-1.766598E-5
1.027897E2	2.735497E-5	-1.765986E-5
1.028897E2	2.690851E-5	-1.720946E-5
1.029897E2	2.690415E-5	-1.738012E-5
1.030897E2	2.665441E-5	-1.731133E-5
1.031897E2	2.626960E-5	-1.747297E-5
1.032897E2	2.621022E-5	-1.718451E-5
1.033897E2	2.606444E-5	-1.733794E-5
1.034897E2	2.590010E-5	-1.752058E-5
1.035896E2	2.583585E-5	-1.774743E-5
1.036896E2	2.583866E-5	-1.817623E-5
1.037896E2	2.626622E-5	-1.863334E-5
1.038896E2	2.675099E-5	-1.866881E-5
1.039896E2	2.705755E-5	-1.914573E-5
1.040896E2	2.758557E-5	-1.925408E-5
1.041896E2	2.850412E-5	-1.939604E-5
1.042896E2	2.877336E-5	-1.961451E-5
1.043896E2	2.897255E-5	-1.964765E-5
1.044896E2	2.946781E-5	-1.928364E-5
1.045895E2	2.958833E-5	-1.985612E-5
1.046895E2	2.976911E-5	-1.943429E-5
1.047895E2	2.916650E-5	-1.922337E-5
1.048895E2	2.916650E-5	-1.904259E-5
1.049895E2	2.928702E-5	-1.988625E-5
1.050895E2	2.982937E-5	-2.000677E-5
1.051895E2	2.970885E-5	-2.042860E-5
1.052895E2	2.976911E-5	-2.018756E-5
1.053895E2	3.015914E-5	-2.009220E-5
1.054895E2	3.070832E-5	-1.985777E-5
1.055894E2	3.121151E-5	-1.985874E-5
1.056894E2	3.151595E-5	-1.987827E-5
1.057894E2	3.110922E-5	-2.010336E-5
1.058894E2	3.096694E-5	-1.998957E-5
1.059894E2	3.115572E-5	-2.029186E-5
1.060894E2	3.141407E-5	-2.038687E-5
1.061894E2	3.138258E-5	-2.066157E-5
1.062894E2	3.193805E-5	-2.077329E-5
1.063894E2	3.209658E-5	-2.082585E-5
1.064894E2	3.192012E-5	-2.046725E-5
1.065893E2	3.229325E-5	-2.018868E-5
1.066893E2	3.234054E-5	-2.006184E-5
1.067893E2	3.205915E-5	-2.059948E-5
1.068893E2	3.223983E-5	-2.091069E-5
1.069893E2	3.310000E-5	-2.118799E-5
1.070893E2	3.310172E-5	-2.089583E-5
1.071893E2	3.352110E-5	-2.103998E-5
1.072893E2	3.385852E-5	-2.106715E-5
1.073893E2	3.432757E-5	-2.056067E-5
1.074893E2	3.419149E-5	-2.077266E-5
1.075892E2	3.386168E-5	-2.080325E-5
1.076892E2	3.366146E-5	-2.098554E-5
1.077892E2	3.377547E-5	-2.101406E-5
1.078892E2	3.433765E-5	-2.052789E-5
1.079892E2	3.456299E-5	-2.028231E-5
1.080892E2	3.411250E-5	-2.042799E-5
1.081892E2	3.370500E-5	-2.111266E-5
1.082892E2	3.391348E-5	-2.127312E-5
1.083892E2	3.436766E-5	-2.114847E-5
1.084892E2	3.950681E-5	-2.424008E-5
1.085891E2	3.916302E-5	-2.395371E-5
1.086891E2	3.895525E-5	-2.457444E-5
1.087891E2	3.949599E-5	-2.480937E-5
1.088891E2	3.991615E-5	-2.541085E-5
1.089891E2	4.038216E-5	-2.583718E-5
1.090891E2	4.014124E-5	-2.565807E-5
1.091891E2	3.992128E-5	-2.636896E-5
1.092891E2	3.964974E-5	-2.619865E-5
1.093891E2	3.961736E-5	-2.629628E-5
1.094891E2	3.920598E-5	-2.643182E-5
1.095890E2	3.904660E-5	-2.650532E-5
1.096890E2	3.910609E-5	-2.635671E-5
1.097890E2	3.864388E-5	-2.550657E-5
1.098890E2	3.853595E-5	-2.533456E-5
1.099890E2	3.820245E-5	-2.509777E-5
1.100890E2	3.836499E-5	-2.489479E-5
1.101890E2	3.903036E-5	-2.526698E-5
1.102890E2	3.928836E-5	-2.534551E-5
1.103890E2	3.910476E-5	-2.574547E-5
1.104890E2	3.845526E-5	-2.540087E-5
1.105889E2	3.809082E-5	-2.626418E-5
1.106889E2	3.776350E-5	-2.654976E-5
1.107889E2	3.783596E-5	-2.664794E-5
1.108889E2	3.830840E-5	-2.690624E-5
1.109889E2	3.846673E-5	-2.691760E-5
1.110889E2	3.846901E-5	-2.693039E-5
1.111889E2	3.879308E-5	-2.676073E-5
1.112889E2	3.847436E-5	-2.675603E-5
1.113889E2	3.874647E-5	-2.705535E-5
1.114889E2	3.870834E-5	-2.796109E-5
1.115888E2	3.846918E-5	-2.882680E-5
1.116888E2	3.852684E-5	-2.827060E-5
1.117888E2	3.878923E-5	-2.861476E-5
1.118888E2	3.925448E-5	-2.954288E-5
1.119888E2	3.943717E-5	-3.040774E-5
1.120888E2	3.974444E-5	-2.995538E-5
1.121888E2	3.959876E-5	-2.917837E-5
1.122888E2	3.961823E-5	-2.909944E-5
1.123888E2	3.972552E-5	-2.918640E-5
1.124888E2	3.967236E-5	-2.947311E-5
1.125887E2	4.046815E-5	-2.981078E-5
1.126887E2	4.132999E-5	-3.013478E-5
1.127887E2	4.131357E-5	-3.055535E-5
1.128887E2	4.109307E-5	-3.049811E-5
1.129887E2	4.133008E-5	-3.039091E-5
1.130887E2	4.134232E-5	-3.067591E-5
1.131887E2	4.148187E-5	-3.073280E-5
1.132887E2	4.124890E-5	-3.040186E-5
1.133887E2	4.097773E-5	-3.004029E-5
1.134887E2	4.112838E-5	-3.067303E-5
1.135886E2	4.161047E-5	-3.013068E-5
1.136886E2	4.145982E-5	-2.955820E-5
1.137886E2	4.070655E-5	-2.991977E-5
1.138886E2	4.064629E-5	-2.967872E-5
1.139886E2	4.054017E-5	-2.970365E-5
1.140886E2	4.051439E-5	-2.949227E-5
1.141886E2	3.988420E-5	-2.947183E-5
1.142886E2	3.933250E-5	-2.918841E-5
1.143886E2	3.912524E-5	-2.919624E-5
1.144886E2	3.921263E-5	-2.852456E-5
1.145885E2	3.947562E-5	-2.847167E-5
1.146885E2	3.927708E-5	-2.871217E-5
1.147885E2	3.968749E-5	-2.851097E-5
1.148885E2	4.008591E-5	-2.802776E-5
1.149885E2	4.018287E-5	-2.755033E-5
1.150885E2	4.022416E-5	-2.722896E-5
1.151885E2	4.043266E-5	-2.759243E-5
1.152885E2	4.020717E-5	-2.778168E-5
1.153885E2	4.034813E-5	-2.777792E-5
1.154885E2	4.060423E-5	-2.732496E-5
1.155884E2	4.094560E-5	-2.735363E-5
1.156884E2	4.116697E-5	-2.781407E-5
1.157884E2	4.119011E-5	-2.838693E-5
1.158884E2	4.161596E-5	-2.825643E-5
1.159884E2	4.185140E-5	-2.846914E-5
1.160884E2	4.223890E-5	-2.862648E-5
1.161884E2	4.296513E-5	-2.871013E-5
1.162884E2	4.324488E-5	-2.857561E-5
1.163884E2	4.282163E-5	-2.837143E-5
1.164884E2	4.279410E-5	-2.828387E-5
1.165883E2	4.327210E-5	-2.842105E-5
1.166883E2	4.318741E-5	-2.844054E-5
1.167883E2	4.309816E-5	-2.868077E-5
1.168883E2	4.300692E-5	-2.819724E-5
1.169883E2	4.262080E-5	-2.801689E-5
1.170883E2	4.231815E-5	-2.836980E-5
1.171883E2	4.232197E-5	-2.879740E-5
1.172883E2	4.228445E-5	-2.943724E-5
1.173883E2	4.283424E-5	-2.941528E-5
1.174883E2	4.252716E-5	-2.941603E-5
1.175882E2	4.256375E-5	-2.933786E-5
1.176882E2	4.252002E-5	-2.913879E-5
1.177882E2	4.274733E-5	-2.932333E-5
1.178882E2	4.275670E-5	-2.925454E-5
1.179882E2	4.267685E-5	-2.897014E-5
1.180882E2	4.212489E-5	-2.893128E-5
1.181882E2	4.190392E-5	-2.889721E-5
1.182882E2	4.210625E-5	-2.857816E-5
1.183882E2	4.222631E-5	-2.851170E-5
1.184882E2	4.251114E-5	-2.832688E-5
1.185881E2	4.282046E-5	-2.856960E-5
1.186881E2	4.258924E-5	-2.863171E-5
1.187881E2	4.230694E-5	-2.869660E-5
1.188881E2	4.185602E-5	-2.872511E-5
1.189881E2	4.204178E-5	-2.830714E-5
1.190881E2	4.189331E-5	-2.842853E-5
1.191881E2	4.191510E-5	-2.929930E-5
1.192881E2	4.180501E-5	-2.898887E-5
1.193881E2	4.161358E-5	-2.914049E-5
1.194881E2	4.110191E-5	-2.932950E-5
1.195880E2	4.019627E-5	-2.930363E-5
1.196880E2	4.012134E-5	-2.939102E-5
1.197880E2	3.973844E-5	-2.920958E-5
1.198880E2	3.941347E-5	-2.906915E-5
1.199880E2	4.005420E-5	-2.910538E-5
1.200880E2	4.030869E-5	-2.924351E-5
1.201880E2	4.063399E-5	-2.908255E-5
1.202880E2	4.086156E-5	-2.919674E-5
1.203880E2	4.117410E-5	-2.948645E-5
1.204880E2	4.165671E-5	-2.915400E-5
1.205879E2	4.156691E-5	-2.946806E-5
1.206879E2	4.164716E-5	-2.995846E-5
1.207879E2	4.181561E-5	-2.947193E-5
1.208879E2	4.222397E-5	-2.923563E-5
1.209879E2	4.225831E-5	-2.939337E-5
1.210879E2	4.234331E-5	-2.948149E-5
1.211879E2	4.217155E-5	-2.948540E-5
1.212879E2	4.204437E-5	-2.993886E-5
1.213879E2	4.148753E-5	-3.022955E-5
1.214879E2	4.124890E-5	-2.979924E-5
1.215878E2	4.127903E-5	-2.961846E-5
1.216878E2	4.139956E-5	-3.010055E-5
1.217878E2	4.115851E-5	-2.985950E-5
1.218878E2	4.164060E-5	-2.934728E-5
1.219878E2	4.197204E-5	-2.931715E-5
1.220878E2	4.269517E-5	-2.943767E-5
1.221878E2	4.320740E-5	-2.988964E-5
1.222878E2	4.350870E-5	-2.991977E-5
1.223878E2	4.402092E-5	-3.010055E-5
1.224878E2	4.391873E-5	-2.988629E-5
1.225877E2	4.380986E-5	-3.029659E-5
1.226877E2	4.334062E-5	-2.988327E-5
1.227877E2	4.341800E-5	-2.962669E-5
1.228877E2	4.344443E-5	-2.935100E-5
1.229877E2	4.310428E-5	-2.913809E-5
1.230877E2	4.302398E-5	-2.878128E-5
1.231877E2	4.259007E-5	-2.889758E-5
1.232877E2	4.255307E-5	-2.869980E-5
1.233877E2	4.274191E-5	-2.873443E-5
1.234877E2	4.319555E-5	-2.876350E-5
1.235876E2	4.301445E-5	-2.907387E-5
1.236876E2	4.290487E-5	-2.885859E-5
1.237876E2	4.359909E-5	-2.778049E-5
1.238876E2	4.377879E-5	-2.746649E-5
1.239876E2	4.381001E-5	-2.762983E-5
1.240876E2	4.396066E-5	-2.811192E-5
1.241876E2	4.384014E-5	-2.847349E-5
1.242876E2	4.393053E-5	-2.805166E-5
1.243876E2	4.362923E-5	-2.772023E-5
1.244876E2	4.363766E-5	-2.766960E-5
1.245875E2	4.384014E-5	-2.781062E-5
1.246875E2	4.366040E-5	-2.797982E-5
1.247875E2	4.339225E-5	-2.801264E-5
1.248875E2	4.371559E-5	-2.843277E-5
1.249875E2	4.384597E-5	-2.888503E-5
1.250875E2	4.375029E-5	-2.895692E-5
1.251875E2	4.382049E-5	-2.863369E-5
1.252875E2	4.387958E-5	-2.818694E-5
1.253875E2	4.403241E-5	-2.816836E-5
1.254875E2	4.370759E-5	-2.840159E-5
1.255874E2	4.402092E-5	-2.907611E-5
1.256874E2	4.420171E-5	-2.973898E-5
1.257874E2	4.445922E-5	-2.989334E-5
1.258874E2	4.449699E-5	-2.971622E-5
1.259874E2	4.490545E-5	-2.935686E-5
1.260874E2	4.499223E-5	-2.926809E-5
1.261874E2	4.507594E-5	-2.949436E-5
1.262874E2	4.499768E-5	-2.966417E-5
1.263874E2	4.503407E-5	-2.965422E-5
1.264874E2	4.506335E-5	-2.926709E-5
1.265873E2	4.503324E-5	-2.919445E-5
1.266873E2	4.464093E-5	-2.912699E-5
1.267873E2	4.483244E-5	-2.909715E-5
1.268873E2	4.497485E-5	-2.928156E-5
1.269873E2	4.520362E-5	-2.931531E-5
1.270873E2	4.520346E-5	-2.922071E-5
1.271873E2	4.523223E-5	-2.882018E-5
1.272873E2	4.565463E-5	-2.883049E-5
1.273873E2	4.661954E-5	-2.896092E-5
1.274873E2	4.644613E-5	-2.888235E-5
1.275872E2	4.661614E-5	-2.881528E-5
1.276872E2	4.616718E-5	-2.868451E-5
1.277872E2	4.602371E-5	-2.849685E-5
1.278872E2	4.639340E-5	-2.801542E-5
1.279872E2	4.685836E-5	-2.773784E-5
1.280872E2	4.690633E-5	-2.772365E-5
1.281872E2	4.684904E-5	-2.791596E-5
1.282872E2	4.708367E-5	-2.792779E-5
1.283872E2	4.711446E-5	-2.797238E-5
1.284872E2	4.675824E-5	-2.832826E-5
1.285871E2	4.630996E-5	-2.804792E-5
1.286871E2	4.618120E-5	-2.780061E-5
1.287871E2	4.582611E-5	-2.746274E-5
1.288871E2	4.573629E-5	-2.725010E-5
1.289871E2	4.566154E-5	-2.729143E-5
1.290871E2	4.498027E-5	-2.755384E-5
1.291871E2	4.496326E-5	-2.784203E-5
1.292871E2	4.482095E-5	-2.764277E-5
1.293871E2	4.493371E-5	-2.791203E-5
1.294871E2	4.485997E-5	-2.800490E-5
1.295870E2	4.506764E-5	-2.836863E-5
1.296870E2	4.505338E-5	-2.852781E-5
1.297870E2	4.544256E-5	-2.891420E-5
1.298870E2	4.564215E-5	-2.923424E-5
1.299870E2	4.613918E-5	-2.928600E-5
1.300870E2	4.638038E-5	-2.930767E-5
1.301870E2	4.600837E-5	-2.888306E-5
1.302870E2	4.542842E-5	-2.921897E-5
1.303870E2	4.551793E-5	-3.012255E-5
1.304870E2	4.571477E-5	-3.021595E-5
1.305869E2	4.565358E-5	-3.033107E-5
1.306869E2	4.567003E-5	-3.028376E-5
1.307869E2	4.582251E-5	-3.038321E-5
1.308869E2	4.578398E-5	-3.073174E-5
1.309869E2	4.578722E-5	-3.039058E-5
1.310869E2	4.619233E-5	-3.026335E-5
1.311869E2	4.617359E-5	-3.038072E-5
1.312869E2	4.630554E-5	-3.040891E-5
