0.000000E0	-5.607320E-5	2.377311E-5
9.999000E-2	-5.608566E-5	2.372650E-5
1.999800E-1	-5.632495E-5	2.397208E-5
2.999700E-1	-5.601975E-5	2.401012E-5
3.999600E-1	-5.546987E-5	2.449696E-5
4.999500E-1	-5.511660E-5	2.501150E-5
5.999400E-1	-5.535203E-5	2.526232E-5
6.999300E-1	-5.524865E-5	2.547801E-5
7.999200E-1	-5.501049E-5	2.551653E-5
8.999100E-1	-5.461057E-5	2.586380E-5
9.999000E-1	-5.464483E-5	2.637775E-5
1.099890E0	-5.432846E-5	2.638800E-5
1.199880E0	-5.430591E-5	2.655334E-5
1.299870E0	-5.435246E-5	2.696348E-5
1.399860E0	-5.395950E-5	2.673067E-5
1.499850E0	-5.323061E-5	2.679492E-5
1.599840E0	-5.286574E-5	2.727271E-5
1.699830E0	-5.286248E-5	2.747734E-5
1.799820E0	-5.220862E-5	2.719889E-5
1.899810E0	-5.191048E-5	2.751195E-5
1.999800E0	-5.212804E-5	2.799330E-5
2.099790E0	-5.228701E-5	2.781281E-5
2.199780E0	-5.303731E-5	2.744213E-5
2.299770E0	-5.323082E-5	2.680250E-5
2.399760E0	-5.291721E-5	2.660674E-5
2.499750E0	-5.263830E-5	2.606304E-5
2.599740E0	-5.198803E-5	2.596744E-5
2.699730E0	-5.151496E-5	2.566182E-5
2.799720E0	-5.149333E-5	2.515912E-5
2.899710E0	-5.129309E-5	2.478488E-5
2.999700E0	-5.127049E-5	2.460226E-5
3.099690E0	-5.101232E-5	2.482382E-5
3.199680E0	-5.095861E-5	2.465402E-5
3.299670E0	-5.077020E-5	2.491807E-5
3.399660E0	-5.050399E-5	2.528670E-5
3.499650E0	-5.094920E-5	2.485735E-5
3.599640E0	-5.108743E-5	2.475478E-5
3.699630E0	-5.092568E-5	2.526071E-5
3.799620E0	-5.108362E-5	2.542679E-5
3.899610E0	-5.108218E-5	2.538552E-5
3.999600E0	-5.125682E-5	2.534212E-5
4.099590E0	-5.184652E-5	2.580728E-5
4.199580E0	-5.209904E-5	2.610860E-5
4.299570E0	-5.211392E-5	2.608604E-5
4.399560E0	-5.248765E-5	2.621369E-5
4.499550E0	-5.251778E-5	2.582199E-5
4.599540E0	-5.290947E-5	2.570147E-5
4.699530E0	-5.352957E-5	2.576244E-5
4.799520E0	-5.380987E-5	2.601896E-5
4.899510E0	-5.381282E-5	2.617582E-5
4.999500E0	-5.365414E-5	2.601665E-5
5.099490E0	-5.368054E-5	2.633905E-5
5.199480E0	-5.389783E-5	2.626888E-5
5.299470E0	-5.347848E-5	2.615534E-5
5.399460E0	-5.337628E-5	2.590494E-5
5.499450E0	-5.320793E-5	2.568318E-5
5.599440E0	-5.414036E-5	2.620662E-5
5.699430E0	-5.449388E-5	2.627228E-5
5.799420E0	-5.480771E-5	2.615343E-5
5.899410E0	-5.523501E-5	2.572473E-5
5.999400E0	-5.571163E-5	2.515912E-5
6.099390E0	-5.616084E-5	2.472435E-5
6.199380E0	-5.595575E-5	2.460177E-5
6.299370E0	-5.595540E-5	2.520662E-5
6.399360E0	-5.604833E-5	2.510141E-5
6.499350E0	-5.554023E-5	2.499679E-5
6.599340E0	-5.493464E-5	2.491751E-5
6.699330E0	-5.457868E-5	2.498637E-5
6.799320E0	-5.434446E-5	2.556628E-5
6.899310E0	-5.469684E-5	2.554958E-5
6.999300E0	-5.497165E-5	2.512110E-5
7.099290E0	-5.458332E-5	2.493934E-5
7.199280E0	-5.448651E-5	2.510076E-5
7.299270E0	-5.426772E-5	2.554770E-5
7.399260E0	-5.436300E-5	2.554923E-5
7.499250E0	-5.436501E-5	2.527975E-5
7.599240E0	-5.387163E-5	2.536480E-5
7.699230E0	-5.361403E-5	2.547604E-5
7.799220E0	-5.330156E-5	2.598070E-5
7.899210E0	-5.297924E-5	2.637935E-5
7.999200E0	-5.288820E-5	2.677021E-5
8.099190E0	-5.288904E-5	2.705596E-5
8.199180E0	-5.282605E-5	2.763928E-5
8.299170E0	-5.258446E-5	2.779969E-5
8.399160E0	-5.293247E-5	2.786495E-5
8.499150E0	-5.278761E-5	2.786914E-5
8.599140E0	-5.271172E-5	2.849676E-5
8.699130E0	-5.296564E-5	2.912374E-5
8.799120E0	-5.324516E-5	2.915468E-5
8.899110E0	-5.281908E-5	2.910624E-5
8.999100E0	-5.187996E-5	2.873945E-5
9.099090E0	-5.224660E-5	2.871454E-5
9.199080E0	-5.218634E-5	2.838310E-5
9.299070E0	-5.251778E-5	2.829271E-5
9.399060E0	-5.284921E-5	2.865428E-5
9.499050E0	-5.293563E-5	2.846316E-5
9.599040E0	-5.332236E-5	2.850685E-5
9.699030E0	-5.393392E-5	2.823245E-5
9.799020E0	-5.473242E-5	2.839480E-5
9.899010E0	-5.541032E-5	2.805166E-5
9.999000E0	-5.522954E-5	2.772023E-5
1.009899E1	-5.538019E-5	2.756957E-5
1.019898E1	-5.556097E-5	2.787088E-5
1.029897E1	-5.447400E-5	2.895615E-5
1.039896E1	-5.640463E-5	2.829271E-5
1.049895E1	-5.655529E-5	2.856389E-5
1.059894E1	-5.625398E-5	2.835297E-5
1.069893E1	-5.607859E-5	2.792870E-5
1.079892E1	-5.595606E-5	2.739224E-5
1.089891E1	-5.609275E-5	2.742612E-5
1.099890E1	-5.626454E-5	2.712021E-5
1.109889E1	-5.643166E-5	2.696585E-5
1.119888E1	-5.607121E-5	2.719778E-5
1.129887E1	-5.589030E-5	2.729603E-5
1.139886E1	-5.543923E-5	2.758050E-5
1.149885E1	-5.527416E-5	2.739258E-5
1.159884E1	-5.502574E-5	2.738770E-5
1.169883E1	-5.564029E-5	2.759071E-5
1.179882E1	-5.594921E-5	2.753016E-5
1.189881E1	-5.626618E-5	2.739208E-5
1.199880E1	-5.632686E-5	2.724928E-5
1.209879E1	-5.591065E-5	2.766829E-5
1.219878E1	-5.565403E-5	2.768339E-5
1.229877E1	-5.523288E-5	2.752812E-5
1.239876E1	-5.516961E-5	2.734537E-5
1.249875E1	-5.512618E-5	2.729545E-5
1.259874E1	-5.502294E-5	2.721920E-5
1.269873E1	-5.478922E-5	2.748134E-5
1.279872E1	-5.466760E-5	2.748746E-5
1.289871E1	-5.464864E-5	2.795972E-5
1.299870E1	-5.461038E-5	2.840071E-5
1.309869E1	-5.467105E-5	2.849273E-5
1.319868E1	-5.483097E-5	2.861817E-5
1.329867E1	-5.489610E-5	2.886018E-5
1.339866E1	-5.462692E-5	2.907611E-5
1.349865E1	-5.492823E-5	2.853375E-5
1.359864E1	-5.492823E-5	2.841323E-5
1.369863E1	-5.516928E-5	2.811192E-5
1.379862E1	-5.547058E-5	2.814206E-5
1.389861E1	-5.541032E-5	2.811192E-5
1.399860E1	-5.559111E-5	2.784075E-5
1.409859E1	-5.610333E-5	2.808179E-5
1.419858E1	-5.661555E-5	2.841323E-5
1.429857E1	-5.667317E-5	2.860983E-5
1.439856E1	-5.659918E-5	2.861337E-5
1.449855E1	-5.609152E-5	2.836591E-5
1.459854E1	-5.614786E-5	2.768578E-5
1.469853E1	-5.602243E-5	2.737488E-5
1.479852E1	-5.579545E-5	2.764719E-5
1.489851E1	-5.616734E-5	2.788873E-5
1.499850E1	-5.598423E-5	2.818817E-5
1.509849E1	-5.580180E-5	2.787880E-5
1.519848E1	-5.584980E-5	2.756156E-5
1.529847E1	-5.609269E-5	2.736263E-5
1.539846E1	-5.655506E-5	2.662992E-5
1.549845E1	-5.677709E-5	2.642573E-5
1.559844E1	-5.695562E-5	2.645013E-5
1.569843E1	-5.731101E-5	2.648406E-5
1.579842E1	-5.732756E-5	2.621084E-5
1.589841E1	-5.682046E-5	2.578769E-5
1.599840E1	-5.673324E-5	2.624382E-5
1.609839E1	-5.673476E-5	2.624382E-5
1.619838E1	-5.664709E-5	2.611148E-5
1.629837E1	-5.698090E-5	2.581531E-5
1.639836E1	-5.729766E-5	2.550600E-5
1.649835E1	-5.711733E-5	2.559326E-5
1.659834E1	-5.714624E-5	2.571159E-5
1.669833E1	-5.686392E-5	2.527465E-5
1.679832E1	-5.709193E-5	2.538910E-5
1.689831E1	-5.732956E-5	2.570752E-5
1.699830E1	-5.722771E-5	2.568677E-5
1.709829E1	-5.646977E-5	2.540481E-5
1.719828E1	-5.617824E-5	2.549240E-5
1.729827E1	-5.598806E-5	2.553617E-5
1.739826E1	-5.596148E-5	2.548813E-5
1.749825E1	-5.632794E-5	2.528502E-5
1.759824E1	-5.598856E-5	2.536913E-5
1.769823E1	-5.574176E-5	2.494820E-5
1.779822E1	-5.541032E-5	2.425520E-5
1.789821E1	-5.527678E-5	2.384551E-5
1.799820E1	-5.500489E-5	2.306282E-5
1.809819E1	-5.553101E-5	2.241761E-5
1.819818E1	-5.544045E-5	2.304997E-5
1.829817E1	-5.568150E-5	2.326089E-5
1.839816E1	-5.547058E-5	2.314036E-5
1.849815E1	-5.573464E-5	2.338164E-5
1.859814E1	-5.581532E-5	2.282199E-5
1.869813E1	-5.592453E-5	2.255682E-5
1.879812E1	-5.637100E-5	2.238290E-5
1.889811E1	-5.566836E-5	2.215785E-5
1.899810E1	-5.526233E-5	2.234087E-5
1.909809E1	-5.474884E-5	2.227899E-5
1.919808E1	-5.432270E-5	2.225756E-5
1.929807E1	-5.454235E-5	2.176657E-5
1.939806E1	-5.442192E-5	2.178471E-5
1.949805E1	-5.444089E-5	2.155580E-5
1.959804E1	-5.480551E-5	2.196158E-5
1.969803E1	-5.526163E-5	2.198522E-5
1.979802E1	-5.525373E-5	2.242654E-5
1.989801E1	-5.531637E-5	2.239360E-5
1.999800E1	-5.534754E-5	2.216751E-5
2.009799E1	-5.571200E-5	2.190222E-5
2.019798E1	-5.567351E-5	2.191610E-5
2.029797E1	-5.578155E-5	2.192464E-5
2.039796E1	-5.611375E-5	2.115483E-5
2.049795E1	-5.660113E-5	2.130028E-5
2.059794E1	-5.660870E-5	2.170109E-5
2.069793E1	-5.691555E-5	2.194586E-5
2.079792E1	-5.691952E-5	2.182493E-5
2.089791E1	-5.636163E-5	2.212340E-5
2.099790E1	-5.630521E-5	2.236030E-5
2.109789E1	-5.609107E-5	2.241875E-5
2.119788E1	-5.589696E-5	2.231267E-5
2.129787E1	-5.608439E-5	2.210357E-5
2.139786E1	-5.656543E-5	2.193576E-5
2.149785E1	-5.677878E-5	2.148711E-5
2.159784E1	-5.674546E-5	2.166655E-5
2.169783E1	-5.661648E-5	2.148195E-5
2.179782E1	-5.660500E-5	2.173362E-5
2.189781E1	-5.657372E-5	2.180436E-5
2.199780E1	-5.638170E-5	2.155824E-5
2.209779E1	-5.663784E-5	2.123014E-5
2.219778E1	-5.652202E-5	2.131792E-5
2.229777E1	-5.634537E-5	2.125202E-5
2.239776E1	-5.677954E-5	2.097977E-5
2.249775E1	-5.635462E-5	2.104949E-5
2.259774E1	-5.612150E-5	2.109714E-5
2.269773E1	-5.574411E-5	2.095698E-5
2.279772E1	-5.539547E-5	2.081467E-5
2.289771E1	-5.545789E-5	2.073151E-5
2.299770E1	-5.547853E-5	2.087183E-5
2.309769E1	-5.570713E-5	2.072405E-5
2.319768E1	-5.601294E-5	2.051899E-5
2.329767E1	-5.601294E-5	2.045873E-5
2.339766E1	-5.625398E-5	2.027795E-5
2.349765E1	-5.634437E-5	1.976573E-5
2.359764E1	-5.601294E-5	1.970547E-5
2.369763E1	-5.637450E-5	2.018756E-5
2.379762E1	-5.637450E-5	2.069978E-5
2.389761E1	-5.649503E-5	2.051899E-5
2.399760E1	-5.631424E-5	2.003690E-5
2.409759E1	-5.625398E-5	1.922337E-5
2.419758E1	-5.685659E-5	1.907272E-5
2.429757E1	-5.733869E-5	1.931377E-5
2.439756E1	-5.736882E-5	1.843998E-5
2.449755E1	-5.751947E-5	1.895220E-5
2.459754E1	-5.759047E-5	1.893880E-5
2.469753E1	-5.834093E-5	1.883015E-5
2.479752E1	-5.874942E-5	1.913443E-5
2.489751E1	-5.884980E-5	1.894553E-5
2.499750E1	-5.866427E-5	1.871731E-5
2.509749E1	-5.858424E-5	1.885115E-5
2.519748E1	-5.850438E-5	1.846607E-5
2.529747E1	-5.861863E-5	1.888678E-5
2.539746E1	-5.907379E-5	1.900483E-5
2.549745E1	-5.929945E-5	1.932528E-5
2.559744E1	-5.961973E-5	1.939329E-5
2.569743E1	-5.955146E-5	1.955170E-5
2.579742E1	-5.944651E-5	1.965339E-5
2.589741E1	-5.908926E-5	1.943409E-5
2.599740E1	-5.872470E-5	1.837972E-5
2.609739E1	-5.854391E-5	1.813867E-5
2.619738E1	-5.869512E-5	1.748509E-5
2.629737E1	-5.815436E-5	1.706931E-5
2.639736E1	-5.811582E-5	1.704064E-5
2.649735E1	-5.779951E-5	1.727196E-5
2.659734E1	-5.831594E-5	1.715667E-5
2.669733E1	-5.812208E-5	1.633083E-5
2.679732E1	-5.791117E-5	1.627057E-5
2.689731E1	-5.770054E-5	1.690198E-5
2.699730E1	-5.788104E-5	1.690331E-5
2.709729E1	-5.779579E-5	1.723176E-5
2.719728E1	-5.752991E-5	1.750887E-5
2.729727E1	-5.760604E-5	1.712159E-5
2.739726E1	-5.782469E-5	1.697768E-5
2.749725E1	-5.795274E-5	1.722149E-5
2.759724E1	-5.831275E-5	1.712247E-5
2.769723E1	-5.835532E-5	1.696778E-5
2.779722E1	-5.841184E-5	1.694400E-5
2.789721E1	-5.858833E-5	1.741427E-5
2.799720E1	-5.818516E-5	1.767175E-5
2.809719E1	-5.835498E-5	1.763199E-5
2.819718E1	-5.825064E-5	1.757750E-5
2.829717E1	-5.795759E-5	1.830268E-5
2.839716E1	-5.784031E-5	1.884379E-5
2.849715E1	-5.759937E-5	1.957219E-5
2.859714E1	-5.779835E-5	1.922096E-5
2.869713E1	-5.788104E-5	1.880154E-5
2.879712E1	-5.812208E-5	1.895220E-5
2.889711E1	-5.836313E-5	1.825919E-5
2.899710E1	-5.770025E-5	1.810854E-5
2.909709E1	-5.788104E-5	1.765658E-5
2.919708E1	-5.797143E-5	1.639109E-5
2.929707E1	-5.806182E-5	1.633083E-5
2.939706E1	-5.774505E-5	1.674594E-5
2.949705E1	-5.731570E-5	1.696568E-5
2.959704E1	-5.707962E-5	1.675086E-5
2.969703E1	-5.685401E-5	1.677071E-5
2.979702E1	-5.695722E-5	1.638187E-5
2.989701E1	-5.664804E-5	1.588292E-5
2.999700E1	-5.662210E-5	1.587315E-5
3.009699E1	-5.653988E-5	1.561498E-5
3.019698E1	-5.667581E-5	1.479416E-5
3.029697E1	-5.733869E-5	1.569808E-5
3.039696E1	-5.771036E-5	1.539896E-5
3.049695E1	-5.745312E-5	1.567587E-5
3.059694E1	-5.739492E-5	1.534770E-5
3.069693E1	-5.718648E-5	1.559543E-5
3.079692E1	-5.690769E-5	1.602745E-5
3.089691E1	-5.645668E-5	1.629089E-5
3.099690E1	-5.662006E-5	1.604672E-5
3.109689E1	-5.676180E-5	1.609974E-5
3.119688E1	-5.646623E-5	1.635813E-5
3.129687E1	-5.625398E-5	1.614449E-5
3.139686E1	-5.609484E-5	1.603980E-5
3.149685E1	-5.628034E-5	1.615864E-5
3.159684E1	-5.577235E-5	1.599139E-5
3.169683E1	-5.519472E-5	1.588998E-5
3.179682E1	-5.491141E-5	1.573366E-5
3.189681E1	-5.509537E-5	1.572128E-5
3.199680E1	-5.535803E-5	1.507463E-5
3.209679E1	-5.546103E-5	1.518954E-5
3.219678E1	-5.478851E-5	1.551729E-5
3.229677E1	-5.468295E-5	1.487998E-5
3.239676E1	-5.473735E-5	1.474145E-5
3.249675E1	-5.490423E-5	1.496405E-5
3.259674E1	-5.523976E-5	1.486426E-5
3.269673E1	-5.486056E-5	1.486144E-5
3.279672E1	-5.473750E-5	1.496567E-5
3.289671E1	-5.445871E-5	1.481420E-5
3.299670E1	-5.507888E-5	1.389024E-5
3.309669E1	-5.496286E-5	1.371165E-5
3.319668E1	-5.498849E-5	1.346841E-5
3.329667E1	-5.454366E-5	1.322687E-5
3.339666E1	-5.435128E-5	1.295435E-5
3.349665E1	-5.427138E-5	1.273742E-5
3.359664E1	-5.397314E-5	1.248327E-5
3.369663E1	-5.405364E-5	1.261245E-5
3.379662E1	-5.408697E-5	1.279051E-5
3.389661E1	-5.425011E-5	1.274381E-5
3.399660E1	-5.389643E-5	1.286481E-5
3.409659E1	-5.352616E-5	1.292422E-5
3.419658E1	-5.312819E-5	1.270362E-5
3.429657E1	-5.330117E-5	1.265489E-5
3.439656E1	-5.280169E-5	1.243629E-5
3.449655E1	-5.245826E-5	1.248053E-5
3.459654E1	-5.226187E-5	1.195235E-5
3.469653E1	-5.299410E-5	1.182786E-5
3.479652E1	-5.306345E-5	1.163836E-5
3.489651E1	-5.277893E-5	1.186946E-5
3.499650E1	-5.284921E-5	1.193175E-5
3.509649E1	-5.249648E-5	1.255494E-5
3.519648E1	-5.248352E-5	1.267063E-5
3.529647E1	-5.225561E-5	1.274094E-5
3.539646E1	-5.231174E-5	1.290318E-5
3.549645E1	-5.246346E-5	1.302825E-5
3.559644E1	-5.245751E-5	1.325750E-5
3.569643E1	-5.255022E-5	1.359272E-5
3.579642E1	-5.284393E-5	1.370746E-5
3.589641E1	-5.289606E-5	1.393991E-5
3.599640E1	-5.308030E-5	1.408243E-5
3.609639E1	-5.276351E-5	1.355489E-5
3.619638E1	-5.276538E-5	1.348737E-5
3.629637E1	-5.319024E-5	1.385966E-5
3.639636E1	-5.332893E-5	1.387794E-5
3.649635E1	-5.263830E-5	1.373959E-5
3.659634E1	-5.275882E-5	1.346841E-5
3.669633E1	-5.296179E-5	1.371317E-5
3.679632E1	-5.303748E-5	1.375895E-5
3.689631E1	-5.250112E-5	1.358101E-5
3.699630E1	-5.202642E-5	1.350925E-5
3.709629E1	-5.209538E-5	1.351802E-5
3.719628E1	-5.227673E-5	1.349854E-5
3.729627E1	-5.236925E-5	1.325445E-5
3.739626E1	-5.192687E-5	1.317614E-5
3.749625E1	-5.177742E-5	1.283784E-5
3.759624E1	-5.166154E-5	1.293970E-5
3.769623E1	-5.155316E-5	1.305764E-5
3.779622E1	-5.180565E-5	1.301681E-5
3.789621E1	-5.160642E-5	1.284898E-5
3.799620E1	-5.200831E-5	1.294982E-5
3.809619E1	-5.235432E-5	1.248524E-5
3.819618E1	-5.255856E-5	1.238953E-5
3.829617E1	-5.218549E-5	1.251105E-5
3.839616E1	-5.223670E-5	1.257916E-5
3.849615E1	-5.214676E-5	1.277730E-5
3.859614E1	-5.205692E-5	1.274252E-5
3.869613E1	-5.209516E-5	1.291788E-5
3.879612E1	-5.176794E-5	1.261140E-5
3.889611E1	-5.150621E-5	1.273730E-5
3.899610E1	-5.136035E-5	1.280356E-5
3.909609E1	-5.114854E-5	1.285912E-5
3.919608E1	-5.113294E-5	1.333656E-5
3.929607E1	-5.145468E-5	1.348959E-5
3.939606E1	-5.142241E-5	1.373801E-5
3.949605E1	-5.222857E-5	1.380307E-5
3.959604E1	-5.202285E-5	1.379707E-5
3.969603E1	-5.201316E-5	1.416639E-5
3.979602E1	-5.211896E-5	1.375729E-5
3.989601E1	-5.229348E-5	1.393688E-5
3.999600E1	-5.250467E-5	1.389654E-5
4.009599E1	-5.262365E-5	1.374500E-5
4.019598E1	-5.306984E-5	1.380995E-5
4.029597E1	-5.305589E-5	1.366360E-5
4.039596E1	-5.375558E-5	1.325213E-5
4.049595E1	-5.340145E-5	1.259810E-5
4.059594E1	-5.310267E-5	1.264360E-5
4.069593E1	-5.342170E-5	1.355881E-5
4.079592E1	-5.263830E-5	1.404090E-5
4.089591E1	-5.164951E-5	1.430192E-5
4.099590E1	-5.125841E-5	1.406485E-5
4.109589E1	-5.131015E-5	1.367773E-5
4.119588E1	-5.107497E-5	1.392767E-5
4.129587E1	-5.122887E-5	1.366013E-5
4.139586E1	-5.135737E-5	1.351611E-5
4.149585E1	-5.098897E-5	1.327955E-5
4.159584E1	-5.079884E-5	1.301596E-5
4.169583E1	-5.104168E-5	1.273749E-5
4.179582E1	-5.111853E-5	1.245869E-5
4.189581E1	-5.128677E-5	1.264250E-5
4.199580E1	-5.114512E-5	1.315473E-5
4.209579E1	-5.084224E-5	1.345567E-5
4.219578E1	-5.109316E-5	1.349922E-5
4.229577E1	-5.145586E-5	1.326858E-5
4.239576E1	-5.140022E-5	1.288170E-5
4.249575E1	-5.194063E-5	1.282738E-5
4.259574E1	-5.210102E-5	1.269413E-5
4.269573E1	-5.172884E-5	1.264567E-5
4.279572E1	-5.140378E-5	1.248104E-5
4.289571E1	-5.168189E-5	1.250727E-5
4.299570E1	-5.162371E-5	1.302599E-5
4.309569E1	-5.161712E-5	1.292400E-5
4.319568E1	-5.155122E-5	1.286651E-5
4.329567E1	-5.176973E-5	1.263279E-5
4.339566E1	-5.226107E-5	1.274026E-5
4.349565E1	-5.198947E-5	1.270405E-5
4.359564E1	-5.143307E-5	1.301645E-5
4.369563E1	-5.182358E-5	1.336817E-5
4.379562E1	-5.194020E-5	1.345660E-5
4.389561E1	-5.214383E-5	1.357281E-5
4.399560E1	-5.233076E-5	1.374829E-5
4.409559E1	-5.225671E-5	1.380271E-5
4.419558E1	-5.191376E-5	1.351813E-5
4.429557E1	-5.198092E-5	1.295721E-5
4.439556E1	-5.273781E-5	1.285257E-5
4.449555E1	-5.304720E-5	1.270397E-5
4.459554E1	-5.321078E-5	1.295619E-5
4.469553E1	-5.330117E-5	1.253436E-5
4.479552E1	-5.297227E-5	1.174853E-5
4.489551E1	-5.314255E-5	1.153495E-5
4.499550E1	-5.329340E-5	1.203456E-5
4.509549E1	-5.276565E-5	1.228735E-5
4.519548E1	-5.298023E-5	1.271799E-5
4.529547E1	-5.275534E-5	1.277289E-5
4.539546E1	-5.277269E-5	1.222713E-5
4.549545E1	-5.322801E-5	1.286192E-5
4.559544E1	-5.344165E-5	1.315718E-5
4.569543E1	-5.342216E-5	1.259043E-5
4.579542E1	-5.328289E-5	1.246039E-5
4.589541E1	-5.328191E-5	1.239436E-5
4.599540E1	-5.308983E-5	1.193883E-5
4.609539E1	-5.328093E-5	1.174677E-5
4.619538E1	-5.303470E-5	1.137150E-5
4.629537E1	-5.253783E-5	1.142816E-5
4.639536E1	-5.248435E-5	1.192122E-5
4.649535E1	-5.242929E-5	1.162415E-5
4.659534E1	-5.179449E-5	1.143387E-5
4.669533E1	-5.176272E-5	1.112967E-5
4.679532E1	-5.136847E-5	1.089853E-5
4.689531E1	-5.092382E-5	1.125307E-5
4.699530E1	-5.102367E-5	1.113175E-5
4.709529E1	-5.083046E-5	1.075665E-5
4.719528E1	-5.083046E-5	1.054574E-5
4.729527E1	-5.083046E-5	1.090731E-5
4.739526E1	-5.022784E-5	1.072652E-5
4.749525E1	-5.016758E-5	1.051561E-5
4.759524E1	-5.016758E-5	1.006365E-5
4.769523E1	-4.992654E-5	9.852733E-6
4.779522E1	-4.926366E-5	9.702079E-6
4.789521E1	-4.962523E-5	9.702079E-6
4.799520E1	-4.992654E-5	9.521295E-6
4.809519E1	-4.992654E-5	8.948812E-6
4.819518E1	-5.022784E-5	8.798159E-6
4.829517E1	-5.017171E-5	8.839853E-6
4.839516E1	-4.970175E-5	9.097433E-6
4.849515E1	-4.958599E-5	9.040529E-6
4.859514E1	-4.993216E-5	8.894769E-6
4.869513E1	-5.024993E-5	8.889595E-6
4.879512E1	-5.104609E-5	9.070770E-6
4.889511E1	-5.152419E-5	9.608627E-6
4.899510E1	-5.196485E-5	1.004006E-5
4.909509E1	-5.247413E-5	9.974469E-6
4.919508E1	-5.279629E-5	1.030068E-5
4.929507E1	-5.308264E-5	1.053081E-5
4.939506E1	-5.341741E-5	1.104035E-5
4.949505E1	-5.300693E-5	1.117364E-5
4.959504E1	-5.288407E-5	1.118705E-5
4.969503E1	-5.287883E-5	1.095300E-5
4.979502E1	-5.250607E-5	1.078149E-5
4.989501E1	-5.300895E-5	1.086321E-5
4.999500E1	-5.335174E-5	1.094241E-5
5.009499E1	-5.357235E-5	1.111822E-5
5.019498E1	-5.354222E-5	1.132914E-5
5.029497E1	-5.299393E-5	1.107449E-5
5.039496E1	-5.280844E-5	1.058885E-5
5.049495E1	-5.255501E-5	1.034141E-5
5.059494E1	-5.237490E-5	9.833693E-6
5.069493E1	-5.191693E-5	9.422405E-6
5.079492E1	-5.213424E-5	9.500307E-6
5.089491E1	-5.257688E-5	9.683604E-6
5.099490E1	-5.264310E-5	9.442474E-6
5.109489E1	-5.280198E-5	9.379235E-6
5.119488E1	-5.255570E-5	9.685352E-6
5.129487E1	-5.247784E-5	1.017517E-5
5.139486E1	-5.257804E-5	1.048548E-5
5.149485E1	-5.263830E-5	1.114835E-5
5.159484E1	-5.221647E-5	1.066626E-5
5.169483E1	-5.227673E-5	1.060600E-5
5.179482E1	-5.170425E-5	1.039508E-5
5.189481E1	-5.188503E-5	9.943125E-6
5.199480E1	-5.236712E-5	1.024443E-5
5.209479E1	-5.251778E-5	1.036495E-5
5.219478E1	-5.312039E-5	1.042522E-5
5.229477E1	-5.309026E-5	1.090731E-5
5.239476E1	-5.239725E-5	1.078678E-5
5.249475E1	-5.233699E-5	1.012391E-5
5.259474E1	-5.206582E-5	1.006365E-5
5.269473E1	-5.191516E-5	1.030469E-5
5.279472E1	-5.161386E-5	9.822602E-6
5.289471E1	-5.173438E-5	9.822602E-6
5.299470E1	-5.233699E-5	9.340511E-6
5.309469E1	-5.233699E-5	9.430903E-6
5.319468E1	-5.242738E-5	9.912994E-6
5.329467E1	-5.200555E-5	9.822602E-6
5.339466E1	-5.209595E-5	9.581556E-6
5.349465E1	-5.194529E-5	9.943125E-6
5.359464E1	-5.170425E-5	9.280250E-6
5.369463E1	-5.212608E-5	8.677636E-6
5.379462E1	-5.155359E-5	9.762340E-6
5.389461E1	-5.176451E-5	9.852733E-6
5.399460E1	-5.209595E-5	1.000339E-5
5.409459E1	-5.245751E-5	9.912994E-6
5.419458E1	-5.191516E-5	9.792471E-6
5.429457E1	-5.197542E-5	9.370642E-6
5.439456E1	-5.152346E-5	9.370642E-6
5.449455E1	-5.137281E-5	9.461034E-6
5.459454E1	-5.164399E-5	9.159727E-6
5.469453E1	-5.149333E-5	8.798159E-6
5.479452E1	-5.140294E-5	8.466721E-6
5.489451E1	-5.176451E-5	8.135284E-6
5.499450E1	-5.197542E-5	8.798159E-6
5.509449E1	-5.194529E-5	9.219988E-6
5.519448E1	-5.227673E-5	9.219988E-6
5.529447E1	-5.236712E-5	9.762340E-6
5.539446E1	-5.260817E-5	1.036495E-5
5.549445E1	-5.296974E-5	9.641818E-6
5.559444E1	-5.357235E-5	8.918681E-6
5.569443E1	-5.426536E-5	9.280250E-6
5.579442E1	-5.456666E-5	9.159727E-6
5.589441E1	-5.441601E-5	9.581556E-6
5.599440E1	-5.396405E-5	1.042522E-5
5.609439E1	-5.486797E-5	9.973255E-6
5.619438E1	-5.468719E-5	9.340511E-6
5.629437E1	-5.535006E-5	9.340511E-6
5.639436E1	-5.528980E-5	9.611687E-6
5.649435E1	-5.519941E-5	9.430903E-6
5.659434E1	-5.528980E-5	8.707767E-6
5.669433E1	-5.574176E-5	8.135284E-6
5.679432E1	-5.598280E-5	8.044892E-6
5.689431E1	-5.613346E-5	7.653193E-6
5.699430E1	-5.583215E-5	8.376329E-6
5.709429E1	-5.616359E-5	7.833977E-6
5.719428E1	-5.631424E-5	6.719142E-6
5.729427E1	-5.631424E-5	6.206920E-6
5.739426E1	-5.580202E-5	5.724829E-6
5.749425E1	-5.595267E-5	5.363261E-6
5.759424E1	-5.625398E-5	4.941432E-6
5.769423E1	-5.598234E-5	4.926915E-6
5.779422E1	-5.612910E-5	4.874189E-6
5.789421E1	-5.564336E-5	4.551151E-6
5.799420E1	-5.533635E-5	4.504995E-6
5.809419E1	-5.524273E-5	4.443052E-6
5.819418E1	-5.534248E-5	4.092229E-6
5.829417E1	-5.588475E-5	3.840415E-6
5.839416E1	-5.577845E-5	3.845674E-6
5.849415E1	-5.589640E-5	3.108439E-6
5.859414E1	-5.651878E-5	2.838272E-6
5.869413E1	-5.640031E-5	2.196545E-6
5.879412E1	-5.650847E-5	1.819633E-6
5.889411E1	-5.658252E-5	2.259015E-6
5.899410E1	-5.686004E-5	1.878280E-6
5.909409E1	-5.694285E-5	2.308532E-6
5.919408E1	-5.716651E-5	2.165914E-6
5.929407E1	-5.699860E-5	1.927136E-6
5.939406E1	-5.683589E-5	1.646993E-6
5.949405E1	-5.654584E-5	2.126812E-6
5.959404E1	-5.596797E-5	1.993903E-6
5.969403E1	-5.646103E-5	1.712567E-6
5.979402E1	-5.672817E-5	2.121565E-6
5.989401E1	-5.685246E-5	1.905578E-6
5.999400E1	-5.710405E-5	2.140261E-6
6.009399E1	-5.763528E-5	2.366710E-6
6.019398E1	-5.810797E-5	2.501061E-6
6.029397E1	-5.768010E-5	3.062755E-6
6.039396E1	-5.766689E-5	3.020857E-6
6.049395E1	-5.784156E-5	3.343142E-6
6.059394E1	-5.839898E-5	3.828231E-6
6.069393E1	-5.869676E-5	3.666447E-6
6.079392E1	-5.866443E-5	3.675943E-6
6.089391E1	-5.820968E-5	3.514977E-6
6.099390E1	-5.771229E-5	3.709340E-6
6.109389E1	-5.760986E-5	3.284244E-6
6.119388E1	-5.809195E-5	3.434898E-6
6.129387E1	-5.839326E-5	3.254113E-6
6.139386E1	-5.857404E-5	3.434898E-6
6.149385E1	-5.851378E-5	3.555420E-6
6.159384E1	-5.815221E-5	3.856727E-6
6.169383E1	-5.842339E-5	3.886858E-6
6.179382E1	-5.842339E-5	4.007381E-6
6.189381E1	-5.878496E-5	4.700386E-6
6.199380E1	-5.890548E-5	4.640125E-6
6.209379E1	-5.935744E-5	4.700386E-6
6.219378E1	-5.956836E-5	5.182477E-6
6.229377E1	-6.005323E-5	5.558628E-6
6.239376E1	-6.000379E-5	5.974614E-6
6.249375E1	-5.958038E-5	6.361387E-6
6.259374E1	-5.973810E-5	6.856750E-6
6.269373E1	-5.987808E-5	7.244727E-6
6.279372E1	-6.007956E-5	7.213431E-6
6.289371E1	-6.025320E-5	7.149351E-6
6.299370E1	-6.015635E-5	6.811409E-6
6.309369E1	-6.024767E-5	6.376731E-6
6.319368E1	-5.967094E-5	5.915592E-6
6.329367E1	-5.938296E-5	6.154419E-6
6.339366E1	-5.935802E-5	5.896306E-6
6.349365E1	-5.903694E-5	6.095683E-6
6.359364E1	-5.899460E-5	6.193923E-6
6.369363E1	-5.899928E-5	5.641728E-6
6.379362E1	-5.912548E-5	5.526435E-6
6.389361E1	-5.971180E-5	5.720223E-6
6.399360E1	-5.987724E-5	5.694128E-6
6.409359E1	-5.977048E-5	5.749550E-6
6.419358E1	-6.025301E-5	6.168978E-6
6.429357E1	-6.035641E-5	6.617733E-6
6.439356E1	-6.058746E-5	6.744360E-6
6.449355E1	-6.054657E-5	6.396504E-6
6.459354E1	-6.063259E-5	5.940954E-6
6.469353E1	-6.034698E-5	5.801376E-6
6.479352E1	-6.048205E-5	5.499008E-6
6.489351E1	-6.045952E-5	5.419679E-6
6.499350E1	-6.029403E-5	4.951655E-6
6.509349E1	-6.059280E-5	4.790778E-6
6.519348E1	-5.962862E-5	4.881170E-6
6.529347E1	-5.920679E-5	5.182477E-6
6.539346E1	-5.854391E-5	5.242738E-6
6.549345E1	-5.941770E-5	5.242738E-6
6.559344E1	-5.974914E-5	5.393392E-6
6.569343E1	-6.035175E-5	5.363261E-6
6.579342E1	-5.974914E-5	4.820909E-6
6.589341E1	-5.926705E-5	5.031824E-6
6.599340E1	-5.905613E-5	5.242738E-6
6.609339E1	-5.899258E-5	4.959564E-6
6.619338E1	-5.874790E-5	5.148149E-6
6.629337E1	-5.865625E-5	5.076642E-6
6.639336E1	-5.886788E-5	5.091294E-6
6.649335E1	-5.905773E-5	5.237133E-6
6.659334E1	-5.926854E-5	5.471929E-6
6.669333E1	-5.902317E-5	5.239831E-6
6.679332E1	-5.863614E-5	5.507161E-6
6.689331E1	-5.858086E-5	5.813560E-6
6.699330E1	-5.873035E-5	6.350409E-6
6.709329E1	-5.929718E-5	5.363261E-6
6.719328E1	-5.906035E-5	4.933976E-6
6.729327E1	-5.882880E-5	4.765337E-6
6.739326E1	-5.927153E-5	5.046175E-6
6.749325E1	-5.885977E-5	5.173335E-6
6.759324E1	-5.878378E-5	5.342583E-6
6.769323E1	-5.860319E-5	4.746100E-6
6.779322E1	-5.881837E-5	4.352340E-6
6.789321E1	-5.885338E-5	4.395307E-6
6.799320E1	-5.862435E-5	4.446543E-6
6.809319E1	-5.809914E-5	4.326218E-6
6.819318E1	-5.810767E-5	4.080496E-6
6.829317E1	-5.787108E-5	4.029951E-6
6.839316E1	-5.779393E-5	3.961141E-6
6.849315E1	-5.801329E-5	4.439410E-6
6.859314E1	-5.774744E-5	4.963133E-6
6.869313E1	-5.727842E-5	4.670255E-6
6.879312E1	-5.700725E-5	4.640125E-6
6.889311E1	-5.658542E-5	4.127903E-6
6.899310E1	-5.580767E-5	4.388459E-6
6.909309E1	-5.557773E-5	4.389881E-6
6.919308E1	-5.534694E-5	4.085476E-6
6.929307E1	-5.583965E-5	3.828553E-6
6.939306E1	-5.602896E-5	4.167679E-6
6.949305E1	-5.607518E-5	4.358777E-6
6.959304E1	-5.640523E-5	4.338177E-6
6.969303E1	-5.629909E-5	4.152524E-6
6.979302E1	-5.585965E-5	4.129694E-6
6.989301E1	-5.598468E-5	4.194525E-6
6.999300E1	-5.569994E-5	4.205131E-6
7.009299E1	-5.609924E-5	4.355422E-6
7.019298E1	-5.636074E-5	3.928420E-6
7.029297E1	-5.623714E-5	3.524420E-6
7.039296E1	-5.648965E-5	3.595598E-6
7.049295E1	-5.586809E-5	3.399873E-6
7.059294E1	-5.510901E-5	3.103460E-6
7.069293E1	-5.519941E-5	3.013068E-6
7.079292E1	-5.486797E-5	3.013068E-6
7.089291E1	-5.516928E-5	2.741892E-6
7.099290E1	-5.516928E-5	2.561108E-6
7.109289E1	-5.504875E-5	2.109148E-6
7.119288E1	-5.500780E-5	1.913746E-6
7.129287E1	-5.527763E-5	1.629050E-6
7.139286E1	-5.499484E-5	1.277335E-6
7.149285E1	-5.509159E-5	1.129361E-6
7.159284E1	-5.529079E-5	3.971677E-7
7.169283E1	-5.529126E-5	5.973681E-8
7.179282E1	-5.557329E-5	-5.654487E-7
7.189281E1	-5.558665E-5	-6.307051E-7
7.199280E1	-5.532850E-5	-6.155571E-7
7.209279E1	-5.534026E-5	-1.147471E-6
7.219278E1	-5.566464E-5	-1.762450E-6
7.229277E1	-5.554292E-5	-2.057056E-6
7.239276E1	-5.525967E-5	-1.566795E-6
7.249275E1	-5.507888E-5	-1.898233E-6
7.259274E1	-5.490511E-5	-1.936020E-6
7.269273E1	-5.487984E-5	-2.244029E-6
7.279272E1	-5.408050E-5	-2.531920E-6
7.289271E1	-5.383930E-5	-2.410046E-6
7.299270E1	-5.382363E-5	-2.624022E-6
7.309269E1	-5.414080E-5	-2.378381E-6
7.319268E1	-5.473403E-5	-2.486151E-6
7.329267E1	-5.501784E-5	-2.374208E-6
7.339266E1	-5.493736E-5	-2.100804E-6
7.349265E1	-5.504281E-5	-1.310878E-6
7.359264E1	-5.481818E-5	-1.435543E-6
7.369263E1	-5.418012E-5	-1.264178E-6
7.379262E1	-5.497338E-5	-1.639819E-6
7.389261E1	-5.509003E-5	-2.124892E-6
7.399260E1	-5.492823E-5	-2.410454E-6
7.409259E1	-5.480771E-5	-2.199540E-6
7.419258E1	-5.541032E-5	-1.596926E-6
7.429257E1	-5.604307E-5	-1.416142E-6
7.439256E1	-5.559111E-5	-1.386011E-6
7.449255E1	-5.571163E-5	-1.596926E-6
7.459254E1	-5.613346E-5	-2.139278E-6
7.469253E1	-5.568150E-5	-1.928364E-6
7.479252E1	-5.462692E-5	-2.470716E-6
7.489251E1	-5.426536E-5	-3.103460E-6
7.499250E1	-5.402431E-5	-2.922676E-6
7.509249E1	-5.402431E-5	-3.404767E-6
7.519248E1	-5.456666E-5	-3.193852E-6
7.529247E1	-5.498849E-5	-3.374636E-6
7.539246E1	-5.510901E-5	-3.645812E-6
7.549245E1	-5.498849E-5	-3.645812E-6
7.559244E1	-5.501862E-5	-4.067642E-6
7.569243E1	-5.479749E-5	-3.942148E-6
7.579242E1	-5.463981E-5	-3.628585E-6
7.589241E1	-5.453600E-5	-3.777310E-6
7.599240E1	-5.369287E-5	-4.188165E-6
7.609239E1	-5.303000E-5	-4.278557E-6
7.619238E1	-5.329658E-5	-4.266252E-6
7.629237E1	-5.307181E-5	-4.494606E-6
7.639236E1	-5.287516E-5	-5.035817E-6
7.649235E1	-5.352333E-5	-5.250853E-6
7.659234E1	-5.377645E-5	-5.431299E-6
7.669233E1	-5.371652E-5	-5.239335E-6
7.679232E1	-5.347609E-5	-5.296785E-6
7.689231E1	-5.294787E-5	-5.157456E-6
7.699230E1	-5.310432E-5	-4.720236E-6
7.709229E1	-5.319741E-5	-4.047458E-6
7.719228E1	-5.292688E-5	-4.469257E-6
7.729227E1	-5.269856E-5	-4.609994E-6
7.739226E1	-5.312039E-5	-4.429210E-6
7.749225E1	-5.356503E-5	-4.138709E-6
7.759224E1	-5.383628E-5	-4.020613E-6
7.769223E1	-5.350500E-5	-4.275013E-6
7.779222E1	-5.382110E-5	-4.446720E-6
7.789221E1	-5.407654E-5	-4.506045E-6
7.799220E1	-5.432562E-5	-5.634437E-6
7.809219E1	-5.463326E-5	-6.135942E-6
7.819218E1	-5.470995E-5	-6.312770E-6
7.829217E1	-5.498849E-5	-5.333130E-6
7.839216E1	-5.510901E-5	-5.363261E-6
7.849215E1	-5.513915E-5	-5.574176E-6
7.859214E1	-5.572486E-5	-5.547864E-6
7.869213E1	-5.575638E-5	-6.138085E-6
7.879212E1	-5.592981E-5	-7.065260E-6
7.889211E1	-5.578879E-5	-7.505218E-6
7.899210E1	-5.592254E-5	-8.075022E-6
7.909209E1	-5.637450E-5	-8.225676E-6
7.919208E1	-5.625398E-5	-8.737897E-6
7.929207E1	-5.652516E-5	-8.948812E-6
7.939206E1	-5.625398E-5	-8.587244E-6
7.949205E1	-5.571163E-5	-8.526983E-6
7.959204E1	-5.625398E-5	-7.954500E-6
7.969203E1	-5.652689E-5	-7.305281E-6
7.979202E1	-5.655690E-5	-7.245580E-6
7.989201E1	-5.661840E-5	-7.628116E-6
7.999200E1	-5.661391E-5	-7.993300E-6
8.009199E1	-5.650388E-5	-7.960556E-6
8.019198E1	-5.666548E-5	-7.726191E-6
8.029197E1	-5.683300E-5	-7.871790E-6
8.039196E1	-5.738071E-5	-8.129372E-6
8.049195E1	-5.803510E-5	-8.269058E-6
8.059194E1	-5.785600E-5	-8.393648E-6
8.069193E1	-5.805119E-5	-8.529173E-6
8.079192E1	-5.803471E-5	-8.664279E-6
8.089191E1	-5.834329E-5	-8.499684E-6
8.099190E1	-5.859622E-5	-8.087717E-6
8.109189E1	-5.855848E-5	-7.864044E-6
8.119188E1	-5.870771E-5	-7.656555E-6
8.129187E1	-5.866631E-5	-7.989123E-6
8.139186E1	-5.902577E-5	-8.408463E-6
8.149185E1	-5.944783E-5	-9.129596E-6
8.159184E1	-5.944783E-5	-9.430903E-6
8.169183E1	-5.970619E-5	-9.585836E-6
8.179182E1	-5.986605E-5	-1.012649E-5
8.189181E1	-5.990702E-5	-1.026741E-5
8.199180E1	-5.996734E-5	-1.031102E-5
8.209179E1	-6.000456E-5	-1.008089E-5
8.219178E1	-5.972022E-5	-9.872458E-6
8.229177E1	-5.940629E-5	-1.001794E-5
8.239176E1	-5.920501E-5	-1.035438E-5
8.249175E1	-5.918703E-5	-1.041835E-5
8.259174E1	-5.871918E-5	-1.025008E-5
8.269173E1	-5.870655E-5	-1.051481E-5
8.279172E1	-5.816076E-5	-1.059008E-5
8.289171E1	-5.836715E-5	-1.005330E-5
8.299170E1	-5.841617E-5	-9.693306E-6
8.309169E1	-5.827274E-5	-9.310380E-6
8.319168E1	-5.808611E-5	-9.387698E-6
8.329167E1	-5.855927E-5	-9.638612E-6
8.339166E1	-5.847735E-5	-9.161711E-6
8.349165E1	-5.862493E-5	-9.424066E-6
8.359164E1	-5.818234E-5	-9.310380E-6
8.369163E1	-5.806182E-5	-8.888551E-6
8.379162E1	-5.757973E-5	-9.671948E-6
8.389161E1	-5.679633E-5	-9.551426E-6
8.399160E1	-5.653407E-5	-9.703045E-6
8.409159E1	-5.674835E-5	-9.194645E-6
8.419158E1	-5.736452E-5	-9.513610E-6
8.429157E1	-5.766979E-5	-9.436969E-6
8.439156E1	-5.769069E-5	-9.736041E-6
8.449155E1	-5.742674E-5	-9.845921E-6
8.459154E1	-5.720438E-5	-1.010066E-5
8.469153E1	-5.666845E-5	-9.436062E-6
8.479152E1	-5.664304E-5	-9.154792E-6
8.489151E1	-5.676841E-5	-9.139770E-6
8.499150E1	-5.656446E-5	-9.496005E-6
8.509149E1	-5.655504E-5	-9.835559E-6
8.519148E1	-5.617561E-5	-1.036000E-5
8.529147E1	-5.528980E-5	-1.021430E-5
8.539146E1	-5.495836E-5	-1.003352E-5
8.549145E1	-5.531993E-5	-1.018417E-5
8.559144E1	-5.462692E-5	-1.003352E-5
8.569143E1	-5.420509E-5	-9.189858E-6
8.579142E1	-5.456666E-5	-9.129596E-6
8.589141E1	-5.390533E-5	-9.594507E-6
8.599140E1	-5.340817E-5	-9.620144E-6
8.609139E1	-5.309026E-5	-9.973255E-6
8.619138E1	-5.394204E-5	-1.031063E-5
8.629137E1	-5.432559E-5	-1.037139E-5
8.639136E1	-5.408457E-5	-9.912994E-6
8.649135E1	-5.438588E-5	-9.310380E-6
8.659134E1	-5.414483E-5	-9.310380E-6
8.669133E1	-5.378326E-5	-9.912994E-6
8.679132E1	-5.336144E-5	-1.000339E-5
8.689131E1	-5.306013E-5	-9.792471E-6
8.699130E1	-5.369287E-5	-9.792471E-6
8.709129E1	-5.373620E-5	-1.026572E-5
8.719128E1	-5.284921E-5	-1.030469E-5
8.729127E1	-5.267693E-5	-1.028101E-5
8.739126E1	-5.312039E-5	-1.057587E-5
8.749125E1	-5.324091E-5	-1.166057E-5
8.759124E1	-5.348196E-5	-1.232345E-5
8.769123E1	-5.393392E-5	-1.262476E-5
8.779122E1	-5.348196E-5	-1.238371E-5
8.789121E1	-5.321078E-5	-1.250423E-5
8.799120E1	-5.306013E-5	-1.256449E-5
8.809119E1	-5.393392E-5	-1.274528E-5
8.819118E1	-5.426536E-5	-1.238371E-5
8.829117E1	-5.381446E-5	-1.246955E-5
8.839116E1	-5.372300E-5	-1.208240E-5
8.849115E1	-5.378287E-5	-1.178946E-5
8.859114E1	-5.369830E-5	-1.172656E-5
8.869113E1	-5.360419E-5	-1.132802E-5
8.879112E1	-5.391444E-5	-1.084620E-5
8.889111E1	-5.327734E-5	-1.031088E-5
8.899110E1	-5.333648E-5	-1.002206E-5
8.909109E1	-5.333948E-5	-1.005166E-5
8.919108E1	-5.335522E-5	-1.076006E-5
8.929107E1	-5.387366E-5	-1.090731E-5
8.939106E1	-5.390379E-5	-1.087718E-5
8.949105E1	-5.393392E-5	-1.099770E-5
8.959104E1	-5.372300E-5	-1.169070E-5
8.969103E1	-5.348196E-5	-1.214266E-5
8.979102E1	-5.321078E-5	-1.238371E-5
8.989101E1	-5.348196E-5	-1.235358E-5
8.999100E1	-5.306013E-5	-1.253436E-5
9.009099E1	-5.293961E-5	-1.229332E-5
9.019098E1	-5.251778E-5	-1.196188E-5
9.029097E1	-5.299987E-5	-1.178110E-5
9.039096E1	-5.272869E-5	-1.184136E-5
9.049095E1	-5.215621E-5	-1.150992E-5
9.059094E1	-5.194529E-5	-1.178110E-5
9.069093E1	-5.161386E-5	-1.193175E-5
9.079092E1	-5.206582E-5	-1.129901E-5
9.089091E1	-5.221647E-5	-1.172083E-5
9.099090E1	-5.245751E-5	-1.175097E-5
9.109089E1	-5.263386E-5	-1.153452E-5
9.119088E1	-5.243400E-5	-1.154045E-5
9.129087E1	-5.296407E-5	-1.086949E-5
9.139086E1	-5.322737E-5	-1.033891E-5
9.149085E1	-5.323637E-5	-9.872307E-6
9.159084E1	-5.344618E-5	-9.347738E-6
9.169083E1	-5.320123E-5	-9.233228E-6
9.179082E1	-5.293618E-5	-9.142666E-6
9.189081E1	-5.268246E-5	-9.279768E-6
9.199080E1	-5.317948E-5	-9.361655E-6
9.209079E1	-5.311359E-5	-9.495544E-6
9.219078E1	-5.221260E-5	-9.640355E-6
9.229077E1	-5.201817E-5	-9.412185E-6
9.239076E1	-5.234556E-5	-9.175732E-6
9.249075E1	-5.265377E-5	-9.344449E-6
9.259074E1	-5.269090E-5	-9.445350E-6
9.269073E1	-5.295860E-5	-9.206649E-6
9.279072E1	-5.283780E-5	-9.088281E-6
9.289071E1	-5.293956E-5	-9.064208E-6
9.299070E1	-5.314715E-5	-9.284495E-6
9.309069E1	-5.344961E-5	-9.372340E-6
9.319068E1	-5.392147E-5	-9.166513E-6
9.329067E1	-5.396990E-5	-9.309310E-6
9.339066E1	-5.413773E-5	-9.323485E-6
9.349065E1	-5.421041E-5	-9.339393E-6
9.359064E1	-5.427865E-5	-9.316541E-6
9.369063E1	-5.442999E-5	-9.045248E-6
9.379062E1	-5.480525E-5	-8.988763E-6
9.389061E1	-5.489371E-5	-8.811617E-6
9.399060E1	-5.411470E-5	-7.713454E-6
9.409059E1	-5.459955E-5	-7.658081E-6
9.419058E1	-5.485286E-5	-7.313618E-6
9.429057E1	-5.501218E-5	-7.058797E-6
9.439056E1	-5.474370E-5	-7.087201E-6
9.449055E1	-5.461303E-5	-6.873705E-6
9.459054E1	-5.414483E-5	-6.598619E-6
9.469053E1	-5.380083E-5	-6.402329E-6
9.479052E1	-5.329140E-5	-5.765243E-6
9.489051E1	-5.369784E-5	-6.312142E-6
9.499050E1	-5.390773E-5	-6.427708E-6
9.509049E1	-5.408457E-5	-6.809534E-6
9.519048E1	-5.384353E-5	-7.080710E-6
9.529047E1	-5.372220E-5	-6.874006E-6
9.539046E1	-5.315264E-5	-7.033805E-6
9.549045E1	-5.236712E-5	-8.044892E-6
9.559044E1	-5.226044E-5	-8.559953E-6
9.569043E1	-5.244724E-5	-9.067965E-6
9.579042E1	-5.281773E-5	-9.050698E-6
9.589041E1	-5.343875E-5	-9.274057E-6
9.599040E1	-5.343370E-5	-9.145456E-6
9.609039E1	-5.403549E-5	-9.159082E-6
9.619038E1	-5.385958E-5	-9.500294E-6
9.629037E1	-5.365492E-5	-9.098616E-6
9.639036E1	-5.358652E-5	-9.047308E-6
9.649035E1	-5.339345E-5	-9.085335E-6
9.659034E1	-5.320417E-5	-9.024908E-6
9.669033E1	-5.334517E-5	-8.941553E-6
9.679032E1	-5.369752E-5	-8.542994E-6
9.689031E1	-5.412230E-5	-8.332120E-6
9.699030E1	-5.380764E-5	-8.456824E-6
9.709029E1	-5.335661E-5	-8.207211E-6
9.719028E1	-5.352743E-5	-8.136504E-6
9.729027E1	-5.309435E-5	-8.518559E-6
9.739026E1	-5.291495E-5	-8.673772E-6
9.749025E1	-5.304153E-5	-9.078239E-6
9.759024E1	-5.291845E-5	-9.009508E-6
9.769023E1	-5.315052E-5	-8.587244E-6
9.779022E1	-5.364058E-5	-7.689449E-6
9.789021E1	-5.324091E-5	-7.743585E-6
9.799020E1	-5.304879E-5	-8.225623E-6
9.809019E1	-5.333130E-5	-8.255806E-6
9.819018E1	-5.348196E-5	-8.316068E-6
9.829017E1	-5.348196E-5	-8.346199E-6
9.839016E1	-5.257804E-5	-8.044892E-6
9.849015E1	-5.275882E-5	-8.165414E-6
9.859014E1	-5.269856E-5	-7.442278E-6
9.869013E1	-5.324091E-5	-6.990318E-6
9.879012E1	-5.309026E-5	-7.412147E-6
9.889011E1	-5.387366E-5	-7.351886E-6
9.899010E1	-5.360248E-5	-6.689011E-6
9.909009E1	-5.402431E-5	-6.689011E-6
9.919008E1	-5.438588E-5	-6.658880E-6
9.929007E1	-5.408457E-5	-6.899926E-6
9.939006E1	-5.360248E-5	-7.020449E-6
9.949005E1	-5.336144E-5	-7.623062E-6
9.959004E1	-5.281908E-5	-7.833977E-6
9.969003E1	-5.284921E-5	-7.140971E-6
9.979002E1	-5.227673E-5	-6.719142E-6
9.989001E1	-5.242738E-5	-6.839664E-6
9.999000E1	-5.233699E-5	-6.508227E-6
1.000900E2	-5.230686E-5	-6.779403E-6
1.001900E2	-5.239725E-5	-6.779403E-6
1.002900E2	-5.215621E-5	-6.899926E-6
1.003900E2	-5.179464E-5	-6.899926E-6
1.004900E2	-5.224660E-5	-7.020449E-6
1.005899E2	-5.173438E-5	-7.050579E-6
1.006899E2	-5.176451E-5	-6.719142E-6
1.007899E2	-5.161386E-5	-7.080710E-6
1.008899E2	-5.113176E-5	-7.502539E-6
1.009899E2	-5.110163E-5	-7.502539E-6
1.010899E2	-5.134268E-5	-7.080710E-6
1.011899E2	-5.125229E-5	-6.658880E-6
1.012899E2	-5.188503E-5	-7.261494E-6
1.013899E2	-5.221647E-5	-7.321755E-6
1.014899E2	-5.179464E-5	-7.201233E-6
1.015898E2	-5.140294E-5	-6.628750E-6
1.016898E2	-5.161386E-5	-7.623062E-6
1.017898E2	-5.107150E-5	-7.653193E-6
1.018898E2	-5.067980E-5	-7.864108E-6
1.019898E2	-5.055928E-5	-7.984630E-6
1.020898E2	-5.052397E-5	-7.944161E-6
1.021898E2	-5.085833E-5	-7.266199E-6
1.022898E2	-5.119031E-5	-6.973363E-6
1.023898E2	-5.124024E-5	-7.261633E-6
1.024898E2	-5.125831E-5	-7.397679E-6
1.025897E2	-5.093029E-5	-8.016892E-6
1.026897E2	-5.108130E-5	-8.275717E-6
1.027897E2	-5.121893E-5	-8.236660E-6
1.028897E2	-5.090188E-5	-8.181697E-6
1.029897E2	-5.036945E-5	-8.684474E-6
1.030897E2	-4.997126E-5	-8.708079E-6
1.031897E2	-4.974881E-5	-8.861037E-6
1.032897E2	-4.926289E-5	-8.373409E-6
1.033897E2	-4.928968E-5	-8.722292E-6
1.034897E2	-4.969436E-5	-9.191239E-6
1.035896E2	-4.953759E-5	-9.181636E-6
1.036896E2	-4.960169E-5	-8.800202E-6
1.037896E2	-4.958892E-5	-8.223115E-6
1.038896E2	-4.928201E-5	-8.384360E-6
1.039896E2	-4.857898E-5	-8.537816E-6
1.040896E2	-4.891497E-5	-8.427956E-6
1.041896E2	-4.935738E-5	-8.437073E-6
1.042896E2	-4.901413E-5	-8.448039E-6
1.043896E2	-4.874344E-5	-8.510361E-6
1.044896E2	-4.915095E-5	-8.997764E-6
1.045895E2	-4.926084E-5	-9.335017E-6
1.046895E2	-4.914685E-5	-9.667682E-6
1.047895E2	-4.912121E-5	-9.499468E-6
1.048895E2	-4.903110E-5	-9.519251E-6
1.049895E2	-4.861927E-5	-9.415176E-6
1.050895E2	-4.864237E-5	-9.362013E-6
1.051895E2	-4.830504E-5	-9.522550E-6
1.052895E2	-4.762130E-5	-9.158408E-6
1.053895E2	-4.721602E-5	-8.796148E-6
1.054895E2	-4.697712E-5	-8.331793E-6
1.055894E2	-4.690792E-5	-8.403427E-6
1.056894E2	-4.714960E-5	-8.401946E-6
1.057894E2	-4.734980E-5	-8.514687E-6
1.058894E2	-4.700927E-5	-7.918197E-6
1.059894E2	-4.740075E-5	-7.346842E-6
1.060894E2	-4.724880E-5	-6.994570E-6
1.061894E2	-4.709662E-5	-7.087137E-6
1.062894E2	-4.734274E-5	-6.705125E-6
1.063894E2	-4.715388E-5	-6.469524E-6
1.064894E2	-4.649962E-5	-6.692645E-6
1.065893E2	-4.652921E-5	-6.797132E-6
1.066893E2	-4.702029E-5	-6.704041E-6
1.067893E2	-4.672053E-5	-7.327997E-6
1.068893E2	-4.661591E-5	-7.879088E-6
1.069893E2	-4.641832E-5	-8.230277E-6
1.070893E2	-4.624400E-5	-8.176829E-6
1.071893E2	-4.672779E-5	-8.034718E-6
1.072893E2	-4.688839E-5	-7.835535E-6
1.073893E2	-4.728913E-5	-8.170259E-6
1.074893E2	-4.674243E-5	-7.977727E-6
1.075892E2	-4.665138E-5	-7.969594E-6
1.076892E2	-4.665181E-5	-7.958880E-6
1.077892E2	-4.627744E-5	-8.643170E-6
1.078892E2	-4.664249E-5	-8.737662E-6
1.079892E2	-4.730828E-5	-9.070245E-6
1.080892E2	-4.740374E-5	-8.919410E-6
1.081892E2	-4.762866E-5	-8.980908E-6
1.082892E2	-4.689237E-5	-9.664077E-6
1.083892E2	-4.649287E-5	-1.044045E-5
1.084892E2	-4.669921E-5	-1.020827E-5
1.085891E2	-4.634115E-5	-1.030172E-5
1.086891E2	-4.575373E-5	-1.011898E-5
1.087891E2	-4.601535E-5	-1.007668E-5
1.088891E2	-4.646048E-5	-1.004225E-5
1.089891E2	-4.686511E-5	-9.653237E-6
1.090891E2	-4.685734E-5	-9.764592E-6
1.091891E2	-4.669661E-5	-9.672218E-6
1.092891E2	-4.648447E-5	-1.022242E-5
1.093891E2	-4.670677E-5	-1.060222E-5
1.094891E2	-4.668711E-5	-1.073550E-5
1.095890E2	-4.715433E-5	-1.128168E-5
1.096890E2	-4.720266E-5	-1.132038E-5
1.097890E2	-4.671492E-5	-1.105541E-5
1.098890E2	-4.693973E-5	-1.069436E-5
1.099890E2	-4.714210E-5	-1.036657E-5
1.100890E2	-4.718775E-5	-9.854518E-6
1.101890E2	-4.688010E-5	-9.642737E-6
1.102890E2	-4.640054E-5	-9.420624E-6
1.103890E2	-4.652573E-5	-9.310933E-6
1.104890E2	-4.635398E-5	-8.961954E-6
1.105889E2	-4.608242E-5	-8.711592E-6
1.106889E2	-4.614223E-5	-8.440802E-6
1.107889E2	-4.591612E-5	-8.583676E-6
1.108889E2	-4.565510E-5	-8.262217E-6
1.109889E2	-4.628739E-5	-7.641203E-6
1.110889E2	-4.600546E-5	-7.270696E-6
1.111889E2	-4.582346E-5	-7.174369E-6
1.112889E2	-4.608519E-5	-7.302513E-6
1.113889E2	-4.574427E-5	-7.264254E-6
1.114889E2	-4.553460E-5	-7.267329E-6
1.115888E2	-4.554492E-5	-7.788125E-6
1.116888E2	-4.516311E-5	-7.508051E-6
1.117888E2	-4.531586E-5	-6.987144E-6
1.118888E2	-4.509937E-5	-6.535166E-6
1.119888E2	-4.583840E-5	-6.593330E-6
1.120888E2	-4.586216E-5	-6.768311E-6
1.121888E2	-4.541597E-5	-6.974329E-6
1.122888E2	-4.595835E-5	-7.042203E-6
1.123888E2	-4.612497E-5	-6.844825E-6
1.124888E2	-4.570129E-5	-7.198683E-6
1.125887E2	-4.464737E-5	-7.151278E-6
1.126887E2	-4.443360E-5	-7.692549E-6
1.127887E2	-4.448259E-5	-7.362915E-6
1.128887E2	-4.466534E-5	-7.115225E-6
1.129887E2	-4.486315E-5	-6.801046E-6
1.130887E2	-4.449740E-5	-6.735191E-6
1.131887E2	-4.406770E-5	-6.511970E-6
1.132887E2	-4.325697E-5	-7.175067E-6
1.133887E2	-4.282942E-5	-7.376207E-6
1.134887E2	-4.248980E-5	-7.388219E-6
1.135886E2	-4.269066E-5	-7.094089E-6
1.136886E2	-4.214714E-5	-6.902217E-6
1.137886E2	-4.194186E-5	-7.195673E-6
1.138886E2	-4.223085E-5	-7.583913E-6
1.139886E2	-4.209084E-5	-7.634560E-6
1.140886E2	-4.195170E-5	-7.649466E-6
1.141886E2	-4.194834E-5	-7.823080E-6
1.142886E2	-4.153646E-5	-7.906751E-6
1.143886E2	-4.130747E-5	-7.374183E-6
1.144886E2	-4.131555E-5	-6.849569E-6
1.145885E2	-3.978929E-5	-6.903810E-6
1.146885E2	-3.956451E-5	-6.861747E-6
1.147885E2	-3.915934E-5	-7.277919E-6
1.148885E2	-3.918017E-5	-7.304058E-6
1.149885E2	-3.908519E-5	-7.410089E-6
1.150885E2	-3.834001E-5	-7.589046E-6
1.151885E2	-3.769950E-5	-7.398481E-6
1.152885E2	-3.809105E-5	-7.406323E-6
1.153885E2	-3.812601E-5	-7.435909E-6
1.154885E2	-3.804902E-5	-6.884775E-6
1.155884E2	-3.745970E-5	-7.097653E-6
1.156884E2	-3.744063E-5	-7.450526E-6
1.157884E2	-3.748859E-5	-7.570667E-6
1.158884E2	-3.764074E-5	-7.554288E-6
1.159884E2	-3.784588E-5	-7.791612E-6
1.160884E2	-3.765361E-5	-7.503452E-6
1.161884E2	-3.758714E-5	-7.380545E-6
1.162884E2	-3.737387E-5	-7.462082E-6
1.163884E2	-3.766611E-5	-7.415437E-6
1.164884E2	-3.778095E-5	-8.312357E-6
1.165883E2	-3.795005E-5	-8.786368E-6
1.166883E2	-3.820287E-5	-8.598146E-6
1.167883E2	-3.804563E-5	-8.661604E-6
1.168883E2	-3.843129E-5	-8.831838E-6
1.169883E2	-3.834213E-5	-9.128850E-6
1.170883E2	-3.795671E-5	-9.317762E-6
1.171883E2	-3.773924E-5	-9.749754E-6
1.172883E2	-3.739961E-5	-9.271045E-6
1.173883E2	-3.728610E-5	-9.367122E-6
1.174883E2	-3.760458E-5	-9.387847E-6
1.175882E2	-3.721217E-5	-1.020590E-5
1.176882E2	-3.668182E-5	-9.682030E-6
1.177882E2	-3.635913E-5	-9.447360E-6
1.178882E2	-3.600462E-5	-9.629723E-6
1.179882E2	-3.597041E-5	-9.782583E-6
1.180882E2	-3.583723E-5	-9.699410E-6
1.181882E2	-3.563462E-5	-9.946731E-6
1.182882E2	-3.592232E-5	-1.041933E-5
1.183882E2	-3.633293E-5	-1.049772E-5
1.184882E2	-3.645638E-5	-1.021984E-5
1.185881E2	-3.636581E-5	-1.022338E-5
1.186881E2	-3.635317E-5	-9.770549E-6
1.187881E2	-3.603517E-5	-9.251443E-6
1.188881E2	-3.557709E-5	-9.624163E-6
1.189881E2	-3.598845E-5	-9.498133E-6
1.190881E2	-3.629323E-5	-9.305094E-6
1.191881E2	-3.671386E-5	-8.971347E-6
1.192881E2	-3.669963E-5	-8.882463E-6
1.193881E2	-3.598835E-5	-9.117407E-6
1.194881E2	-3.558433E-5	-8.978943E-6
1.195880E2	-3.516250E-5	-9.159727E-6
1.196880E2	-3.544417E-5	-9.376554E-6
1.197880E2	-3.542788E-5	-9.553434E-6
1.198880E2	-3.425858E-5	-1.048548E-5
1.199880E2	-3.486120E-5	-1.024443E-5
1.200880E2	-3.455989E-5	-1.012391E-5
1.201880E2	-3.516250E-5	-1.006365E-5
1.202880E2	-3.582538E-5	-1.006365E-5
1.203880E2	-3.600616E-5	-9.882863E-6
1.204880E2	-3.603629E-5	-9.581556E-6
1.205879E2	-3.627370E-5	-9.587880E-6
1.206879E2	-3.652032E-5	-9.337790E-6
1.207879E2	-3.663766E-5	-8.953437E-6
1.208879E2	-3.714696E-5	-8.799761E-6
1.209879E2	-3.729245E-5	-9.283228E-6
1.210879E2	-3.723948E-5	-9.352432E-6
1.211879E2	-3.720403E-5	-9.481820E-6
1.212879E2	-3.676007E-5	-9.070975E-6
1.213879E2	-3.693864E-5	-9.100909E-6
1.214879E2	-3.696158E-5	-9.119604E-6
1.215878E2	-3.629612E-5	-8.666921E-6
1.216878E2	-3.672623E-5	-8.853061E-6
1.217878E2	-3.713432E-5	-8.903304E-6
1.218878E2	-3.757510E-5	-9.077428E-6
1.219878E2	-3.723998E-5	-9.052521E-6
1.220878E2	-3.703412E-5	-8.436234E-6
1.221878E2	-3.720608E-5	-8.055116E-6
1.222878E2	-3.753848E-5	-8.076286E-6
1.223878E2	-3.745735E-5	-7.786760E-6
1.224878E2	-3.730349E-5	-7.264041E-6
1.225877E2	-3.772528E-5	-7.384117E-6
1.226877E2	-3.753401E-5	-7.118305E-6
1.227877E2	-3.723956E-5	-7.257096E-6
1.228877E2	-3.705001E-5	-7.464923E-6
1.229877E2	-3.687078E-5	-7.940632E-6
1.230877E2	-3.695834E-5	-8.036297E-6
1.231877E2	-3.694409E-5	-7.923467E-6
1.232877E2	-3.696733E-5	-8.533702E-6
1.233877E2	-3.656096E-5	-9.043131E-6
1.234877E2	-3.680039E-5	-9.644928E-6
1.235876E2	-3.631021E-5	-1.001114E-5
1.236876E2	-3.677432E-5	-1.041864E-5
1.237876E2	-3.675935E-5	-1.075183E-5
1.238876E2	-3.663891E-5	-1.126887E-5
1.239876E2	-3.642799E-5	-1.150992E-5
1.240876E2	-3.672930E-5	-1.147979E-5
1.241876E2	-3.675943E-5	-1.160031E-5
1.242876E2	-3.684982E-5	-1.132914E-5
1.243876E2	-3.684982E-5	-1.150992E-5
1.244876E2	-3.678956E-5	-1.166057E-5
1.245875E2	-3.655422E-5	-1.179593E-5
1.246875E2	-3.651400E-5	-1.199406E-5
1.247875E2	-3.659576E-5	-1.224855E-5
1.248875E2	-3.736430E-5	-1.246993E-5
1.249875E2	-3.733347E-5	-1.269544E-5
1.250875E2	-3.713360E-5	-1.312321E-5
1.251875E2	-3.682800E-5	-1.321155E-5
1.252875E2	-3.619709E-5	-1.329886E-5
1.253875E2	-3.620637E-5	-1.383074E-5
1.254875E2	-3.658529E-5	-1.346539E-5
1.255874E2	-3.643267E-5	-1.340478E-5
1.256874E2	-3.662833E-5	-1.379129E-5
1.257874E2	-3.661595E-5	-1.420942E-5
1.258874E2	-3.669612E-5	-1.443238E-5
1.259874E2	-3.650430E-5	-1.451809E-5
1.260874E2	-3.576789E-5	-1.479463E-5
1.261874E2	-3.577910E-5	-1.469163E-5
1.262874E2	-3.580542E-5	-1.482446E-5
1.263874E2	-3.547701E-5	-1.478532E-5
1.264874E2	-3.575379E-5	-1.501898E-5
1.265873E2	-3.550825E-5	-1.550611E-5
1.266873E2	-3.560588E-5	-1.615688E-5
1.267873E2	-3.538262E-5	-1.599072E-5
1.268873E2	-3.533282E-5	-1.608018E-5
1.269873E2	-3.519559E-5	-1.734068E-5
1.270873E2	-3.522605E-5	-1.718006E-5
1.271873E2	-3.576581E-5	-1.659776E-5
1.272873E2	-3.570857E-5	-1.674270E-5
1.273873E2	-3.530695E-5	-1.666588E-5
1.274873E2	-3.469695E-5	-1.654695E-5
1.275872E2	-3.500754E-5	-1.653325E-5
1.276872E2	-3.493427E-5	-1.599174E-5
1.277872E2	-3.410793E-5	-1.602952E-5
1.278872E2	-3.364506E-5	-1.632997E-5
1.279872E2	-3.355615E-5	-1.664227E-5
1.280872E2	-3.357141E-5	-1.611569E-5
1.281872E2	-3.371320E-5	-1.633609E-5
1.282872E2	-3.374218E-5	-1.647947E-5
1.283872E2	-3.406332E-5	-1.631745E-5
1.284872E2	-3.434701E-5	-1.658060E-5
1.285871E2	-3.423507E-5	-1.683245E-5
1.286871E2	-3.420221E-5	-1.687107E-5
1.287871E2	-3.447071E-5	-1.673240E-5
1.288871E2	-3.488088E-5	-1.741297E-5
1.289871E2	-3.463662E-5	-1.725859E-5
1.290871E2	-3.515800E-5	-1.719750E-5
1.291871E2	-3.516846E-5	-1.718991E-5
1.292871E2	-3.472277E-5	-1.738523E-5
1.293871E2	-3.449982E-5	-1.790695E-5
1.294871E2	-3.449106E-5	-1.815411E-5
1.295870E2	-3.424660E-5	-1.808350E-5
1.296870E2	-3.486403E-5	-1.839471E-5
1.297870E2	-3.480112E-5	-1.773008E-5
1.298870E2	-3.471418E-5	-1.745594E-5
1.299870E2	-3.459922E-5	-1.775678E-5
1.300870E2	-3.470629E-5	-1.803461E-5
1.301870E2	-3.451694E-5	-1.809301E-5
1.302870E2	-3.424472E-5	-1.807705E-5
1.303870E2	-3.412509E-5	-1.811355E-5
1.304870E2	-3.402533E-5	-1.824897E-5
1.305869E2	-3.450468E-5	-1.825966E-5
1.306869E2	-3.487262E-5	-1.833562E-5
1.307869E2	-3.521137E-5	-1.808127E-5
1.308869E2	-3.550855E-5	-1.835598E-5
1.309869E2	-3.664417E-5	-1.853148E-5
1.310869E2	-3.687325E-5	-1.884449E-5
1.311869E2	-3.669347E-5	-1.855103E-5
1.312869E2	-3.691340E-5	-1.864947E-5
