0.000000E0	4.422433E-5	9.881521E-6
9.999000E-2	4.397724E-5	1.004258E-5
1.999800E-1	4.353679E-5	9.836515E-6
2.999700E-1	4.346238E-5	1.016691E-5
3.999600E-1	4.389976E-5	9.990143E-6
4.999500E-1	4.405212E-5	9.749086E-6
5.999400E-1	4.372335E-5	9.808849E-6
6.999300E-1	4.335658E-5	1.026481E-5
7.999200E-1	4.270664E-5	1.045345E-5
8.999100E-1	4.238085E-5	1.074205E-5
9.999000E-1	4.294052E-5	1.051238E-5
1.099890E0	4.250740E-5	1.035039E-5
1.199880E0	4.221845E-5	1.037187E-5
1.299870E0	4.197408E-5	1.015190E-5
1.399860E0	4.185565E-5	1.015857E-5
1.499850E0	4.180916E-5	1.039893E-5
1.599840E0	4.202740E-5	1.022731E-5
1.699830E0	4.224047E-5	1.031047E-5
1.799820E0	4.247379E-5	1.013810E-5
1.899810E0	4.195207E-5	1.026971E-5
1.999800E0	4.170697E-5	1.051901E-5
2.099790E0	4.191720E-5	1.066066E-5
2.199780E0	4.171283E-5	1.097890E-5
2.299770E0	4.143786E-5	1.133287E-5
2.399760E0	4.162906E-5	1.135047E-5
2.499750E0	4.185622E-5	1.145970E-5
2.599740E0	4.166796E-5	1.144335E-5
2.699730E0	4.160158E-5	1.132722E-5
2.799720E0	4.155920E-5	1.109068E-5
2.899710E0	4.131435E-5	1.064229E-5
2.999700E0	4.162950E-5	1.026781E-5
3.099690E0	4.179987E-5	1.050443E-5
3.199680E0	4.166331E-5	1.060428E-5
3.299670E0	4.192132E-5	1.021114E-5
3.399660E0	4.206540E-5	9.806747E-6
3.499650E0	4.175440E-5	1.015011E-5
3.599640E0	4.141825E-5	1.043193E-5
3.699630E0	4.148758E-5	1.028290E-5
3.799620E0	4.126861E-5	1.004815E-5
3.899610E0	4.132840E-5	9.859019E-6
3.999600E0	4.175233E-5	9.455508E-6
4.099590E0	4.182828E-5	9.037795E-6
4.199580E0	4.213207E-5	9.455508E-6
4.299570E0	4.247384E-5	8.923873E-6
4.399560E0	4.251181E-5	8.961847E-6
4.499550E0	4.274057E-5	9.269091E-6
4.599540E0	4.281086E-5	9.512681E-6
4.699530E0	4.305743E-5	9.545526E-6
4.799520E0	4.342134E-5	9.507578E-6
4.899510E0	4.328292E-5	9.650440E-6
4.999500E0	4.333901E-5	9.792851E-6
5.099490E0	4.315197E-5	9.810066E-6
5.199480E0	4.290197E-5	9.783187E-6
5.299470E0	4.302049E-5	9.792739E-6
5.399460E0	4.294401E-5	1.033994E-5
5.499450E0	4.268709E-5	1.000414E-5
5.599440E0	4.231598E-5	1.029459E-5
5.699430E0	4.234457E-5	1.033607E-5
5.799420E0	4.192600E-5	9.904855E-6
5.899410E0	4.252526E-5	1.017014E-5
5.999400E0	4.225011E-5	9.911153E-6
6.099390E0	4.192635E-5	9.985065E-6
6.199380E0	4.166466E-5	9.672748E-6
6.299370E0	4.153905E-5	9.129096E-6
6.399360E0	4.129041E-5	9.033316E-6
6.499350E0	4.117491E-5	9.041681E-6
6.599340E0	4.148880E-5	8.560608E-6
6.699330E0	4.172731E-5	8.811599E-6
6.799320E0	4.195201E-5	8.205438E-6
6.899310E0	4.146537E-5	8.096034E-6
6.999300E0	4.110969E-5	8.385692E-6
7.099290E0	4.122494E-5	8.422531E-6
7.199280E0	4.079953E-5	8.919966E-6
7.299270E0	4.043933E-5	8.593183E-6
7.399260E0	4.003794E-5	8.879649E-6
7.499250E0	3.962178E-5	8.978154E-6
7.599240E0	3.924555E-5	9.686035E-6
7.699230E0	3.974247E-5	1.009713E-5
7.799220E0	3.974079E-5	1.010095E-5
7.899210E0	3.925164E-5	1.088513E-5
7.999200E0	3.902573E-5	1.087393E-5
8.099190E0	3.906162E-5	1.093555E-5
8.199180E0	3.845638E-5	1.083905E-5
8.299170E0	3.792863E-5	1.058074E-5
8.399160E0	3.783741E-5	1.061694E-5
8.499150E0	3.794868E-5	1.085231E-5
8.599140E0	3.840757E-5	1.112233E-5
8.699130E0	3.850993E-5	1.091400E-5
8.799120E0	3.860959E-5	1.116002E-5
8.899110E0	3.860100E-5	1.134760E-5
8.999100E0	3.853333E-5	1.127512E-5
9.099090E0	3.865010E-5	1.130650E-5
9.199080E0	3.854240E-5	1.168359E-5
9.299070E0	3.845609E-5	1.166603E-5
9.399060E0	3.826617E-5	1.167142E-5
9.499050E0	3.814985E-5	1.168598E-5
9.599040E0	3.899899E-5	1.179864E-5
9.699030E0	3.929938E-5	1.189647E-5
9.799020E0	3.908487E-5	1.132344E-5
9.899010E0	3.925043E-5	1.180801E-5
9.999000E0	3.923639E-5	1.196566E-5
1.009899E1	3.926602E-5	1.242918E-5
1.019898E1	3.919858E-5	1.240990E-5
1.029897E1	3.865538E-5	1.229129E-5
1.039896E1	3.858988E-5	1.189588E-5
1.049895E1	3.873196E-5	1.197025E-5
1.059894E1	3.910971E-5	1.202972E-5
1.069893E1	3.930906E-5	1.238948E-5
1.079892E1	3.905191E-5	1.282989E-5
1.089891E1	3.816546E-5	1.279321E-5
1.099890E1	3.799372E-5	1.275683E-5
1.109889E1	3.842264E-5	1.252553E-5
1.119888E1	3.860045E-5	1.264727E-5
1.129887E1	3.828373E-5	1.255133E-5
1.139886E1	3.797474E-5	1.229439E-5
1.149885E1	3.808803E-5	1.205139E-5
1.159884E1	3.837838E-5	1.195502E-5
1.169883E1	3.886612E-5	1.205963E-5
1.179882E1	3.851690E-5	1.219639E-5
1.189881E1	3.910194E-5	1.161282E-5
1.199880E1	3.925016E-5	1.109486E-5
1.209879E1	3.959684E-5	1.058382E-5
1.219878E1	3.961380E-5	1.026595E-5
1.229877E1	3.940337E-5	1.030708E-5
1.239876E1	3.939360E-5	1.048299E-5
1.249875E1	3.924702E-5	1.055271E-5
1.259874E1	3.921442E-5	1.061306E-5
1.269873E1	3.955955E-5	1.059824E-5
1.279872E1	3.973877E-5	1.075806E-5
1.289871E1	3.911402E-5	1.144775E-5
1.299870E1	3.859163E-5	1.161550E-5
1.309869E1	3.838176E-5	1.187830E-5
1.319868E1	3.876070E-5	1.215141E-5
1.329867E1	3.827113E-5	1.236734E-5
1.339866E1	3.782541E-5	1.240873E-5
1.349865E1	3.779538E-5	1.228960E-5
1.359864E1	3.869725E-5	1.240954E-5
1.369863E1	3.915860E-5	1.292730E-5
1.379862E1	3.904892E-5	1.311370E-5
1.389861E1	3.901370E-5	1.308566E-5
1.399860E1	3.917879E-5	1.319254E-5
1.409859E1	3.888215E-5	1.324482E-5
1.419858E1	3.900991E-5	1.338604E-5
1.429857E1	3.899336E-5	1.331869E-5
1.439856E1	3.857397E-5	1.326848E-5
1.449855E1	3.898781E-5	1.310747E-5
1.459854E1	3.947618E-5	1.290166E-5
1.469853E1	4.028994E-5	1.276615E-5
1.479852E1	4.030826E-5	1.266487E-5
1.489851E1	4.012234E-5	1.273235E-5
1.499850E1	4.025567E-5	1.301592E-5
1.509849E1	3.995908E-5	1.366114E-5
1.519848E1	3.995414E-5	1.407391E-5
1.529847E1	4.004553E-5	1.356386E-5
1.539846E1	3.947239E-5	1.305953E-5
1.549845E1	3.901704E-5	1.279417E-5
1.559844E1	3.929913E-5	1.310280E-5
1.569843E1	3.904936E-5	1.271515E-5
1.579842E1	3.904936E-5	1.277541E-5
1.589841E1	3.941093E-5	1.223306E-5
1.599840E1	3.940135E-5	1.277915E-5
1.609839E1	3.910033E-5	1.256963E-5
1.619838E1	3.895514E-5	1.263233E-5
1.629837E1	3.885711E-5	1.260214E-5
1.639836E1	3.881295E-5	1.273926E-5
1.649835E1	3.846344E-5	1.256372E-5
1.659834E1	3.840711E-5	1.238753E-5
1.669833E1	3.803415E-5	1.244659E-5
1.679832E1	3.780596E-5	1.209009E-5
1.689831E1	3.795481E-5	1.266009E-5
1.699830E1	3.830755E-5	1.281025E-5
1.709829E1	3.849894E-5	1.300423E-5
1.719828E1	3.830463E-5	1.311221E-5
1.729827E1	3.815218E-5	1.315370E-5
1.739826E1	3.814747E-5	1.306923E-5
1.749825E1	3.800731E-5	1.255376E-5
1.759824E1	3.831455E-5	1.226922E-5
1.769823E1	3.792735E-5	1.227225E-5
1.779822E1	3.762817E-5	1.204513E-5
1.789821E1	3.777492E-5	1.208502E-5
1.799820E1	3.786889E-5	1.250068E-5
1.809819E1	3.768211E-5	1.226906E-5
1.819818E1	3.731269E-5	1.206780E-5
1.829817E1	3.699531E-5	1.239178E-5
1.839816E1	3.760223E-5	1.266259E-5
1.849815E1	3.783878E-5	1.232074E-5
1.859814E1	3.745180E-5	1.254897E-5
1.869813E1	3.723913E-5	1.255934E-5
1.879812E1	3.717402E-5	1.259784E-5
1.889811E1	3.753017E-5	1.299618E-5
1.899810E1	3.763209E-5	1.267542E-5
1.909809E1	3.738943E-5	1.310842E-5
1.919808E1	3.755248E-5	1.293705E-5
1.929807E1	3.770048E-5	1.274302E-5
1.939806E1	3.765098E-5	1.301437E-5
1.949805E1	3.781272E-5	1.310611E-5
1.959804E1	3.768400E-5	1.308031E-5
1.969803E1	3.765541E-5	1.349817E-5
1.979802E1	3.743492E-5	1.367918E-5
1.989801E1	3.771806E-5	1.362919E-5
1.999800E1	3.778210E-5	1.397355E-5
2.009799E1	3.759807E-5	1.399075E-5
2.019798E1	3.740141E-5	1.420115E-5
2.029797E1	3.743916E-5	1.414941E-5
2.039796E1	3.720540E-5	1.396922E-5
2.049795E1	3.721042E-5	1.396412E-5
2.059794E1	3.738239E-5	1.376078E-5
2.069793E1	3.766767E-5	1.329196E-5
2.079792E1	3.741908E-5	1.312863E-5
2.089791E1	3.738493E-5	1.329899E-5
2.099790E1	3.738152E-5	1.357936E-5
2.109789E1	3.710098E-5	1.359614E-5
2.119788E1	3.694480E-5	1.342792E-5
2.129787E1	3.723385E-5	1.395783E-5
2.139786E1	3.758614E-5	1.411623E-5
2.149785E1	3.779232E-5	1.428524E-5
2.159784E1	3.728253E-5	1.396278E-5
2.169783E1	3.710859E-5	1.411210E-5
2.179782E1	3.687705E-5	1.384671E-5
2.189781E1	3.707050E-5	1.390433E-5
2.199780E1	3.698425E-5	1.395081E-5
2.209779E1	3.716723E-5	1.363234E-5
2.219778E1	3.713637E-5	1.346029E-5
2.229777E1	3.665679E-5	1.339933E-5
2.239776E1	3.628824E-5	1.288905E-5
2.249775E1	3.635546E-5	1.288455E-5
2.259774E1	3.667543E-5	1.249874E-5
2.269773E1	3.652320E-5	1.245583E-5
2.279772E1	3.688342E-5	1.220707E-5
2.289771E1	3.699294E-5	1.218668E-5
2.299770E1	3.676416E-5	1.202512E-5
2.309769E1	3.664871E-5	1.217559E-5
2.319768E1	3.681665E-5	1.206011E-5
2.329767E1	3.687683E-5	1.177899E-5
2.339766E1	3.670966E-5	1.170309E-5
2.349765E1	3.635224E-5	1.181673E-5
2.359764E1	3.614107E-5	1.170978E-5
2.369763E1	3.627682E-5	1.155908E-5
2.379762E1	3.606380E-5	1.110563E-5
2.389761E1	3.577730E-5	1.143386E-5
2.399760E1	3.562496E-5	1.098598E-5
2.409759E1	3.554399E-5	1.058981E-5
2.419758E1	3.531819E-5	1.033825E-5
2.429757E1	3.534094E-5	9.734595E-6
2.439756E1	3.553075E-5	9.690688E-6
2.449755E1	3.597474E-5	1.006615E-5
2.459754E1	3.620677E-5	1.025623E-5
2.469753E1	3.583733E-5	1.008149E-5
2.479752E1	3.551296E-5	1.040365E-5
2.489751E1	3.577211E-5	9.879260E-6
2.499750E1	3.596799E-5	9.305009E-6
2.509749E1	3.611388E-5	8.920550E-6
2.519748E1	3.585932E-5	8.555322E-6
2.529747E1	3.591395E-5	8.531279E-6
2.539746E1	3.512656E-5	8.244352E-6
2.549745E1	3.500703E-5	8.704112E-6
2.559744E1	3.502594E-5	8.706022E-6
2.569743E1	3.515306E-5	8.571233E-6
2.579742E1	3.536450E-5	8.940968E-6
2.589741E1	3.553774E-5	9.379692E-6
2.599740E1	3.512030E-5	9.511045E-6
2.609739E1	3.489260E-5	9.778653E-6
2.619738E1	3.487419E-5	9.798073E-6
2.629737E1	3.504618E-5	1.012112E-5
2.639736E1	3.509655E-5	9.769857E-6
2.649735E1	3.512723E-5	9.935645E-6
2.659734E1	3.498367E-5	1.036021E-5
2.669733E1	3.480162E-5	1.066061E-5
2.679732E1	3.425504E-5	1.060148E-5
2.689731E1	3.417247E-5	1.091522E-5
2.699730E1	3.427857E-5	1.091557E-5
2.709729E1	3.435724E-5	1.084564E-5
2.719728E1	3.428356E-5	1.088168E-5
2.729727E1	3.414874E-5	1.129924E-5
2.739726E1	3.415206E-5	1.131945E-5
2.749725E1	3.419853E-5	1.106920E-5
2.759724E1	3.424516E-5	1.095250E-5
2.769723E1	3.403690E-5	1.109876E-5
2.779722E1	3.389718E-5	1.088547E-5
2.789721E1	3.341705E-5	1.097974E-5
2.799720E1	3.300661E-5	1.135397E-5
2.809719E1	3.302399E-5	1.135183E-5
2.819718E1	3.364279E-5	1.131656E-5
2.829717E1	3.394101E-5	1.132139E-5
2.839716E1	3.418715E-5	1.142868E-5
2.849715E1	3.386604E-5	1.172255E-5
2.859714E1	3.387979E-5	1.116961E-5
2.869713E1	3.398641E-5	1.130577E-5
2.879712E1	3.373873E-5	1.120121E-5
2.889711E1	3.420703E-5	1.096748E-5
2.899710E1	3.447033E-5	1.132847E-5
2.909709E1	3.417443E-5	1.141543E-5
2.919708E1	3.452976E-5	1.144966E-5
2.929707E1	3.434898E-5	1.108809E-5
2.939706E1	3.452976E-5	1.072652E-5
2.949705E1	3.489133E-5	1.096757E-5
2.959704E1	3.525290E-5	1.114835E-5
2.969703E1	3.495159E-5	1.096757E-5
2.979702E1	3.471054E-5	1.096757E-5
2.989701E1	3.522963E-5	1.031386E-5
2.999700E1	3.518814E-5	1.011720E-5
3.009699E1	3.489687E-5	1.034008E-5
3.019698E1	3.496264E-5	9.596321E-6
3.029697E1	3.451399E-5	9.680888E-6
3.039696E1	3.456509E-5	1.018727E-5
3.049695E1	3.495892E-5	1.038932E-5
3.059694E1	3.503379E-5	1.032664E-5
3.069693E1	3.536750E-5	1.010350E-5
3.079692E1	3.555476E-5	9.948432E-6
3.089691E1	3.483107E-5	9.461034E-6
3.099690E1	3.471054E-5	1.006365E-5
3.109689E1	3.428871E-5	1.024443E-5
3.119688E1	3.428871E-5	1.024443E-5
3.129687E1	3.428871E-5	9.882863E-6
3.139686E1	3.471054E-5	9.762340E-6
3.149685E1	3.483107E-5	9.822602E-6
3.159684E1	3.446950E-5	9.822602E-6
3.169683E1	3.428871E-5	9.340511E-6
3.179682E1	3.374636E-5	9.280250E-6
3.189681E1	3.356558E-5	9.280250E-6
3.199680E1	3.471054E-5	8.858420E-6
3.209679E1	3.495159E-5	8.496852E-6
3.219678E1	3.422845E-5	7.713454E-6
3.229677E1	3.422845E-5	7.833977E-6
3.239676E1	3.483107E-5	7.110841E-6
3.249675E1	3.471054E-5	6.689011E-6
3.259674E1	3.459002E-5	6.990318E-6
3.269673E1	3.434898E-5	6.990318E-6
3.279672E1	3.446950E-5	6.447966E-6
3.289671E1	3.471054E-5	6.206920E-6
3.299670E1	3.471054E-5	6.146659E-6
3.309669E1	3.483107E-5	6.749272E-6
3.319668E1	3.410793E-5	6.869795E-6
3.329667E1	3.483107E-5	6.990318E-6
3.339666E1	3.555420E-5	7.291625E-6
3.349665E1	3.543368E-5	7.050579E-6
3.359664E1	3.495159E-5	7.592931E-6
3.369663E1	3.454763E-5	8.455293E-6
3.379662E1	3.498091E-5	8.451135E-6
3.389661E1	3.490419E-5	8.885513E-6
3.399660E1	3.466475E-5	8.677252E-6
3.409659E1	3.432197E-5	8.647916E-6
3.419658E1	3.456805E-5	8.839996E-6
3.429657E1	3.459214E-5	9.193305E-6
3.439656E1	3.491058E-5	9.427912E-6
3.449655E1	3.496429E-5	9.391381E-6
3.459654E1	3.502046E-5	9.535480E-6
3.469653E1	3.485148E-5	9.624905E-6
3.479652E1	3.432627E-5	9.201132E-6
3.489651E1	3.422396E-5	9.379401E-6
3.499650E1	3.374636E-5	9.219988E-6
3.509649E1	3.386393E-5	9.902923E-6
3.519648E1	3.370548E-5	1.003112E-5
3.529647E1	3.361799E-5	1.006370E-5
3.539646E1	3.320555E-5	1.026505E-5
3.549645E1	3.294360E-5	1.026645E-5
3.559644E1	3.236037E-5	1.085942E-5
3.569643E1	3.202779E-5	1.113025E-5
3.579642E1	3.190436E-5	1.073952E-5
3.589641E1	3.188124E-5	1.122589E-5
3.599640E1	3.181756E-5	1.129024E-5
3.609639E1	3.111499E-5	1.088682E-5
3.619638E1	3.122968E-5	1.063627E-5
3.629637E1	3.091072E-5	1.046830E-5
3.639636E1	3.064102E-5	1.023507E-5
3.649635E1	3.048992E-5	1.012065E-5
3.659634E1	3.042511E-5	9.816087E-6
3.669633E1	3.038937E-5	9.418784E-6
3.679632E1	3.014696E-5	9.171355E-6
3.689631E1	3.016118E-5	9.040709E-6
3.699630E1	3.000840E-5	8.588958E-6
3.709629E1	2.992860E-5	9.147385E-6
3.719628E1	3.013030E-5	9.395192E-6
3.729627E1	2.972854E-5	9.510471E-6
3.739626E1	2.906081E-5	9.763974E-6
3.749625E1	2.838045E-5	9.680842E-6
3.759624E1	2.848464E-5	9.956044E-6
3.769623E1	2.816123E-5	1.030260E-5
3.779622E1	2.821098E-5	1.023682E-5
3.789621E1	2.757959E-5	9.691760E-6
3.799620E1	2.786233E-5	9.654924E-6
3.809619E1	2.806055E-5	9.792338E-6
3.819618E1	2.842366E-5	9.854664E-6
3.829617E1	2.897926E-5	1.001794E-5
3.839616E1	2.892244E-5	1.003758E-5
3.849615E1	2.935177E-5	9.997005E-6
3.859614E1	2.930011E-5	9.974260E-6
3.869613E1	2.959097E-5	9.921956E-6
3.879612E1	2.932813E-5	9.907564E-6
3.889611E1	2.932906E-5	9.998870E-6
3.899610E1	2.972995E-5	9.786067E-6
3.909609E1	3.025824E-5	9.191204E-6
3.919608E1	3.060755E-5	9.444934E-6
3.929607E1	3.103816E-5	9.155558E-6
3.939606E1	3.079386E-5	8.923015E-6
3.949605E1	3.046206E-5	9.146652E-6
3.959604E1	3.009222E-5	8.707617E-6
3.969603E1	2.998368E-5	8.044538E-6
3.979602E1	2.989619E-5	7.489262E-6
3.989601E1	3.007376E-5	7.101616E-6
3.999600E1	2.962401E-5	6.603836E-6
4.009599E1	2.908873E-5	6.733457E-6
4.019598E1	2.802153E-5	7.110841E-6
4.029597E1	2.735866E-5	7.110841E-6
4.039596E1	2.765996E-5	7.171102E-6
4.049595E1	2.747918E-5	6.749272E-6
4.059594E1	2.784075E-5	6.689011E-6
4.069593E1	2.808179E-5	6.508227E-6
4.079592E1	2.832284E-5	6.327443E-6
4.089591E1	2.904238E-5	6.704693E-6
4.099590E1	2.838310E-5	5.965875E-6
4.109589E1	2.903778E-5	6.274151E-6
4.119588E1	2.909475E-5	6.165341E-6
4.129587E1	2.904978E-5	6.399493E-6
4.139586E1	2.832284E-5	6.749272E-6
4.149585E1	2.895081E-5	7.186522E-6
4.159584E1	2.883646E-5	7.542916E-6
4.169583E1	2.872507E-5	7.981916E-6
4.179582E1	2.929934E-5	7.885136E-6
4.189581E1	2.936141E-5	7.742073E-6
4.199580E1	2.923611E-5	7.593236E-6
4.209579E1	2.908618E-5	7.850787E-6
4.219578E1	2.854325E-5	8.199429E-6
4.229577E1	2.840169E-5	8.348448E-6
4.239576E1	2.853734E-5	8.239379E-6
4.249575E1	2.882416E-5	8.227597E-6
4.259574E1	2.898545E-5	8.715755E-6
4.269573E1	2.903585E-5	8.605962E-6
4.279572E1	2.917212E-5	8.598336E-6
4.289571E1	2.923341E-5	8.968054E-6
4.299570E1	2.930400E-5	8.704117E-6
4.309569E1	2.931751E-5	8.712307E-6
4.319568E1	2.914707E-5	9.155744E-6
4.329567E1	2.954191E-5	9.478813E-6
4.339566E1	2.929467E-5	9.770282E-6
4.349565E1	2.901093E-5	9.624892E-6
4.359564E1	2.860353E-5	9.624188E-6
4.369563E1	2.864900E-5	9.638305E-6
4.379562E1	2.884504E-5	9.598630E-6
4.389561E1	2.949554E-5	9.578915E-6
4.399560E1	2.975108E-5	9.865658E-6
4.409559E1	2.985178E-5	1.036367E-5
4.419558E1	2.999264E-5	1.052653E-5
4.429557E1	2.945430E-5	1.076215E-5
4.439556E1	2.927647E-5	1.084317E-5
4.449555E1	2.921028E-5	1.079110E-5
4.459554E1	2.897128E-5	1.029944E-5
4.469553E1	2.859559E-5	9.786313E-6
4.479552E1	2.847234E-5	9.668588E-6
4.489551E1	2.823432E-5	9.732213E-6
4.499550E1	2.814547E-5	9.796926E-6
4.509549E1	2.872115E-5	9.727970E-6
4.519548E1	2.892901E-5	9.612437E-6
4.529547E1	2.899267E-5	9.640492E-6
4.539546E1	2.875437E-5	9.934073E-6
4.549545E1	2.888535E-5	1.022244E-5
4.559544E1	2.933131E-5	1.061417E-5
4.569543E1	2.960209E-5	1.085441E-5
4.579542E1	2.935374E-5	1.136447E-5
4.589541E1	2.965906E-5	1.121668E-5
4.599540E1	3.010222E-5	1.113042E-5
4.609539E1	3.001801E-5	1.098836E-5
4.619538E1	3.010996E-5	1.096640E-5
4.629537E1	3.035391E-5	1.093308E-5
4.639536E1	3.036955E-5	1.088140E-5
4.649535E1	3.036882E-5	1.215318E-5
4.659534E1	2.972330E-5	1.244432E-5
4.669533E1	2.985435E-5	1.229538E-5
4.679532E1	3.019834E-5	1.231391E-5
4.689531E1	2.983342E-5	1.247542E-5
4.699530E1	2.916743E-5	1.268079E-5
4.709529E1	2.897233E-5	1.315870E-5
4.719528E1	2.868078E-5	1.332757E-5
4.729527E1	2.842162E-5	1.328786E-5
4.739526E1	2.790067E-5	1.329088E-5
4.749525E1	2.800674E-5	1.341179E-5
4.759524E1	2.811471E-5	1.361191E-5
4.769523E1	2.802878E-5	1.360251E-5
4.779522E1	2.836182E-5	1.401108E-5
4.789521E1	2.882915E-5	1.422641E-5
4.799520E1	2.865755E-5	1.427237E-5
4.809519E1	2.858354E-5	1.422825E-5
4.819518E1	2.871779E-5	1.430173E-5
4.829517E1	2.913911E-5	1.360718E-5
4.839516E1	2.926883E-5	1.302628E-5
4.849515E1	2.894339E-5	1.279895E-5
4.859514E1	2.931648E-5	1.265342E-5
4.869513E1	2.917359E-5	1.252257E-5
4.879512E1	2.911710E-5	1.252253E-5
4.889511E1	2.910410E-5	1.254837E-5
4.899510E1	2.936112E-5	1.289665E-5
4.909509E1	2.904739E-5	1.300089E-5
4.919508E1	2.891585E-5	1.354379E-5
4.929507E1	2.901161E-5	1.401403E-5
4.939506E1	2.851438E-5	1.350664E-5
4.949505E1	2.817204E-5	1.342352E-5
4.959504E1	2.826006E-5	1.328596E-5
4.969503E1	2.791616E-5	1.377652E-5
4.979502E1	2.784813E-5	1.373458E-5
4.989501E1	2.758596E-5	1.375257E-5
4.999500E1	2.776164E-5	1.349521E-5
5.009499E1	2.753149E-5	1.372968E-5
5.019498E1	2.743983E-5	1.419679E-5
5.029497E1	2.653085E-5	1.419859E-5
5.039496E1	2.645934E-5	1.416532E-5
5.049495E1	2.655253E-5	1.386179E-5
5.059494E1	2.653935E-5	1.362771E-5
5.069493E1	2.646597E-5	1.332056E-5
5.079492E1	2.644595E-5	1.331341E-5
5.089491E1	2.678206E-5	1.329114E-5
5.099490E1	2.670596E-5	1.365430E-5
5.109489E1	2.693798E-5	1.338640E-5
5.119488E1	2.732817E-5	1.340945E-5
5.129487E1	2.794200E-5	1.315353E-5
5.139486E1	2.823951E-5	1.303039E-5
5.149485E1	2.834783E-5	1.300616E-5
5.159484E1	2.854217E-5	1.274420E-5
5.169483E1	2.812227E-5	1.231506E-5
5.179482E1	2.832782E-5	1.228006E-5
5.189481E1	2.840731E-5	1.247992E-5
5.199480E1	2.855604E-5	1.202513E-5
5.209479E1	2.819022E-5	1.230630E-5
5.219478E1	2.838282E-5	1.305966E-5
5.229477E1	2.901205E-5	1.314580E-5
5.239476E1	2.906709E-5	1.287695E-5
5.249475E1	2.903027E-5	1.281773E-5
5.259474E1	2.874942E-5	1.235691E-5
5.269473E1	2.862045E-5	1.191279E-5
5.279472E1	2.913921E-5	1.073517E-5
5.289471E1	2.914562E-5	1.049819E-5
5.299470E1	2.917085E-5	1.041673E-5
5.309469E1	2.907135E-5	1.020432E-5
5.319468E1	2.897291E-5	1.028868E-5
5.329467E1	2.897226E-5	1.025222E-5
5.339466E1	2.917632E-5	1.029145E-5
5.349465E1	2.976920E-5	1.068124E-5
5.359464E1	2.988450E-5	1.036061E-5
5.369463E1	3.040571E-5	1.071568E-5
5.379462E1	3.011937E-5	1.075182E-5
5.389461E1	3.031026E-5	1.074617E-5
5.399460E1	3.058194E-5	1.096011E-5
5.409459E1	3.062792E-5	1.104722E-5
5.419458E1	3.075932E-5	1.153039E-5
5.429457E1	3.034793E-5	1.167375E-5
5.439456E1	3.036826E-5	1.162049E-5
5.449455E1	3.039617E-5	1.121114E-5
5.459454E1	3.123549E-5	1.110877E-5
5.469453E1	3.144577E-5	1.122755E-5
5.479452E1	3.188601E-5	1.147017E-5
5.489451E1	3.217938E-5	1.205211E-5
5.499450E1	3.225114E-5	1.195514E-5
5.509449E1	3.200487E-5	1.145470E-5
5.519448E1	3.189707E-5	1.120534E-5
5.529447E1	3.137967E-5	1.099944E-5
5.539446E1	3.086754E-5	1.051638E-5
5.549445E1	3.082694E-5	1.061185E-5
5.559444E1	3.068876E-5	1.070832E-5
5.569443E1	3.050568E-5	1.064699E-5
5.579442E1	3.069414E-5	1.086523E-5
5.589441E1	3.065747E-5	1.087192E-5
5.599440E1	3.069442E-5	1.087921E-5
5.609439E1	3.072152E-5	1.037251E-5
5.619438E1	3.096109E-5	1.079550E-5
5.629437E1	3.093255E-5	1.059524E-5
5.639436E1	3.087952E-5	1.033980E-5
5.649435E1	3.085412E-5	1.039188E-5
5.659434E1	3.099506E-5	9.983821E-6
5.669433E1	3.023437E-5	9.544449E-6
5.679432E1	3.097434E-5	9.039204E-6
5.689431E1	3.151111E-5	9.400107E-6
5.699430E1	3.059375E-5	9.511101E-6
5.709429E1	3.088845E-5	9.366881E-6
5.719428E1	3.143402E-5	8.772869E-6
5.729427E1	3.074681E-5	8.408739E-6
5.739426E1	3.024432E-5	8.718977E-6
5.749425E1	2.996191E-5	8.809881E-6
5.759424E1	2.986804E-5	8.399616E-6
5.769423E1	2.915162E-5	8.049423E-6
5.779422E1	2.915868E-5	7.406605E-6
5.789421E1	2.906763E-5	6.927843E-6
5.799420E1	2.856389E-5	6.146659E-6
5.809419E1	2.905060E-5	6.832423E-6
5.819418E1	2.906362E-5	7.061514E-6
5.829417E1	2.896273E-5	7.167480E-6
5.839416E1	2.895428E-5	7.074236E-6
5.849415E1	2.826258E-5	6.628750E-6
5.859414E1	2.759970E-5	6.387704E-6
5.869413E1	2.735866E-5	5.785091E-6
5.879412E1	2.699709E-5	5.604307E-6
5.889411E1	2.753944E-5	5.182477E-6
5.899410E1	2.784075E-5	5.303000E-6
5.909409E1	2.778049E-5	5.664568E-6
5.919408E1	2.784075E-5	6.267182E-6
5.929407E1	2.820232E-5	6.447966E-6
5.939406E1	2.808179E-5	6.689011E-6
5.949405E1	2.796127E-5	6.568488E-6
5.959404E1	2.844336E-5	6.749272E-6
5.969403E1	2.856389E-5	6.447966E-6
5.979402E1	2.898571E-5	6.508227E-6
5.989401E1	2.916650E-5	6.387704E-6
5.999400E1	2.880493E-5	6.387704E-6
6.009399E1	2.868441E-5	5.965875E-6
6.019398E1	2.886519E-5	5.604307E-6
6.029397E1	2.880493E-5	5.423522E-6
6.039396E1	2.784075E-5	4.459341E-6
6.049395E1	2.796127E-5	3.977250E-6
6.059394E1	2.741892E-5	3.736204E-6
6.069393E1	2.723814E-5	4.519602E-6
6.079392E1	2.705735E-5	4.158034E-6
6.089391E1	2.735866E-5	4.640125E-6
6.099390E1	2.633421E-5	4.700386E-6
6.109389E1	2.651500E-5	4.700386E-6
6.119388E1	2.687657E-5	4.218295E-6
6.129387E1	2.615343E-5	4.218295E-6
6.139386E1	2.585212E-5	3.856727E-6
6.149385E1	2.579186E-5	4.760648E-6
6.159384E1	2.530977E-5	4.459341E-6
6.169383E1	2.530977E-5	4.459341E-6
6.179382E1	2.549056E-5	3.856727E-6
6.189381E1	2.555082E-5	4.097773E-6
6.199380E1	2.567134E-5	3.374636E-6
6.209379E1	2.524951E-5	3.254113E-6
6.219378E1	2.482768E-5	3.675943E-6
6.229377E1	2.549056E-5	4.097773E-6
6.239376E1	2.543029E-5	4.399079E-6
6.249375E1	2.422507E-5	4.579863E-6
6.259374E1	2.482768E-5	4.820909E-6
6.269373E1	2.500846E-5	4.338818E-6
6.279372E1	2.518925E-5	4.037511E-6
6.289371E1	2.530977E-5	4.459341E-6
6.299370E1	2.530977E-5	4.158034E-6
6.309369E1	2.543029E-5	3.615682E-6
6.319368E1	2.482768E-5	3.133591E-6
6.329367E1	2.482768E-5	2.470716E-6
6.339366E1	2.428533E-5	2.470716E-6
6.349365E1	2.392376E-5	2.289932E-6
6.359364E1	2.392376E-5	2.470716E-6
6.369363E1	2.446611E-5	3.013068E-6
6.379362E1	2.398402E-5	3.615682E-6
6.389361E1	2.332115E-5	3.073329E-6
6.399360E1	2.326089E-5	3.073329E-6
6.409359E1	2.368271E-5	2.772023E-6
6.419358E1	2.362245E-5	3.013068E-6
6.429357E1	2.368271E-5	2.952807E-6
6.439356E1	2.344167E-5	3.133591E-6
6.449355E1	2.338141E-5	3.013068E-6
6.459354E1	2.338141E-5	3.133591E-6
6.469353E1	2.386350E-5	2.651500E-6
6.479352E1	2.404428E-5	2.289932E-6
6.489351E1	2.386350E-5	2.048886E-6
6.499350E1	2.380324E-5	2.289932E-6
6.509349E1	2.374298E-5	2.410454E-6
6.519348E1	2.356219E-5	2.350193E-6
6.529347E1	2.320062E-5	2.410454E-6
6.539346E1	2.350193E-5	2.169409E-6
6.549345E1	2.350193E-5	2.289932E-6
6.559344E1	2.320062E-5	2.410454E-6
6.569343E1	2.289932E-5	2.289932E-6
6.579342E1	2.253775E-5	2.289932E-6
6.589341E1	2.251574E-5	1.861504E-6
6.599340E1	2.283237E-5	2.254339E-6
6.609339E1	2.226122E-5	2.055187E-6
6.619338E1	2.205450E-5	2.265602E-6
6.629337E1	2.162519E-5	2.537033E-6
6.639336E1	2.152399E-5	2.596916E-6
6.649335E1	2.118842E-5	2.503345E-6
6.659334E1	2.046057E-5	2.425377E-6
6.669333E1	2.033762E-5	2.227534E-6
6.679332E1	2.062192E-5	1.825988E-6
6.689331E1	2.137345E-5	1.990584E-6
6.699330E1	2.180541E-5	2.184231E-6
6.709329E1	2.167568E-5	2.107929E-6
6.719328E1	2.146364E-5	2.071650E-6
6.729327E1	2.173258E-5	1.651085E-6
6.739326E1	2.251114E-5	2.053789E-6
6.749325E1	2.312862E-5	2.188024E-6
6.759324E1	2.355817E-5	2.295411E-6
6.769323E1	2.326285E-5	2.402799E-6
6.779322E1	2.355817E-5	2.510187E-6
6.789321E1	2.345078E-5	2.537033E-6
6.799320E1	2.377294E-5	2.993431E-6
6.809319E1	2.401457E-5	3.315594E-6
6.819318E1	2.347763E-5	3.396135E-6
6.829317E1	2.404141E-5	3.100819E-6
6.839316E1	2.385348E-5	2.241717E-6
6.849315E1	2.353346E-5	2.618728E-6
6.859314E1	2.334280E-5	2.276699E-6
6.869313E1	2.285680E-5	2.356925E-6
6.879312E1	2.226952E-5	1.516851E-6
6.889311E1	2.248429E-5	1.275228E-6
6.899310E1	2.264537E-5	1.060453E-6
6.909309E1	2.269907E-5	1.006759E-6
6.919308E1	2.280645E-5	9.799124E-7
6.929307E1	2.197420E-5	9.530655E-7
6.939306E1	2.165381E-5	1.897889E-6
6.949305E1	2.178303E-5	1.447973E-6
6.959304E1	2.213477E-5	1.430748E-6
6.969303E1	2.212443E-5	1.436877E-6
6.979302E1	2.207713E-5	1.700114E-6
6.989301E1	2.142323E-5	2.151621E-6
6.999300E1	2.161581E-5	2.620104E-6
7.009299E1	2.165591E-5	2.611766E-6
7.019298E1	2.237690E-5	1.919554E-6
7.029297E1	2.283135E-5	1.663761E-6
7.039296E1	2.269507E-5	1.890651E-6
7.049295E1	2.279117E-5	2.104333E-6
7.059294E1	2.320298E-5	2.180422E-6
7.069293E1	2.369222E-5	2.464286E-6
7.079292E1	2.370793E-5	2.292576E-6
7.089291E1	2.314263E-5	1.925382E-6
7.099290E1	2.338389E-5	2.105530E-6
7.109289E1	2.319057E-5	1.900635E-6
7.119288E1	2.309963E-5	2.119102E-6
7.129287E1	2.310351E-5	2.287778E-6
7.139286E1	2.308162E-5	2.333054E-6
7.149285E1	2.338194E-5	2.176400E-6
7.159284E1	2.380659E-5	1.506247E-6
7.169283E1	2.304756E-5	1.013570E-6
7.179282E1	2.325029E-5	1.044638E-6
7.189281E1	2.322565E-5	8.159972E-7
7.199280E1	2.330969E-5	7.174363E-7
7.209279E1	2.388797E-5	9.563578E-7
7.219278E1	2.395363E-5	7.595454E-7
7.229277E1	2.427515E-5	1.481216E-6
7.239276E1	2.435066E-5	1.898288E-6
7.249275E1	2.406656E-5	2.061884E-6
7.259274E1	2.414299E-5	2.043395E-6
7.269273E1	2.383013E-5	1.922902E-6
7.279272E1	2.349564E-5	2.371474E-6
7.289271E1	2.319838E-5	2.386084E-6
7.299270E1	2.271357E-5	2.191511E-6
7.309269E1	2.237703E-5	1.866060E-6
7.319268E1	2.216773E-5	1.790833E-6
7.329267E1	2.201863E-5	1.886413E-6
7.339266E1	2.208393E-5	1.679921E-6
7.349265E1	2.173839E-5	1.899648E-6
7.359264E1	2.192447E-5	1.476470E-6
7.369263E1	2.192694E-5	1.741211E-6
7.379262E1	2.189338E-5	1.581538E-6
7.389261E1	2.214223E-5	1.431557E-6
7.399260E1	2.198763E-5	1.595553E-6
7.409259E1	2.226880E-5	1.019120E-6
7.419258E1	2.257331E-5	1.496350E-6
7.429257E1	2.214195E-5	1.895387E-6
7.439256E1	2.286590E-5	1.610011E-6
7.449255E1	2.323241E-5	1.776738E-6
7.459254E1	2.370130E-5	1.354080E-6
7.469253E1	2.347995E-5	1.217502E-6
7.479252E1	2.370998E-5	1.075991E-6
7.489251E1	2.439900E-5	9.477582E-7
7.499250E1	2.462455E-5	1.121549E-6
7.509249E1	2.441936E-5	1.554761E-6
7.519248E1	2.457896E-5	1.654457E-6
7.529247E1	2.447964E-5	1.991740E-6
7.539246E1	2.475544E-5	2.190193E-6
7.549245E1	2.465814E-5	2.159740E-6
7.559244E1	2.490390E-5	1.854359E-6
7.569243E1	2.481233E-5	1.824461E-6
7.579242E1	2.534745E-5	2.310155E-6
7.589241E1	2.563074E-5	2.743344E-6
7.599240E1	2.575290E-5	2.930671E-6
7.609239E1	2.554634E-5	2.711006E-6
7.619238E1	2.551079E-5	2.442029E-6
7.629237E1	2.530719E-5	2.382769E-6
7.639236E1	2.502816E-5	2.624389E-6
7.649235E1	2.480832E-5	3.118609E-6
7.659234E1	2.536082E-5	2.790233E-6
7.669233E1	2.557126E-5	2.987004E-6
7.679232E1	2.538309E-5	3.071468E-6
7.689231E1	2.532124E-5	3.503997E-6
7.699230E1	2.547943E-5	3.770741E-6
7.709229E1	2.531823E-5	4.164671E-6
7.719228E1	2.534228E-5	4.299437E-6
7.729227E1	2.551917E-5	4.064972E-6
7.739226E1	2.585164E-5	3.847325E-6
7.749225E1	2.565122E-5	3.688504E-6
7.759224E1	2.583049E-5	3.903758E-6
7.769223E1	2.595780E-5	4.088588E-6
7.779222E1	2.629558E-5	3.956974E-6
7.789221E1	2.653152E-5	3.811434E-6
7.799220E1	2.654199E-5	3.834275E-6
7.809219E1	2.707443E-5	3.865224E-6
7.819218E1	2.723439E-5	3.791735E-6
7.829217E1	2.726936E-5	3.474934E-6
7.839216E1	2.757275E-5	3.365363E-6
7.849215E1	2.770885E-5	3.125544E-6
7.859214E1	2.809329E-5	3.640003E-6
7.869213E1	2.865540E-5	4.102927E-6
7.879212E1	2.875385E-5	3.925697E-6
7.889211E1	2.841883E-5	4.101281E-6
7.899210E1	2.815131E-5	4.354708E-6
7.909209E1	2.776027E-5	4.062524E-6
7.919208E1	2.795630E-5	4.111765E-6
7.929207E1	2.849097E-5	4.126830E-6
7.939206E1	2.843499E-5	3.864877E-6
7.949205E1	2.858648E-5	3.582761E-6
7.959204E1	2.862662E-5	3.722036E-6
7.969203E1	2.907061E-5	3.933693E-6
7.979202E1	2.887330E-5	4.441564E-6
7.989201E1	2.907701E-5	4.918885E-6
7.999200E1	2.912452E-5	5.396727E-6
8.009199E1	2.911738E-5	5.396341E-6
8.019198E1	2.930037E-5	6.078339E-6
8.029197E1	2.942114E-5	6.387008E-6
8.039196E1	2.957535E-5	6.628202E-6
8.049195E1	2.937904E-5	6.479676E-6
8.059194E1	2.917598E-5	6.646845E-6
8.069193E1	2.938100E-5	6.614833E-6
8.079192E1	2.939497E-5	6.762758E-6
8.089191E1	2.964809E-5	6.942241E-6
8.099190E1	3.027199E-5	6.422622E-6
8.109189E1	3.041017E-5	6.842469E-6
8.119188E1	3.038036E-5	7.049848E-6
8.129187E1	2.963252E-5	7.064344E-6
8.139186E1	2.983171E-5	7.507773E-6
8.149185E1	2.979455E-5	7.940231E-6
8.159184E1	2.973932E-5	8.169844E-6
8.169183E1	2.941881E-5	8.212018E-6
8.179182E1	2.881234E-5	7.565813E-6
8.189181E1	2.894270E-5	7.237464E-6
8.199180E1	2.916569E-5	6.996689E-6
8.209179E1	2.929179E-5	7.080602E-6
8.219178E1	2.924841E-5	6.879378E-6
8.229177E1	2.962361E-5	6.288726E-6
8.239176E1	2.959330E-5	5.996186E-6
8.249175E1	2.929200E-5	5.719792E-6
8.259174E1	2.946024E-5	5.678054E-6
8.269173E1	2.891382E-5	5.416754E-6
8.279172E1	2.935665E-5	4.937120E-6
8.289171E1	2.869228E-5	5.053680E-6
8.299170E1	2.859478E-5	4.716307E-6
8.309169E1	2.791194E-5	4.735702E-6
8.319168E1	2.844195E-5	4.781249E-6
8.329167E1	2.861607E-5	4.565700E-6
8.339166E1	2.844918E-5	4.769717E-6
8.349165E1	2.857844E-5	5.013249E-6
8.359164E1	2.791194E-5	4.592196E-6
8.369163E1	2.738575E-5	4.783537E-6
8.379162E1	2.729008E-5	4.640031E-6
8.389161E1	2.733792E-5	4.448690E-6
8.399160E1	2.695523E-5	4.400854E-6
8.409159E1	2.614203E-5	4.305184E-6
8.419158E1	2.599853E-5	4.353019E-6
8.429157E1	2.609420E-5	4.640031E-6
8.439156E1	2.609420E-5	4.592196E-6
8.449155E1	2.642904E-5	4.209513E-6
8.459154E1	2.628554E-5	4.305184E-6
8.469153E1	2.614203E-5	4.496525E-6
8.479152E1	2.604636E-5	4.305184E-6
8.489151E1	2.685956E-5	4.066007E-6
8.499150E1	2.666822E-5	4.113842E-6
8.509149E1	2.676389E-5	4.113842E-6
8.519148E1	2.664313E-5	3.961811E-6
8.529147E1	2.644278E-5	3.899750E-6
8.539146E1	2.617374E-5	3.856917E-6
8.549145E1	2.643759E-5	3.353947E-6
8.559144E1	2.669774E-5	3.226586E-6
8.569143E1	2.722800E-5	3.342062E-6
8.579142E1	2.708385E-5	3.379410E-6
8.589141E1	2.673334E-5	3.923794E-6
8.599140E1	2.690740E-5	4.113842E-6
8.609139E1	2.671606E-5	4.305184E-6
8.619138E1	2.639538E-5	3.964101E-6
8.629137E1	2.658089E-5	3.586031E-6
8.639136E1	2.655829E-5	3.642525E-6
8.649135E1	2.686978E-5	3.397923E-6
8.659134E1	2.759030E-5	3.164459E-6
8.669133E1	2.802306E-5	3.335388E-6
8.679132E1	2.833091E-5	3.203454E-6
8.689131E1	2.826898E-5	2.967585E-6
8.699130E1	2.848892E-5	2.851251E-6
8.709129E1	2.869214E-5	2.375576E-6
8.719128E1	2.928008E-5	2.137447E-6
8.729127E1	2.930426E-5	2.167016E-6
8.739126E1	2.952858E-5	2.356736E-6
8.749125E1	2.948155E-5	2.217391E-6
8.759124E1	2.953259E-5	2.814721E-6
8.769123E1	2.909530E-5	3.481586E-6
8.779122E1	2.883240E-5	3.590370E-6
8.789121E1	2.822439E-5	3.363654E-6
8.799120E1	2.851018E-5	3.426110E-6
8.809119E1	2.831192E-5	3.763756E-6
8.819118E1	2.841675E-5	4.449203E-6
8.829117E1	2.881747E-5	4.778007E-6
8.839116E1	2.886373E-5	4.336705E-6
8.849115E1	2.911270E-5	4.308645E-6
8.859114E1	2.957814E-5	4.257848E-6
8.869113E1	2.924090E-5	4.153685E-6
8.879112E1	2.981612E-5	4.655947E-6
8.889111E1	2.992458E-5	4.605197E-6
8.899110E1	2.997053E-5	4.486893E-6
8.909109E1	3.047421E-5	3.870333E-6
8.919108E1	3.042273E-5	3.751407E-6
8.929107E1	3.085861E-5	3.336427E-6
8.939106E1	3.080924E-5	3.204722E-6
8.949105E1	3.067100E-5	3.341082E-6
8.959104E1	3.091666E-5	2.868495E-6
8.969103E1	3.073613E-5	2.334532E-6
8.979102E1	3.082749E-5	2.034044E-6
8.989101E1	3.034987E-5	1.889058E-6
8.999100E1	3.053866E-5	2.213184E-6
9.009099E1	3.081551E-5	2.248063E-6
9.019098E1	3.106247E-5	2.388692E-6
9.029097E1	3.061232E-5	2.474743E-6
9.039096E1	3.073728E-5	2.463887E-6
9.049095E1	3.102473E-5	2.684635E-6
9.059094E1	3.134001E-5	2.522668E-6
9.069093E1	3.109557E-5	2.441337E-6
9.079092E1	3.116587E-5	2.305018E-6
9.089091E1	3.103704E-5	1.902439E-6
9.099090E1	3.108149E-5	1.919458E-6
9.109089E1	3.061750E-5	1.973761E-6
9.119088E1	3.027769E-5	1.814797E-6
9.129087E1	2.968756E-5	1.902710E-6
9.139086E1	2.964773E-5	2.564573E-6
9.149085E1	2.948754E-5	2.780345E-6
9.159084E1	2.955981E-5	3.017865E-6
9.169083E1	2.980532E-5	3.445751E-6
9.179082E1	3.007378E-5	3.769722E-6
9.189081E1	3.023622E-5	4.192067E-6
9.199080E1	3.032856E-5	4.615947E-6
9.209079E1	3.043591E-5	4.862142E-6
9.219078E1	3.035800E-5	5.027142E-6
9.229077E1	3.043623E-5	4.014813E-6
9.239076E1	3.020667E-5	4.449289E-6
9.249075E1	2.981561E-5	4.761686E-6
9.259074E1	3.020378E-5	4.692777E-6
9.269073E1	3.015036E-5	4.820475E-6
9.279072E1	3.031729E-5	5.091606E-6
9.289071E1	3.034322E-5	5.054736E-6
9.299070E1	3.134299E-5	5.051172E-6
9.309069E1	3.133848E-5	4.753935E-6
9.319068E1	3.151661E-5	4.236263E-6
9.329067E1	3.201309E-5	4.335822E-6
9.339066E1	3.315160E-5	4.249962E-6
9.349065E1	3.351621E-5	4.238513E-6
9.359064E1	3.390939E-5	4.195605E-6
9.369063E1	3.373509E-5	4.412407E-6
9.379062E1	3.409586E-5	4.149819E-6
9.389061E1	3.419942E-5	3.982680E-6
9.399060E1	3.378193E-5	3.132466E-6
9.409059E1	3.360480E-5	2.668379E-6
9.419058E1	3.384910E-5	2.599541E-6
9.429057E1	3.351347E-5	2.516248E-6
9.439056E1	3.371970E-5	2.438860E-6
9.449055E1	3.360435E-5	2.535275E-6
9.459054E1	3.288682E-5	2.726616E-6
9.469053E1	3.298967E-5	2.402545E-6
9.479052E1	3.264764E-5	2.056921E-6
9.489051E1	3.270554E-5	2.387632E-6
9.499050E1	3.365219E-5	2.391769E-6
9.509049E1	3.355652E-5	1.913415E-6
9.519048E1	3.336517E-5	2.248263E-6
9.529047E1	3.322167E-5	1.913415E-6
9.539046E1	3.393920E-5	2.583110E-6
9.549045E1	3.393920E-5	2.870122E-6
9.559044E1	3.374786E-5	2.678781E-6
9.569043E1	3.360435E-5	2.248263E-6
9.579042E1	3.370002E-5	1.913415E-6
9.589041E1	3.355652E-5	1.243720E-6
9.599040E1	3.341301E-5	1.004543E-6
9.609039E1	3.336517E-5	1.530732E-6
9.619038E1	3.326950E-5	1.148049E-6
9.629037E1	3.288682E-5	6.218599E-7
9.639036E1	3.288682E-5	6.696952E-7
9.649035E1	3.293466E-5	9.567075E-7
9.659034E1	3.240847E-5	5.261891E-7
9.669033E1	3.288682E-5	4.783537E-7
9.679032E1	3.202578E-5	-1.435061E-7
9.689031E1	3.202578E-5	-2.870122E-7
9.699030E1	3.149959E-5	9.567075E-8
9.709029E1	3.169094E-5	-2.870122E-7
9.719028E1	3.226496E-5	-6.218599E-7
9.729027E1	3.221713E-5	-9.088721E-7
9.739026E1	3.188228E-5	-1.435061E-6
9.749025E1	3.154743E-5	-1.722073E-6
9.759024E1	3.102124E-5	-2.104756E-6
9.769023E1	3.049505E-5	-2.248263E-6
9.779022E1	3.030371E-5	-2.200427E-6
9.789021E1	3.087773E-5	-1.100214E-6
9.799020E1	3.073423E-5	-9.567075E-7
9.809019E1	3.068639E-5	-1.148049E-6
9.819018E1	3.102124E-5	-4.783537E-7
9.829017E1	3.116475E-5	-5.261891E-7
9.839016E1	3.116475E-5	-6.696952E-7
9.849015E1	3.116475E-5	-7.653660E-7
9.859014E1	3.106908E-5	-7.653660E-7
9.869013E1	3.154743E-5	-6.696952E-7
9.879012E1	3.169094E-5	-7.653660E-7
9.889011E1	3.193011E-5	-6.696952E-7
9.899010E1	3.183444E-5	-1.339390E-6
9.909009E1	3.135609E-5	-1.817744E-6
9.919008E1	3.178661E-5	-2.391769E-6
9.929007E1	3.221713E-5	-2.200427E-6
9.939006E1	3.288682E-5	-1.769909E-6
9.949005E1	3.326950E-5	-1.339390E-6
9.959004E1	3.432188E-5	-1.243720E-6
9.969003E1	3.441755E-5	-1.243720E-6
9.979002E1	3.470456E-5	-2.056921E-6
9.989001E1	3.518292E-5	-1.913415E-6
9.999000E1	3.575694E-5	-1.435061E-6
1.000900E2	3.618746E-5	-1.339390E-6
1.001900E2	3.561344E-5	-1.148049E-6
1.002900E2	3.633097E-5	-1.769909E-6
1.003900E2	3.647447E-5	-1.530732E-6
1.004900E2	3.661798E-5	-1.626403E-6
1.005899E2	3.633097E-5	-1.291555E-6
1.006899E2	3.637880E-5	-1.435061E-6
1.007899E2	3.652231E-5	-1.578567E-6
1.008899E2	3.680932E-5	-1.722073E-6
1.009899E2	3.709633E-5	-1.722073E-6
1.010899E2	3.834005E-5	-2.104756E-6
1.011899E2	3.872274E-5	-2.822287E-6
1.012899E2	3.867490E-5	-2.774452E-6
1.013899E2	3.862707E-5	-3.061464E-6
1.014899E2	3.843572E-5	-2.774452E-6
1.015898E2	3.843572E-5	-3.252805E-6
1.016898E2	3.896191E-5	-3.731159E-6
1.017898E2	3.867490E-5	-4.066007E-6
1.018898E2	3.881841E-5	-4.496525E-6
1.019898E2	3.843572E-5	-4.305184E-6
1.020898E2	3.853139E-5	-4.161678E-6
1.021898E2	3.857923E-5	-4.496525E-6
1.022898E2	3.877057E-5	-4.640031E-6
1.023898E2	3.800521E-5	-5.405397E-6
1.024898E2	3.790953E-5	-5.692410E-6
1.025897E2	3.824438E-5	-5.788080E-6
1.026897E2	3.900975E-5	-6.888294E-6
1.027897E2	3.948810E-5	-6.983965E-6
1.028897E2	4.015780E-5	-6.983965E-6
1.029897E2	4.015780E-5	-7.031800E-6
1.030897E2	4.058832E-5	-6.888294E-6
1.031897E2	4.130585E-5	-7.079635E-6
1.032897E2	4.111450E-5	-7.031800E-6
1.033897E2	4.101883E-5	-7.079635E-6
1.034897E2	4.106667E-5	-6.696952E-6
1.035896E2	4.183204E-5	-6.888294E-6
1.036896E2	4.130585E-5	-7.175306E-6
1.037896E2	4.116234E-5	-7.940672E-6
1.038896E2	4.087533E-5	-7.557989E-6
1.039896E2	4.149719E-5	-8.275520E-6
1.040896E2	4.092316E-5	-7.892837E-6
1.041896E2	4.073182E-5	-7.749331E-6
1.042896E2	3.987079E-5	-7.988508E-6
1.043896E2	3.967944E-5	-7.749331E-6
1.044896E2	3.958377E-5	-7.127471E-6
1.045895E2	3.977511E-5	-6.457776E-6
1.046895E2	3.977190E-5	-6.075217E-6
1.047895E2	3.941422E-5	-5.777895E-6
1.048895E2	3.898188E-5	-6.023442E-6
1.049895E2	3.873102E-5	-6.674237E-6
1.050895E2	3.815377E-5	-7.010403E-6
1.051895E2	3.844918E-5	-7.039008E-6
1.052895E2	3.836805E-5	-6.795983E-6
1.053895E2	3.808887E-5	-6.787912E-6
1.054895E2	3.803036E-5	-5.935281E-6
1.055894E2	3.765657E-5	-5.491041E-6
1.056894E2	3.736474E-5	-5.187230E-6
1.057894E2	3.640663E-5	-5.638268E-6
1.058894E2	3.612762E-5	-6.109083E-6
1.059894E2	3.600896E-5	-5.694784E-6
1.060894E2	3.618746E-5	-6.553446E-6
1.061894E2	3.623530E-5	-6.314269E-6
1.062894E2	3.569907E-5	-5.475247E-6
1.063894E2	3.516660E-5	-5.700274E-6
1.064894E2	3.497408E-5	-6.185097E-6
1.065893E2	3.566644E-5	-6.104736E-6
1.066893E2	3.561710E-5	-6.294354E-6
1.067893E2	3.666581E-5	-7.366648E-6
1.068893E2	3.671365E-5	-7.318812E-6
1.069893E2	3.633717E-5	-6.824239E-6
1.070893E2	3.639118E-5	-6.703961E-6
1.071893E2	3.642002E-5	-6.833868E-6
1.072893E2	3.613963E-5	-7.223142E-6
1.073893E2	3.688224E-5	-7.563575E-6
1.074893E2	3.759720E-5	-7.845953E-6
1.075892E2	3.773377E-5	-8.388755E-6
1.076892E2	3.779626E-5	-8.481866E-6
1.077892E2	3.830950E-5	-8.881510E-6
1.078892E2	3.830221E-5	-8.349714E-6
1.079892E2	3.910485E-5	-8.301590E-6
1.080892E2	3.932967E-5	-8.654247E-6
1.081892E2	3.961914E-5	-9.317851E-6
1.082892E2	3.898727E-5	-9.625825E-6
1.083892E2	3.856170E-5	-9.561410E-6
1.084892E2	3.862707E-5	-1.023677E-5
1.085891E2	3.857469E-5	-9.992440E-6
1.086891E2	3.883393E-5	-1.019149E-5
1.087891E2	3.896191E-5	-1.033244E-5
1.088891E2	3.891408E-5	-1.028461E-5
1.089891E2	3.833424E-5	-1.044998E-5
1.090891E2	3.838391E-5	-1.065948E-5
1.091891E2	3.824438E-5	-1.042811E-5
1.092891E2	3.762252E-5	-9.710581E-6
1.093891E2	3.680932E-5	-8.993050E-6
1.094891E2	3.690499E-5	-9.280063E-6
1.095890E2	3.700066E-5	-9.088721E-6
1.096890E2	3.642664E-5	-9.375733E-6
1.097890E2	3.575694E-5	-1.004543E-5
1.098890E2	3.556560E-5	-1.023677E-5
1.099890E2	3.518292E-5	-9.662746E-6
1.100890E2	3.508725E-5	-1.028461E-5
1.101890E2	3.513508E-5	-1.109781E-5
1.102890E2	3.489591E-5	-1.114564E-5
1.103890E2	3.499158E-5	-1.100214E-5
1.104890E2	3.484807E-5	-1.090647E-5
1.105889E2	3.432188E-5	-1.071512E-5
1.106889E2	3.413054E-5	-1.033244E-5
1.107889E2	3.413054E-5	-1.042811E-5
1.108889E2	3.441755E-5	-1.061945E-5
1.109889E2	3.451322E-5	-1.018893E-5
1.110889E2	3.505808E-5	-1.036691E-5
1.111889E2	3.500883E-5	-1.090782E-5
1.112889E2	3.484107E-5	-1.090924E-5
1.113889E2	3.453019E-5	-1.109071E-5
1.114889E2	3.429090E-5	-1.053508E-5
1.115888E2	3.314754E-5	-1.023100E-5
1.116888E2	3.283927E-5	-1.034804E-5
1.117888E2	3.312438E-5	-1.090081E-5
1.118888E2	3.359211E-5	-1.124988E-5
1.119888E2	3.366527E-5	-1.124703E-5
1.120888E2	3.414197E-5	-1.130335E-5
1.121888E2	3.377341E-5	-1.210002E-5
1.122888E2	3.395056E-5	-1.227975E-5
1.123888E2	3.436591E-5	-1.194577E-5
1.124888E2	3.445995E-5	-1.157244E-5
1.125887E2	3.456033E-5	-1.206264E-5
1.126887E2	3.470865E-5	-1.180371E-5
1.127887E2	3.437177E-5	-1.201022E-5
1.128887E2	3.458238E-5	-1.150201E-5
1.129887E2	3.447690E-5	-1.179472E-5
1.130887E2	3.510267E-5	-1.198520E-5
1.131887E2	3.529181E-5	-1.231252E-5
1.132887E2	3.485556E-5	-1.250376E-5
1.133887E2	3.506942E-5	-1.278266E-5
1.134887E2	3.526418E-5	-1.276851E-5
1.135886E2	3.575026E-5	-1.310756E-5
1.136886E2	3.559017E-5	-1.301504E-5
1.137886E2	3.490654E-5	-1.301649E-5
1.138886E2	3.456511E-5	-1.282941E-5
1.139886E2	3.374786E-5	-1.296339E-5
1.140886E2	3.393920E-5	-1.272421E-5
1.141886E2	3.413054E-5	-1.325040E-5
1.142886E2	3.408270E-5	-1.401576E-5
1.143886E2	3.307816E-5	-1.425494E-5
1.144886E2	3.350868E-5	-1.358525E-5
1.145885E2	3.389136E-5	-1.430278E-5
1.146885E2	3.436972E-5	-1.497247E-5
1.147885E2	3.441755E-5	-1.616836E-5
1.148885E2	3.489591E-5	-1.621619E-5
1.149885E2	3.546993E-5	-1.631186E-5
1.150885E2	3.546993E-5	-1.679022E-5
1.151885E2	3.637880E-5	-1.650320E-5
1.152885E2	3.676149E-5	-1.640753E-5
1.153885E2	3.719473E-5	-1.685929E-5
1.154885E2	3.725295E-5	-1.679772E-5
1.155884E2	3.718649E-5	-1.640231E-5
1.156884E2	3.723664E-5	-1.594911E-5
1.157884E2	3.767446E-5	-1.555820E-5
1.158884E2	3.817874E-5	-1.554614E-5
1.159884E2	3.797684E-5	-1.565900E-5
1.160884E2	3.818721E-5	-1.539744E-5
1.161884E2	3.881729E-5	-1.532545E-5
1.162884E2	3.845714E-5	-1.557805E-5
1.163884E2	3.841258E-5	-1.544417E-5
1.164884E2	3.844326E-5	-1.618861E-5
1.165883E2	3.816349E-5	-1.636432E-5
1.166883E2	3.815188E-5	-1.591583E-5
1.167883E2	3.850850E-5	-1.594177E-5
1.168883E2	3.900698E-5	-1.577832E-5
1.169883E2	3.960938E-5	-1.666293E-5
1.170883E2	4.015364E-5	-1.662904E-5
1.171883E2	4.029096E-5	-1.639414E-5
1.172883E2	4.011380E-5	-1.601595E-5
1.173883E2	4.014666E-5	-1.621731E-5
1.174883E2	4.018144E-5	-1.679253E-5
1.175882E2	4.013048E-5	-1.712388E-5
1.176882E2	4.014447E-5	-1.733425E-5
1.177882E2	4.016362E-5	-1.665136E-5
1.178882E2	3.967532E-5	-1.666610E-5
1.179882E2	3.968355E-5	-1.676818E-5
1.180882E2	3.926587E-5	-1.664779E-5
1.181882E2	3.917049E-5	-1.725235E-5
1.182882E2	3.876563E-5	-1.736749E-5
1.183882E2	3.879836E-5	-1.712734E-5
1.184882E2	3.920535E-5	-1.750278E-5
1.185881E2	3.918012E-5	-1.715914E-5
1.186881E2	3.940769E-5	-1.701538E-5
1.187881E2	3.987618E-5	-1.631042E-5
1.188881E2	3.972361E-5	-1.617412E-5
1.189881E2	3.968588E-5	-1.578671E-5
1.190881E2	4.007911E-5	-1.575235E-5
1.191881E2	4.091923E-5	-1.583980E-5
1.192881E2	4.135121E-5	-1.536293E-5
1.193881E2	4.111841E-5	-1.508738E-5
1.194881E2	4.087053E-5	-1.507523E-5
1.195880E2	4.027457E-5	-1.497386E-5
1.196880E2	4.035672E-5	-1.484878E-5
1.197880E2	4.033259E-5	-1.479425E-5
1.198880E2	4.085834E-5	-1.457788E-5
1.199880E2	4.139137E-5	-1.416008E-5
1.200880E2	4.134286E-5	-1.458241E-5
1.201880E2	4.180242E-5	-1.487180E-5
1.202880E2	4.186433E-5	-1.501877E-5
1.203880E2	4.137071E-5	-1.508130E-5
1.204880E2	4.113161E-5	-1.486166E-5
1.205879E2	4.091961E-5	-1.519804E-5
1.206879E2	4.060078E-5	-1.579113E-5
1.207879E2	4.109937E-5	-1.570031E-5
1.208879E2	4.083948E-5	-1.625684E-5
1.209879E2	4.057087E-5	-1.651330E-5
1.210879E2	4.088958E-5	-1.674875E-5
1.211879E2	4.207608E-5	-1.728321E-5
1.212879E2	4.221412E-5	-1.760694E-5
1.213879E2	4.202251E-5	-1.782370E-5
1.214879E2	4.225411E-5	-1.805367E-5
1.215878E2	4.231356E-5	-1.807048E-5
1.216878E2	4.249575E-5	-1.806372E-5
1.217878E2	4.208231E-5	-1.782783E-5
1.218878E2	4.195001E-5	-1.810641E-5
1.219878E2	4.180451E-5	-1.854194E-5
1.220878E2	4.206211E-5	-1.835080E-5
1.221878E2	4.191682E-5	-1.881849E-5
1.222878E2	4.139744E-5	-1.857850E-5
1.223878E2	4.107704E-5	-1.857657E-5
1.224878E2	4.085653E-5	-1.932138E-5
1.225877E2	4.059829E-5	-1.951373E-5
1.226877E2	4.059784E-5	-1.952946E-5
1.227877E2	4.042398E-5	-1.969117E-5
1.228877E2	4.074698E-5	-1.952650E-5
1.229877E2	4.131896E-5	-1.976329E-5
1.230877E2	4.160712E-5	-1.981345E-5
1.231877E2	4.206254E-5	-1.974622E-5
1.232877E2	4.274815E-5	-1.974528E-5
1.233877E2	4.260065E-5	-1.977690E-5
1.234877E2	4.286394E-5	-1.929666E-5
1.235876E2	4.281473E-5	-1.879174E-5
1.236876E2	4.278458E-5	-1.823639E-5
1.237876E2	4.275605E-5	-1.853002E-5
1.238876E2	4.279963E-5	-1.908253E-5
1.239876E2	4.297537E-5	-1.901467E-5
1.240876E2	4.323059E-5	-1.830745E-5
1.241876E2	4.324548E-5	-1.793656E-5
1.242876E2	4.346302E-5	-1.760888E-5
1.243876E2	4.352618E-5	-1.747820E-5
1.244876E2	4.396747E-5	-1.721580E-5
1.245875E2	4.407758E-5	-1.676119E-5
1.246875E2	4.395688E-5	-1.673403E-5
1.247875E2	4.397926E-5	-1.687424E-5
1.248875E2	4.385065E-5	-1.723314E-5
1.249875E2	4.327923E-5	-1.746078E-5
1.250875E2	4.336863E-5	-1.760410E-5
1.251875E2	4.337777E-5	-1.794905E-5
1.252875E2	4.336198E-5	-1.770365E-5
1.253875E2	4.295331E-5	-1.797297E-5
1.254875E2	4.268134E-5	-1.786326E-5
1.255874E2	4.294069E-5	-1.798424E-5
1.256874E2	4.318466E-5	-1.775298E-5
1.257874E2	4.279548E-5	-1.762015E-5
1.258874E2	4.285846E-5	-1.782736E-5
1.259874E2	4.329461E-5	-1.711736E-5
1.260874E2	4.378973E-5	-1.642518E-5
1.261874E2	4.342038E-5	-1.617104E-5
1.262874E2	4.384392E-5	-1.592577E-5
1.263874E2	4.355399E-5	-1.568558E-5
1.264874E2	4.446515E-5	-1.579682E-5
1.265873E2	4.512713E-5	-1.595863E-5
1.266873E2	4.526267E-5	-1.552539E-5
1.267873E2	4.529294E-5	-1.567755E-5
1.268873E2	4.628792E-5	-1.595823E-5
1.269873E2	4.674634E-5	-1.640565E-5
1.270873E2	4.713707E-5	-1.581492E-5
1.271873E2	4.773304E-5	-1.520576E-5
1.272873E2	4.788807E-5	-1.499131E-5
1.273873E2	4.767890E-5	-1.542228E-5
1.274873E2	4.781172E-5	-1.493958E-5
1.275872E2	4.857379E-5	-1.474987E-5
1.276872E2	4.926147E-5	-1.472550E-5
1.277872E2	4.929435E-5	-1.468546E-5
1.278872E2	4.967704E-5	-1.463762E-5
1.279872E2	5.072942E-5	-1.492464E-5
1.280872E2	5.053807E-5	-1.516381E-5
1.281872E2	5.010756E-5	-1.535516E-5
1.282872E2	5.020323E-5	-1.530732E-5
1.283872E2	5.004006E-5	-1.485719E-5
1.284872E2	5.029890E-5	-1.549866E-5
1.285871E2	5.010756E-5	-1.583351E-5
1.286871E2	5.001188E-5	-1.583351E-5
1.287871E2	5.087292E-5	-1.607269E-5
1.288871E2	5.072942E-5	-1.655104E-5
1.289871E2	5.077725E-5	-1.669455E-5
1.290871E2	5.120777E-5	-1.679022E-5
1.291871E2	5.164917E-5	-1.661241E-5
1.292871E2	5.245976E-5	-1.705044E-5
1.293871E2	5.288132E-5	-1.652899E-5
1.294871E2	5.285677E-5	-1.572861E-5
1.295870E2	5.309787E-5	-1.579877E-5
1.296870E2	5.331893E-5	-1.597668E-5
1.297870E2	5.313845E-5	-1.584414E-5
1.298870E2	5.321033E-5	-1.632580E-5
1.299870E2	5.277115E-5	-1.683465E-5
1.300870E2	5.269180E-5	-1.687868E-5
1.301870E2	5.268092E-5	-1.712102E-5
1.302870E2	5.251698E-5	-1.767961E-5
1.303870E2	5.260534E-5	-1.830046E-5
1.304870E2	5.236110E-5	-1.889040E-5
1.305869E2	5.254801E-5	-1.863071E-5
1.306869E2	5.230682E-5	-1.904183E-5
1.307869E2	5.237579E-5	-1.880688E-5
1.308869E2	5.266050E-5	-1.849629E-5
1.309869E2	5.225403E-5	-1.802642E-5
1.310869E2	5.196243E-5	-1.790136E-5
1.311869E2	5.221673E-5	-1.791716E-5
1.312869E2	5.242730E-5	-1.844106E-5
