0.000000E0	4.769396E-5	3.875134E-6
9.999000E-2	4.771689E-5	3.597044E-6
1.999800E-1	4.757926E-5	3.361346E-6
2.999700E-1	4.746250E-5	3.229105E-6
3.999600E-1	4.735204E-5	3.110178E-6
4.999500E-1	4.730829E-5	3.010168E-6
5.999400E-1	4.755522E-5	3.141431E-6
6.999300E-1	4.763449E-5	3.136807E-6
7.999200E-1	4.764110E-5	3.190177E-6
8.999100E-1	4.761898E-5	3.147508E-6
9.999000E-1	4.736124E-5	3.094517E-6
1.099890E0	4.752633E-5	3.109394E-6
1.199880E0	4.767707E-5	3.160244E-6
1.299870E0	4.745302E-5	3.223133E-6
1.399860E0	4.747565E-5	3.118273E-6
1.499850E0	4.738299E-5	3.036964E-6
1.599840E0	4.744895E-5	3.155378E-6
1.699830E0	4.728792E-5	3.147820E-6
1.799820E0	4.701632E-5	3.065284E-6
1.899810E0	4.699917E-5	2.830684E-6
1.999800E0	4.705952E-5	2.610182E-6
2.099790E0	4.709779E-5	2.637000E-6
2.199780E0	4.732441E-5	2.882460E-6
2.299770E0	4.736018E-5	2.858348E-6
2.399760E0	4.738391E-5	2.500843E-6
2.499750E0	4.713115E-5	2.780334E-6
2.599740E0	4.711311E-5	2.839760E-6
2.699730E0	4.695259E-5	2.792173E-6
2.799720E0	4.682244E-5	2.899875E-6
2.899710E0	4.698144E-5	3.047987E-6
2.999700E0	4.705433E-5	3.002334E-6
3.099690E0	4.703715E-5	2.750341E-6
3.199680E0	4.691134E-5	2.653721E-6
3.299670E0	4.687255E-5	2.768119E-6
3.399660E0	4.683731E-5	2.942328E-6
3.499650E0	4.697262E-5	3.021827E-6
3.599640E0	4.680441E-5	3.199145E-6
3.699630E0	4.670951E-5	3.168554E-6
3.799620E0	4.657319E-5	3.196434E-6
3.899610E0	4.652869E-5	3.081729E-6
3.999600E0	4.659821E-5	3.087387E-6
4.099590E0	4.666704E-5	2.973117E-6
4.199580E0	4.653827E-5	2.566796E-6
4.299570E0	4.647284E-5	2.416373E-6
4.399560E0	4.659025E-5	2.224397E-6
4.499550E0	4.653693E-5	2.180082E-6
4.599540E0	4.638203E-5	1.968453E-6
4.699530E0	4.631054E-5	2.038534E-6
4.799520E0	4.639049E-5	1.593204E-6
4.899510E0	4.637086E-5	1.491836E-6
4.999500E0	4.616189E-5	1.574523E-6
5.099490E0	4.631861E-5	1.584672E-6
5.199480E0	4.601069E-5	1.329319E-6
5.299470E0	4.615133E-5	1.315959E-6
5.399460E0	4.596052E-5	1.529181E-6
5.499450E0	4.578496E-5	1.478098E-6
5.599440E0	4.593235E-5	1.319794E-6
5.699430E0	4.594970E-5	1.386172E-6
5.799420E0	4.603356E-5	1.107359E-6
5.899410E0	4.625541E-5	6.307567E-7
5.999400E0	4.646214E-5	2.075479E-7
6.099390E0	4.642853E-5	2.987626E-7
6.199380E0	4.662107E-5	2.921316E-7
6.299370E0	4.647344E-5	2.858471E-7
6.399360E0	4.656833E-5	7.589870E-8
6.499350E0	4.668505E-5	1.065845E-7
6.599340E0	4.638361E-5	1.449683E-7
6.699330E0	4.606410E-5	-2.037325E-7
6.799320E0	4.607280E-5	-2.291241E-7
6.899310E0	4.583119E-5	2.805678E-8
6.999300E0	4.575760E-5	3.065200E-7
7.099290E0	4.578009E-5	4.306731E-7
7.199280E0	4.566938E-5	5.936039E-7
7.299270E0	4.530488E-5	5.601841E-7
7.399260E0	4.521819E-5	2.336255E-7
7.499250E0	4.521712E-5	1.925456E-7
7.599240E0	4.554374E-5	5.238542E-7
7.699230E0	4.551674E-5	7.158221E-7
7.799220E0	4.542033E-5	9.373547E-7
7.899210E0	4.555215E-5	1.255045E-6
7.999200E0	4.558695E-5	1.227196E-6
8.099190E0	4.541043E-5	1.030527E-6
8.199180E0	4.514028E-5	8.354978E-7
8.299170E0	4.513586E-5	7.924768E-7
8.399160E0	4.539151E-5	9.462150E-7
8.499150E0	4.547212E-5	1.142471E-6
8.599140E0	4.545389E-5	1.143885E-6
8.699130E0	4.542212E-5	1.201251E-6
8.799120E0	4.560167E-5	1.281489E-6
8.899110E0	4.574400E-5	1.245893E-6
8.999100E0	4.561941E-5	1.150447E-6
9.099090E0	4.610804E-5	1.370887E-6
9.199080E0	4.616486E-5	1.059914E-6
9.299070E0	4.611694E-5	8.332167E-7
9.399060E0	4.589801E-5	1.147293E-6
9.499050E0	4.573917E-5	1.460637E-6
9.599040E0	4.581262E-5	1.655341E-6
9.699030E0	4.592714E-5	1.823902E-6
9.799020E0	4.589260E-5	1.911878E-6
9.899010E0	4.587831E-5	2.247527E-6
9.999000E0	4.571145E-5	2.506599E-6
1.009899E1	4.562188E-5	2.620383E-6
1.019898E1	4.527763E-5	2.575515E-6
1.029897E1	4.511038E-5	2.515541E-6
1.039896E1	4.527870E-5	2.661166E-6
1.049895E1	4.528718E-5	2.576374E-6
1.059894E1	4.529353E-5	2.526412E-6
1.069893E1	4.524326E-5	2.444087E-6
1.079892E1	4.534543E-5	2.650698E-6
1.089891E1	4.539182E-5	2.926544E-6
1.099890E1	4.543456E-5	3.129393E-6
1.109889E1	4.584666E-5	3.172528E-6
1.119888E1	4.589667E-5	3.191679E-6
1.129887E1	4.607642E-5	3.081129E-6
1.139886E1	4.610145E-5	2.978396E-6
1.149885E1	4.610109E-5	2.987373E-6
1.159884E1	4.625674E-5	3.210476E-6
1.169883E1	4.608130E-5	3.560931E-6
1.179882E1	4.610277E-5	3.765051E-6
1.189881E1	4.601085E-5	3.916520E-6
1.199880E1	4.616315E-5	4.069060E-6
1.209879E1	4.625517E-5	4.114904E-6
1.219878E1	4.607729E-5	4.103868E-6
1.229877E1	4.593937E-5	4.286759E-6
1.239876E1	4.582648E-5	4.224473E-6
1.249875E1	4.588868E-5	4.170044E-6
1.259874E1	4.589548E-5	4.076620E-6
1.269873E1	4.596888E-5	4.235660E-6
1.279872E1	4.566961E-5	4.573202E-6
1.289871E1	4.567887E-5	4.311025E-6
1.299870E1	4.579898E-5	4.377508E-6
1.309869E1	4.556311E-5	4.659462E-6
1.319868E1	4.553070E-5	4.737580E-6
1.329867E1	4.573420E-5	4.176679E-6
1.339866E1	4.588670E-5	4.164136E-6
1.349865E1	4.586422E-5	4.161294E-6
1.359864E1	4.588017E-5	4.174829E-6
1.369863E1	4.587124E-5	4.101818E-6
1.379862E1	4.614600E-5	4.283200E-6
1.389861E1	4.622485E-5	4.464781E-6
1.399860E1	4.617220E-5	4.834516E-6
1.409859E1	4.616062E-5	4.985724E-6
1.419858E1	4.586997E-5	4.910595E-6
1.429857E1	4.564806E-5	4.850504E-6
1.439856E1	4.568816E-5	4.924278E-6
1.449855E1	4.566347E-5	4.889516E-6
1.459854E1	4.572474E-5	4.837058E-6
1.469853E1	4.570358E-5	5.227849E-6
1.479852E1	4.552014E-5	5.545298E-6
1.489851E1	4.556562E-5	5.675211E-6
1.499850E1	4.575206E-5	5.894599E-6
1.509849E1	4.593342E-5	6.082636E-6
1.519848E1	4.593064E-5	6.151109E-6
1.529847E1	4.584364E-5	5.949000E-6
1.539846E1	4.592342E-5	5.883294E-6
1.549845E1	4.581580E-5	6.126225E-6
1.559844E1	4.560679E-5	6.166424E-6
1.569843E1	4.563870E-5	6.336432E-6
1.579842E1	4.555401E-5	6.597203E-6
1.589841E1	4.519694E-5	6.859188E-6
1.599840E1	4.515888E-5	6.758151E-6
1.609839E1	4.520193E-5	6.670305E-6
1.619838E1	4.514080E-5	6.567312E-6
1.629837E1	4.502621E-5	6.551968E-6
1.639836E1	4.515477E-5	6.551511E-6
1.649835E1	4.511710E-5	6.371886E-6
1.659834E1	4.502349E-5	6.379205E-6
1.669833E1	4.469853E-5	6.412998E-6
1.679832E1	4.486914E-5	6.621506E-6
1.689831E1	4.491452E-5	7.080345E-6
1.699830E1	4.458176E-5	7.404631E-6
1.709829E1	4.476461E-5	7.298630E-6
1.719828E1	4.486792E-5	7.228697E-6
1.729827E1	4.496429E-5	6.971485E-6
1.739826E1	4.482172E-5	7.092946E-6
1.749825E1	4.492451E-5	7.198114E-6
1.759824E1	4.471409E-5	7.198886E-6
1.769823E1	4.439887E-5	7.308224E-6
1.779822E1	4.451994E-5	7.156522E-6
1.789821E1	4.447336E-5	7.109883E-6
1.799820E1	4.417691E-5	7.308128E-6
1.809819E1	4.403814E-5	7.443611E-6
1.819818E1	4.422936E-5	7.806320E-6
1.829817E1	4.442046E-5	7.981887E-6
1.839816E1	4.421997E-5	8.010597E-6
1.849815E1	4.424432E-5	8.011751E-6
1.859814E1	4.410028E-5	8.230990E-6
1.869813E1	4.413173E-5	8.436082E-6
1.879812E1	4.396167E-5	8.620274E-6
1.889811E1	4.409375E-5	8.808381E-6
1.899810E1	4.418289E-5	8.614075E-6
1.909809E1	4.419673E-5	8.823853E-6
1.919808E1	4.437861E-5	9.030746E-6
1.929807E1	4.443735E-5	9.306254E-6
1.939806E1	4.454686E-5	9.274749E-6
1.949805E1	4.448082E-5	9.175429E-6
1.959804E1	4.430586E-5	9.232601E-6
1.969803E1	4.471121E-5	9.226003E-6
1.979802E1	4.473928E-5	9.172470E-6
1.989801E1	4.448376E-5	8.996468E-6
1.999800E1	4.425852E-5	8.736522E-6
2.009799E1	4.424870E-5	8.726505E-6
2.019798E1	4.405580E-5	8.491823E-6
2.029797E1	4.433890E-5	8.250686E-6
2.039796E1	4.435418E-5	7.790634E-6
2.049795E1	4.427141E-5	7.752723E-6
2.059794E1	4.411101E-5	7.383615E-6
2.069793E1	4.397407E-5	7.076063E-6
2.079792E1	4.390319E-5	6.983455E-6
2.089791E1	4.383814E-5	6.712499E-6
2.099790E1	4.376101E-5	6.299049E-6
2.109789E1	4.375470E-5	5.989120E-6
2.119788E1	4.384909E-5	5.851067E-6
2.129787E1	4.372997E-5	5.951255E-6
2.139786E1	4.359358E-5	5.870265E-6
2.149785E1	4.355435E-5	5.601539E-6
2.159784E1	4.338638E-5	5.306260E-6
2.169783E1	4.338900E-5	5.309049E-6
2.179782E1	4.346150E-5	5.319199E-6
2.189781E1	4.333867E-5	5.155819E-6
2.199780E1	4.328338E-5	5.071366E-6
2.209779E1	4.307749E-5	4.923861E-6
2.219778E1	4.297767E-5	5.139410E-6
2.229777E1	4.314938E-5	5.318471E-6
2.239776E1	4.321918E-5	5.393620E-6
2.249775E1	4.323928E-5	5.564096E-6
2.259774E1	4.338194E-5	5.769368E-6
2.269773E1	4.336705E-5	5.806351E-6
2.279772E1	4.333931E-5	5.777193E-6
2.289771E1	4.345461E-5	5.594191E-6
2.299770E1	4.356563E-5	5.451198E-6
2.309769E1	4.347735E-5	5.601899E-6
2.319768E1	4.347587E-5	5.799534E-6
2.329767E1	4.339218E-5	5.939077E-6
2.339766E1	4.341789E-5	6.218271E-6
2.349765E1	4.336199E-5	6.587472E-6
2.359764E1	4.318548E-5	6.685879E-6
2.369763E1	4.290620E-5	6.676104E-6
2.379762E1	4.297303E-5	6.465740E-6
2.389761E1	4.286762E-5	6.354416E-6
2.399760E1	4.287998E-5	6.570486E-6
2.409759E1	4.310121E-5	6.545596E-6
2.419758E1	4.309545E-5	6.423288E-6
2.429757E1	4.284161E-5	6.301648E-6
2.439756E1	4.259383E-5	6.522263E-6
2.449755E1	4.265814E-5	6.471061E-6
2.459754E1	4.259383E-5	6.603563E-6
2.469753E1	4.279050E-5	6.789318E-6
2.479752E1	4.301761E-5	6.827165E-6
2.489751E1	4.318398E-5	6.696110E-6
2.499750E1	4.320618E-5	6.347142E-6
2.509749E1	4.324990E-5	6.231829E-6
2.519748E1	4.324561E-5	6.166956E-6
2.529747E1	4.328661E-5	6.209208E-6
2.539746E1	4.320366E-5	6.013334E-6
2.549745E1	4.295734E-5	5.877563E-6
2.559744E1	4.266511E-5	5.712514E-6
2.569743E1	4.248241E-5	5.583331E-6
2.579742E1	4.239161E-5	5.518794E-6
2.589741E1	4.238786E-5	5.321001E-6
2.599740E1	4.243180E-5	5.464791E-6
2.609739E1	4.228715E-5	5.299061E-6
2.619738E1	4.226574E-5	5.319525E-6
2.629737E1	4.211727E-5	5.184131E-6
2.639736E1	4.208175E-5	5.233413E-6
2.649735E1	4.218033E-5	5.040340E-6
2.659734E1	4.199921E-5	4.987460E-6
2.669733E1	4.197088E-5	4.870469E-6
2.679732E1	4.206286E-5	4.952561E-6
2.689731E1	4.193315E-5	5.096394E-6
2.699730E1	4.172912E-5	5.062897E-6
2.709729E1	4.176499E-5	5.122917E-6
2.719728E1	4.182232E-5	5.168718E-6
2.729727E1	4.159605E-5	5.452166E-6
2.739726E1	4.152602E-5	5.695446E-6
2.749725E1	4.172863E-5	5.776637E-6
2.759724E1	4.163302E-5	5.747025E-6
2.769723E1	4.166450E-5	5.644339E-6
2.779722E1	4.169949E-5	5.588997E-6
2.789721E1	4.191658E-5	5.537001E-6
2.799720E1	4.197706E-5	5.660674E-6
2.809719E1	4.194902E-5	5.913696E-6
2.819718E1	4.217059E-5	6.120008E-6
2.829717E1	4.215715E-5	6.106822E-6
2.839716E1	4.208218E-5	6.310355E-6
2.849715E1	4.203251E-5	6.278358E-6
2.859714E1	4.217784E-5	6.033158E-6
2.869713E1	4.223960E-5	6.032512E-6
2.879712E1	4.249013E-5	6.027856E-6
2.889711E1	4.252893E-5	5.869617E-6
2.899710E1	4.266596E-5	5.854294E-6
2.909709E1	4.278321E-5	5.864715E-6
2.919708E1	4.262583E-5	5.748935E-6
2.929707E1	4.263451E-5	5.869128E-6
2.939706E1	4.278502E-5	6.128919E-6
2.949705E1	4.263949E-5	6.035812E-6
2.959704E1	4.271756E-5	6.011912E-6
2.969703E1	4.293907E-5	5.953069E-6
2.979702E1	4.322930E-5	6.046355E-6
2.989701E1	4.348488E-5	6.260753E-6
2.999700E1	4.368205E-5	6.401034E-6
3.009699E1	4.372226E-5	6.534497E-6
3.019698E1	4.363152E-5	6.517079E-6
3.029697E1	4.360477E-5	6.506001E-6
3.039696E1	4.370202E-5	6.709667E-6
3.049695E1	4.405688E-5	6.784639E-6
3.059694E1	4.433859E-5	6.714163E-6
3.069693E1	4.449910E-5	6.573596E-6
3.079692E1	4.441928E-5	6.274597E-6
3.089691E1	4.397771E-5	6.017843E-6
3.099690E1	4.367202E-5	6.099644E-6
3.109689E1	4.369524E-5	6.096635E-6
3.119688E1	4.371630E-5	5.775748E-6
3.129687E1	4.357247E-5	5.691562E-6
3.139686E1	4.352782E-5	5.772218E-6
3.149685E1	4.353973E-5	5.950837E-6
3.159684E1	4.363813E-5	5.763799E-6
3.169683E1	4.352947E-5	5.694546E-6
3.179682E1	4.378468E-5	5.701818E-6
3.189681E1	4.382810E-5	5.749761E-6
3.199680E1	4.392085E-5	5.735844E-6
3.209679E1	4.402550E-5	5.612764E-6
3.219678E1	4.389505E-5	5.382555E-6
3.229677E1	4.373151E-5	5.243661E-6
3.239676E1	4.352400E-5	5.357306E-6
3.249675E1	4.333851E-5	5.368800E-6
3.259674E1	4.319160E-5	5.364521E-6
3.269673E1	4.301456E-5	5.162110E-6
3.279672E1	4.296860E-5	5.253422E-6
3.289671E1	4.297036E-5	5.520422E-6
3.299670E1	4.288441E-5	5.591561E-6
3.309669E1	4.290589E-5	5.574151E-6
3.319668E1	4.279255E-5	5.391660E-6
3.329667E1	4.299224E-5	5.312586E-6
3.339666E1	4.289305E-5	5.116621E-6
3.349665E1	4.257709E-5	5.227673E-6
3.359664E1	4.241506E-5	4.955333E-6
3.369663E1	4.227231E-5	5.170881E-6
3.379662E1	4.242693E-5	4.995821E-6
3.389661E1	4.217148E-5	4.752195E-6
3.399660E1	4.217542E-5	4.814582E-6
3.409659E1	4.215419E-5	4.697387E-6
3.419658E1	4.222351E-5	4.847965E-6
3.429657E1	4.236759E-5	4.883957E-6
3.439656E1	4.259529E-5	4.748071E-6
3.449655E1	4.252515E-5	4.768519E-6
3.459654E1	4.254342E-5	4.471069E-6
3.469653E1	4.261861E-5	4.486838E-6
3.479652E1	4.241164E-5	4.605734E-6
3.489651E1	4.223867E-5	4.714021E-6
3.499650E1	4.215367E-5	4.495040E-6
3.509649E1	4.217051E-5	4.499381E-6
3.519648E1	4.203052E-5	4.122987E-6
3.529647E1	4.204521E-5	3.867656E-6
3.539646E1	4.187392E-5	3.566131E-6
3.549645E1	4.174082E-5	3.520060E-6
3.559644E1	4.162478E-5	3.458818E-6
3.569643E1	4.168782E-5	3.352003E-6
3.579642E1	4.162445E-5	3.329654E-6
3.589641E1	4.175827E-5	3.331224E-6
3.599640E1	4.168318E-5	3.453555E-6
3.609639E1	4.166839E-5	3.707413E-6
3.619638E1	4.156794E-5	3.864699E-6
3.629637E1	4.136022E-5	4.144893E-6
3.639636E1	4.117106E-5	4.174251E-6
3.649635E1	4.100557E-5	4.266995E-6
3.659634E1	4.102160E-5	4.307117E-6
3.669633E1	4.121314E-5	4.396454E-6
3.679632E1	4.122632E-5	4.543976E-6
3.689631E1	4.137896E-5	4.573639E-6
3.699630E1	4.162602E-5	4.684055E-6
3.709629E1	4.164514E-5	4.640748E-6
3.719628E1	4.167422E-5	4.611435E-6
3.729627E1	4.184124E-5	4.742981E-6
3.739626E1	4.182489E-5	4.493561E-6
3.749625E1	4.213582E-5	4.568630E-6
3.759624E1	4.219864E-5	4.619534E-6
3.769623E1	4.223515E-5	4.712461E-6
3.779622E1	4.216620E-5	4.640432E-6
3.789621E1	4.224521E-5	4.643190E-6
3.799620E1	4.234566E-5	4.708420E-6
3.809619E1	4.231676E-5	4.867674E-6
3.819618E1	4.224337E-5	5.134336E-6
3.829617E1	4.218181E-5	5.340602E-6
3.839616E1	4.229858E-5	5.161292E-6
3.849615E1	4.219956E-5	4.957298E-6
3.859614E1	4.225122E-5	5.294104E-6
3.869613E1	4.223616E-5	5.290873E-6
3.879612E1	4.236644E-5	5.316035E-6
3.889611E1	4.227306E-5	5.138915E-6
3.899610E1	4.213686E-5	5.004054E-6
3.909609E1	4.186786E-5	5.025595E-6
3.919608E1	4.157264E-5	5.088709E-6
3.929607E1	4.173092E-5	5.024638E-6
3.939606E1	4.196904E-5	5.085767E-6
3.949605E1	4.183847E-5	5.018118E-6
3.959604E1	4.185642E-5	5.156661E-6
3.969603E1	4.200259E-5	5.296344E-6
3.979602E1	4.210575E-5	5.607190E-6
3.989601E1	4.213693E-5	5.830606E-6
3.999600E1	4.196738E-5	6.092160E-6
4.009599E1	4.202658E-5	6.018959E-6
4.019598E1	4.208268E-5	5.989625E-6
4.029597E1	4.194283E-5	5.956731E-6
4.039596E1	4.216225E-5	5.962433E-6
4.049595E1	4.212786E-5	5.957488E-6
4.059594E1	4.215722E-5	6.009405E-6
4.069593E1	4.228607E-5	6.129520E-6
4.079592E1	4.218909E-5	6.243783E-6
4.089591E1	4.222268E-5	6.303515E-6
4.099590E1	4.233396E-5	6.390834E-6
4.109589E1	4.238040E-5	6.196108E-6
4.119588E1	4.248605E-5	6.106864E-6
4.129587E1	4.240611E-5	6.205149E-6
4.139586E1	4.238731E-5	6.174094E-6
4.149585E1	4.245050E-5	6.171857E-6
4.159584E1	4.259159E-5	6.190453E-6
4.169583E1	4.261163E-5	6.113783E-6
4.179582E1	4.267776E-5	6.001846E-6
4.189581E1	4.277387E-5	5.906095E-6
4.199580E1	4.300196E-5	5.902425E-6
4.209579E1	4.291887E-5	5.927965E-6
4.219578E1	4.287325E-5	5.974764E-6
4.229577E1	4.286215E-5	6.210833E-6
4.239576E1	4.283113E-5	6.327986E-6
4.249575E1	4.299796E-5	6.521912E-6
4.259574E1	4.303231E-5	6.728462E-6
4.269573E1	4.277868E-5	6.733493E-6
4.279572E1	4.279763E-5	6.793954E-6
4.289571E1	4.294394E-5	6.742900E-6
4.299570E1	4.324994E-5	6.640435E-6
4.309569E1	4.330787E-5	6.767005E-6
4.319568E1	4.312150E-5	6.867834E-6
4.329567E1	4.304952E-5	6.880414E-6
4.339566E1	4.295398E-5	6.896811E-6
4.349565E1	4.290870E-5	6.924051E-6
4.359564E1	4.304823E-5	6.830391E-6
4.369563E1	4.313130E-5	6.934044E-6
4.379562E1	4.313605E-5	7.081200E-6
4.389561E1	4.309567E-5	7.277334E-6
4.399560E1	4.316724E-5	7.164085E-6
4.409559E1	4.320816E-5	6.997047E-6
4.419558E1	4.326620E-5	6.689277E-6
4.429557E1	4.350133E-5	6.477258E-6
4.439556E1	4.385143E-5	6.501610E-6
4.449555E1	4.385592E-5	6.545335E-6
4.459554E1	4.395052E-5	6.654693E-6
4.469553E1	4.390860E-5	6.693409E-6
4.479552E1	4.386674E-5	6.594927E-6
4.489551E1	4.386826E-5	6.440272E-6
4.499550E1	4.379920E-5	6.494748E-6
4.509549E1	4.393410E-5	6.387249E-6
4.519548E1	4.380218E-5	6.457431E-6
4.529547E1	4.382205E-5	6.620960E-6
4.539546E1	4.397730E-5	6.549712E-6
4.549545E1	4.407224E-5	6.637004E-6
4.559544E1	4.400064E-5	6.650469E-6
4.569543E1	4.417119E-5	6.536131E-6
4.579542E1	4.422143E-5	6.547141E-6
4.589541E1	4.438862E-5	6.582723E-6
4.599540E1	4.432292E-5	6.417301E-6
4.609539E1	4.431301E-5	6.425775E-6
4.619538E1	4.440038E-5	6.340656E-6
4.629537E1	4.440412E-5	6.274332E-6
4.639536E1	4.438481E-5	6.169386E-6
4.649535E1	4.412570E-5	6.199840E-6
4.659534E1	4.408805E-5	6.305387E-6
4.669533E1	4.412314E-5	6.341626E-6
4.679532E1	4.405124E-5	6.363123E-6
4.689531E1	4.386311E-5	6.107805E-6
4.699530E1	4.390564E-5	6.246536E-6
4.709529E1	4.400559E-5	6.213983E-6
4.719528E1	4.400448E-5	6.069094E-6
4.729527E1	4.389375E-5	6.002783E-6
4.739526E1	4.396505E-5	6.012478E-6
4.749525E1	4.395762E-5	6.367421E-6
4.759524E1	4.403888E-5	6.694534E-6
4.769523E1	4.400928E-5	6.742600E-6
4.779522E1	4.408818E-5	6.790797E-6
4.789521E1	4.434287E-5	6.629313E-6
4.799520E1	4.449808E-5	6.791068E-6
4.809519E1	4.467440E-5	6.874771E-6
4.819518E1	4.485044E-5	6.914952E-6
4.829517E1	4.465126E-5	6.943625E-6
4.839516E1	4.466490E-5	6.840075E-6
4.849515E1	4.465940E-5	7.026706E-6
4.859514E1	4.488086E-5	7.132129E-6
4.869513E1	4.515556E-5	7.228695E-6
4.879512E1	4.517578E-5	7.172019E-6
4.889511E1	4.485485E-5	7.471205E-6
4.899510E1	4.485912E-5	7.511433E-6
4.909509E1	4.478660E-5	7.419727E-6
4.919508E1	4.489076E-5	7.529479E-6
4.929507E1	4.504441E-5	7.689432E-6
4.939506E1	4.515583E-5	7.776407E-6
4.949505E1	4.525204E-5	7.719544E-6
4.959504E1	4.519832E-5	7.792420E-6
4.969503E1	4.517200E-5	7.732969E-6
4.979502E1	4.527837E-5	7.674973E-6
4.989501E1	4.528293E-5	7.625967E-6
4.999500E1	4.518673E-5	7.709592E-6
5.009499E1	4.502561E-5	7.596974E-6
5.019498E1	4.505175E-5	7.842314E-6
5.029497E1	4.507475E-5	7.899785E-6
5.039496E1	4.510205E-5	7.866586E-6
5.049495E1	4.515500E-5	8.066985E-6
5.059494E1	4.503781E-5	8.051065E-6
5.069493E1	4.491332E-5	7.933077E-6
5.079492E1	4.475751E-5	7.961457E-6
5.089491E1	4.478677E-5	8.150126E-6
5.099490E1	4.468459E-5	7.974089E-6
5.109489E1	4.459812E-5	7.903257E-6
5.119488E1	4.434729E-5	7.907411E-6
5.129487E1	4.423348E-5	7.843961E-6
5.139486E1	4.401298E-5	7.889608E-6
5.149485E1	4.405156E-5	8.102364E-6
5.159484E1	4.390754E-5	8.292476E-6
5.169483E1	4.390288E-5	8.308073E-6
5.179482E1	4.401682E-5	8.437559E-6
5.189481E1	4.405490E-5	8.469707E-6
5.199480E1	4.400416E-5	8.729301E-6
5.209479E1	4.392968E-5	8.770235E-6
5.219478E1	4.379125E-5	8.797120E-6
5.229477E1	4.396712E-5	8.661113E-6
5.239476E1	4.396519E-5	8.762443E-6
5.249475E1	4.374606E-5	8.693638E-6
5.259474E1	4.360553E-5	8.535260E-6
5.269473E1	4.342922E-5	8.385763E-6
5.279472E1	4.338784E-5	8.508947E-6
5.289471E1	4.354385E-5	8.444629E-6
5.299470E1	4.334198E-5	8.193244E-6
5.309469E1	4.325465E-5	8.482955E-6
5.319468E1	4.331644E-5	8.522458E-6
5.329467E1	4.363478E-5	8.494681E-6
5.339466E1	4.363837E-5	8.423649E-6
5.349465E1	4.366880E-5	8.444697E-6
5.359464E1	4.378102E-5	8.400803E-6
5.369463E1	4.379315E-5	8.195914E-6
5.379462E1	4.360290E-5	8.288787E-6
5.389461E1	4.351256E-5	8.160906E-6
5.399460E1	4.355442E-5	8.057070E-6
5.409459E1	4.368890E-5	8.080509E-6
5.419458E1	4.380191E-5	8.142113E-6
5.429457E1	4.382852E-5	7.981593E-6
5.439456E1	4.395500E-5	8.043917E-6
5.449455E1	4.402046E-5	8.179676E-6
5.459454E1	4.403523E-5	8.159498E-6
5.469453E1	4.425408E-5	8.405434E-6
5.479452E1	4.431743E-5	8.665866E-6
5.489451E1	4.447232E-5	8.729174E-6
5.499450E1	4.435284E-5	8.629172E-6
5.509449E1	4.419975E-5	8.735520E-6
5.519448E1	4.425998E-5	8.888182E-6
5.529447E1	4.413702E-5	8.867158E-6
5.539446E1	4.410260E-5	8.683723E-6
5.549445E1	4.407358E-5	8.647254E-6
5.559444E1	4.406438E-5	8.657736E-6
5.569443E1	4.408945E-5	8.748054E-6
5.579442E1	4.395510E-5	8.647472E-6
5.589441E1	4.391217E-5	8.590457E-6
5.599440E1	4.413187E-5	8.477878E-6
5.609439E1	4.445843E-5	8.466298E-6
5.619438E1	4.439113E-5	8.168949E-6
5.629437E1	4.425905E-5	8.173939E-6
5.639436E1	4.427241E-5	8.266313E-6
5.649435E1	4.437850E-5	8.587224E-6
5.659434E1	4.419966E-5	8.583664E-6
5.669433E1	4.409322E-5	8.684404E-6
5.679432E1	4.401913E-5	8.576986E-6
5.689431E1	4.389711E-5	8.410639E-6
5.699430E1	4.356506E-5	8.557596E-6
5.709429E1	4.339852E-5	8.457936E-6
5.719428E1	4.356691E-5	8.679202E-6
5.729427E1	4.359145E-5	8.965188E-6
5.739426E1	4.361306E-5	8.904548E-6
5.749425E1	4.357774E-5	9.031774E-6
5.759424E1	4.356044E-5	9.366547E-6
5.769423E1	4.367704E-5	9.239846E-6
5.779422E1	4.354841E-5	9.306841E-6
5.789421E1	4.387147E-5	9.524977E-6
5.799420E1	4.406898E-5	9.427663E-6
5.809419E1	4.402135E-5	9.332570E-6
5.819418E1	4.408947E-5	9.290084E-6
5.829417E1	4.407810E-5	9.203443E-6
5.839416E1	4.410160E-5	9.329370E-6
5.849415E1	4.404638E-5	9.476027E-6
5.859414E1	4.385444E-5	9.455689E-6
5.869413E1	4.379234E-5	9.510871E-6
5.879412E1	4.354839E-5	9.262932E-6
5.889411E1	4.374895E-5	9.468144E-6
5.899410E1	4.330286E-5	9.365481E-6
5.909409E1	4.292928E-5	9.158274E-6
5.919408E1	4.259014E-5	9.041744E-6
5.929407E1	4.224440E-5	9.434312E-6
5.939406E1	4.240625E-5	9.282150E-6
5.949405E1	4.213536E-5	9.390775E-6
5.959404E1	4.227060E-5	9.714400E-6
5.969403E1	4.232588E-5	9.815878E-6
5.979402E1	4.219403E-5	9.920178E-6
5.989401E1	4.209133E-5	9.866156E-6
5.999400E1	4.204457E-5	9.520937E-6
6.009399E1	4.218708E-5	9.387750E-6
6.019398E1	4.240890E-5	9.223954E-6
6.029397E1	4.234483E-5	9.231248E-6
6.039396E1	4.208987E-5	9.167797E-6
6.049395E1	4.220931E-5	9.175340E-6
6.059394E1	4.200893E-5	9.407390E-6
6.069393E1	4.208571E-5	9.427962E-6
6.079392E1	4.169360E-5	9.697903E-6
6.089391E1	4.161557E-5	9.813788E-6
6.099390E1	4.185820E-5	9.651694E-6
6.109389E1	4.211401E-5	9.741033E-6
6.119388E1	4.224264E-5	9.775976E-6
6.129387E1	4.228917E-5	9.494148E-6
6.139386E1	4.203844E-5	9.533302E-6
6.149385E1	4.207421E-5	9.522069E-6
6.159384E1	4.221925E-5	9.802590E-6
6.169383E1	4.214195E-5	9.620700E-6
6.179382E1	4.196485E-5	9.783588E-6
6.189381E1	4.199629E-5	9.986460E-6
6.199380E1	4.197579E-5	9.986657E-6
6.209379E1	4.209696E-5	9.883590E-6
6.219378E1	4.189814E-5	1.004930E-5
6.229377E1	4.188535E-5	9.897238E-6
6.239376E1	4.214980E-5	9.833468E-6
6.249375E1	4.223682E-5	9.916865E-6
6.259374E1	4.233093E-5	9.969652E-6
6.269373E1	4.211146E-5	1.002964E-5
6.279372E1	4.204317E-5	1.017503E-5
6.289371E1	4.191637E-5	1.021949E-5
6.299370E1	4.179089E-5	1.022626E-5
6.309369E1	4.153817E-5	1.036237E-5
6.319368E1	4.148970E-5	1.015336E-5
6.329367E1	4.145330E-5	1.006075E-5
6.339366E1	4.165886E-5	1.016901E-5
6.349365E1	4.158875E-5	1.004695E-5
6.359364E1	4.143563E-5	9.982091E-6
6.369363E1	4.149082E-5	9.905308E-6
6.379362E1	4.167678E-5	9.853520E-6
6.389361E1	4.197465E-5	9.985144E-6
6.399360E1	4.217108E-5	1.002554E-5
6.409359E1	4.183459E-5	9.842692E-6
6.419358E1	4.194408E-5	1.006378E-5
6.429357E1	4.179313E-5	1.029636E-5
6.439356E1	4.161545E-5	1.031229E-5
6.449355E1	4.159488E-5	1.028897E-5
6.459354E1	4.162976E-5	1.031814E-5
6.469353E1	4.162768E-5	1.046423E-5
6.479352E1	4.120335E-5	1.069099E-5
6.489351E1	4.087651E-5	1.089568E-5
6.499350E1	4.104955E-5	1.086190E-5
6.509349E1	4.107955E-5	1.107013E-5
6.519348E1	4.087675E-5	1.097557E-5
6.529347E1	4.085032E-5	1.089086E-5
6.539346E1	4.062816E-5	1.068991E-5
6.549345E1	4.082152E-5	1.065328E-5
6.559344E1	4.096217E-5	1.062114E-5
6.569343E1	4.071937E-5	1.075222E-5
6.579342E1	4.072814E-5	1.081350E-5
6.589341E1	4.097751E-5	1.088422E-5
6.599340E1	4.121706E-5	1.079192E-5
6.609339E1	4.118135E-5	1.065010E-5
6.619338E1	4.104767E-5	1.070665E-5
6.629337E1	4.089908E-5	1.063449E-5
6.639336E1	4.064709E-5	1.072506E-5
6.649335E1	4.055865E-5	1.087088E-5
6.659334E1	4.054477E-5	1.122187E-5
6.669333E1	4.056561E-5	1.121238E-5
6.679332E1	4.034404E-5	1.136177E-5
6.689331E1	4.047873E-5	1.130895E-5
6.699330E1	4.056011E-5	1.116913E-5
6.709329E1	4.035213E-5	1.115714E-5
6.719328E1	4.014761E-5	1.108651E-5
6.729327E1	4.009460E-5	1.114840E-5
6.739326E1	3.989529E-5	1.125719E-5
6.749325E1	4.005792E-5	1.092821E-5
6.759324E1	4.004555E-5	1.079115E-5
6.769323E1	3.984911E-5	1.071961E-5
6.779322E1	3.992424E-5	1.061047E-5
6.789321E1	4.002758E-5	1.039551E-5
6.799320E1	4.010682E-5	1.039142E-5
6.809319E1	4.012047E-5	1.043978E-5
6.819318E1	4.037175E-5	1.049918E-5
6.829317E1	4.045179E-5	1.074467E-5
6.839316E1	4.056025E-5	1.091649E-5
6.849315E1	4.091317E-5	1.079135E-5
6.859314E1	4.099332E-5	1.081200E-5
6.869313E1	4.109499E-5	1.078799E-5
6.879312E1	4.122197E-5	1.097928E-5
6.889311E1	4.153518E-5	1.103015E-5
6.899310E1	4.163299E-5	1.100615E-5
6.909309E1	4.174580E-5	1.122699E-5
6.919308E1	4.184908E-5	1.149712E-5
6.929307E1	4.184239E-5	1.187869E-5
6.939306E1	4.211266E-5	1.203825E-5
6.949305E1	4.186091E-5	1.205464E-5
6.959304E1	4.194818E-5	1.225674E-5
6.969303E1	4.190224E-5	1.204489E-5
6.979302E1	4.189350E-5	1.188427E-5
6.989301E1	4.213166E-5	1.169969E-5
6.999300E1	4.236777E-5	1.172915E-5
7.009299E1	4.200925E-5	1.163315E-5
7.019298E1	4.192938E-5	1.168260E-5
7.029297E1	4.204508E-5	1.139025E-5
7.039296E1	4.215937E-5	1.133351E-5
7.049295E1	4.242424E-5	1.102307E-5
7.059294E1	4.257480E-5	1.111509E-5
7.069293E1	4.266887E-5	1.121415E-5
7.079292E1	4.259693E-5	1.142965E-5
7.089291E1	4.239101E-5	1.162316E-5
7.099290E1	4.235022E-5	1.176373E-5
7.109289E1	4.239961E-5	1.159121E-5
7.119288E1	4.233319E-5	1.121757E-5
7.129287E1	4.224168E-5	1.098393E-5
7.139286E1	4.228516E-5	1.095337E-5
7.149285E1	4.234428E-5	1.101864E-5
7.159284E1	4.253246E-5	1.092045E-5
7.169283E1	4.265751E-5	1.099510E-5
7.179282E1	4.276971E-5	1.113555E-5
7.189281E1	4.281749E-5	1.132979E-5
7.199280E1	4.301573E-5	1.125775E-5
7.209279E1	4.310449E-5	1.124201E-5
7.219278E1	4.309462E-5	1.112831E-5
7.229277E1	4.355326E-5	1.134906E-5
7.239276E1	4.354756E-5	1.143952E-5
7.249275E1	4.355214E-5	1.136840E-5
7.259274E1	4.340365E-5	1.109136E-5
7.269273E1	4.329140E-5	1.097173E-5
7.279272E1	4.337510E-5	1.085407E-5
7.289271E1	4.364065E-5	1.067553E-5
7.299270E1	4.361892E-5	1.062415E-5
7.309269E1	4.366376E-5	1.057810E-5
7.319268E1	4.366701E-5	1.039064E-5
7.329267E1	4.380211E-5	1.047055E-5
7.339266E1	4.389904E-5	1.064472E-5
7.349265E1	4.399095E-5	1.069521E-5
7.359264E1	4.416301E-5	1.077899E-5
7.369263E1	4.449169E-5	1.042134E-5
7.379262E1	4.464593E-5	1.016939E-5
7.389261E1	4.467366E-5	1.003537E-5
7.399260E1	4.464344E-5	9.829057E-6
7.409259E1	4.458632E-5	9.779990E-6
7.419258E1	4.431834E-5	9.698936E-6
7.429257E1	4.441812E-5	9.564348E-6
7.439256E1	4.426585E-5	9.455935E-6
7.449255E1	4.428893E-5	9.627924E-6
7.459254E1	4.443295E-5	9.494301E-6
7.469253E1	4.453138E-5	9.280188E-6
7.479252E1	4.432316E-5	9.054162E-6
7.489251E1	4.399056E-5	8.790353E-6
7.499250E1	4.332854E-5	9.018865E-6
7.509249E1	4.314702E-5	9.069135E-6
7.519248E1	4.336886E-5	8.989859E-6
7.529247E1	4.332230E-5	9.062996E-6
7.539246E1	4.340884E-5	9.135876E-6
7.549245E1	4.369392E-5	9.244022E-6
7.559244E1	4.391147E-5	9.589650E-6
7.569243E1	4.395546E-5	9.813742E-6
7.579242E1	4.388384E-5	9.835712E-6
7.589241E1	4.378836E-5	1.024686E-5
7.599240E1	4.378557E-5	1.040591E-5
7.609239E1	4.366942E-5	1.045784E-5
7.619238E1	4.333310E-5	1.033209E-5
7.629237E1	4.335810E-5	1.006944E-5
7.639236E1	4.325019E-5	9.961044E-6
7.649235E1	4.323415E-5	9.786523E-6
7.659234E1	4.306361E-5	9.714706E-6
7.669233E1	4.310016E-5	1.001749E-5
7.679232E1	4.288687E-5	1.020702E-5
7.689231E1	4.296319E-5	1.037974E-5
7.699230E1	4.283398E-5	1.063548E-5
7.709229E1	4.285108E-5	1.075665E-5
7.719228E1	4.306490E-5	1.080889E-5
7.729227E1	4.342089E-5	1.093562E-5
7.739226E1	4.369475E-5	1.073320E-5
7.749225E1	4.360557E-5	1.050489E-5
7.759224E1	4.364344E-5	1.061192E-5
7.769223E1	4.382416E-5	1.060786E-5
7.779222E1	4.379493E-5	1.055750E-5
7.789221E1	4.387091E-5	1.072608E-5
7.799220E1	4.384506E-5	1.085384E-5
7.809219E1	4.388518E-5	1.096133E-5
7.819218E1	4.381587E-5	1.096193E-5
7.829217E1	4.357737E-5	1.091078E-5
7.839216E1	4.322172E-5	1.074542E-5
7.849215E1	4.323770E-5	1.055671E-5
7.859214E1	4.335359E-5	1.059812E-5
7.869213E1	4.338738E-5	1.070764E-5
7.879212E1	4.338966E-5	1.091842E-5
7.889211E1	4.363636E-5	1.085777E-5
7.899210E1	4.351510E-5	1.085332E-5
7.909209E1	4.336027E-5	1.087924E-5
7.919208E1	4.318555E-5	1.112041E-5
7.929207E1	4.332273E-5	1.096409E-5
7.939206E1	4.320247E-5	1.097803E-5
7.949205E1	4.309749E-5	1.113924E-5
7.959204E1	4.292021E-5	1.131032E-5
7.969203E1	4.264056E-5	1.158768E-5
7.979202E1	4.243064E-5	1.183991E-5
7.989201E1	4.244856E-5	1.181622E-5
7.999200E1	4.231872E-5	1.183348E-5
8.009199E1	4.213355E-5	1.189289E-5
8.019198E1	4.233901E-5	1.209648E-5
8.029197E1	4.221187E-5	1.193605E-5
8.039196E1	4.199769E-5	1.203470E-5
8.049195E1	4.172824E-5	1.185894E-5
8.059194E1	4.152482E-5	1.184231E-5
8.069193E1	4.133784E-5	1.129104E-5
8.079192E1	4.113527E-5	1.108249E-5
8.089191E1	4.122077E-5	1.074002E-5
8.099190E1	4.115495E-5	1.053331E-5
8.109189E1	4.114179E-5	1.052208E-5
8.119188E1	4.100183E-5	1.057228E-5
8.129187E1	4.099768E-5	1.038127E-5
8.139186E1	4.108070E-5	1.033861E-5
8.149185E1	4.098558E-5	1.053514E-5
8.159184E1	4.077267E-5	1.071645E-5
8.169183E1	4.078797E-5	1.084988E-5
8.179182E1	4.099583E-5	1.085804E-5
8.189181E1	4.140223E-5	1.083429E-5
8.199180E1	4.170586E-5	1.073324E-5
8.209179E1	4.160934E-5	1.045204E-5
8.219178E1	4.187385E-5	1.059787E-5
8.229177E1	4.166046E-5	1.049702E-5
8.239176E1	4.152901E-5	1.018934E-5
8.249175E1	4.176008E-5	9.994891E-6
8.259174E1	4.205561E-5	9.841074E-6
8.269173E1	4.196647E-5	9.815423E-6
8.279172E1	4.201267E-5	9.833444E-6
8.289171E1	4.173915E-5	9.639574E-6
8.299170E1	4.184457E-5	9.670356E-6
8.309169E1	4.201787E-5	9.700875E-6
8.319168E1	4.236572E-5	9.416900E-6
8.329167E1	4.214740E-5	9.706880E-6
8.339166E1	4.166903E-5	9.858538E-6
8.349165E1	4.157497E-5	9.715722E-6
8.359164E1	4.139437E-5	9.600943E-6
8.369163E1	4.111513E-5	9.404746E-6
8.379162E1	4.090466E-5	9.100872E-6
8.389161E1	4.088137E-5	8.680000E-6
8.399160E1	4.086030E-5	8.238294E-6
8.409159E1	4.094536E-5	8.242431E-6
8.419158E1	4.101139E-5	8.170765E-6
8.429157E1	4.092878E-5	7.954769E-6
8.439156E1	4.094319E-5	7.685575E-6
8.449155E1	4.095531E-5	7.475767E-6
8.459154E1	4.065246E-5	7.688247E-6
8.469153E1	4.049257E-5	7.942462E-6
8.479152E1	4.038937E-5	7.998317E-6
8.489151E1	4.065624E-5	8.142710E-6
8.499150E1	4.027322E-5	8.316722E-6
8.509149E1	4.041405E-5	8.253957E-6
8.519148E1	4.063047E-5	8.403628E-6
8.529147E1	4.089123E-5	8.217449E-6
8.539146E1	4.107321E-5	8.294523E-6
8.549145E1	4.114533E-5	8.329855E-6
8.559144E1	4.103228E-5	8.170867E-6
8.569143E1	4.080509E-5	8.198148E-6
8.579142E1	4.096189E-5	7.982346E-6
8.589141E1	4.123622E-5	7.927769E-6
8.599140E1	4.123819E-5	7.523603E-6
8.609139E1	4.147031E-5	7.548799E-6
8.619138E1	4.146803E-5	7.321090E-6
8.629137E1	4.135322E-5	7.164629E-6
8.639136E1	4.169340E-5	7.205796E-6
8.649135E1	4.187655E-5	7.145821E-6
8.659134E1	4.207145E-5	7.232735E-6
8.669133E1	4.190807E-5	7.076692E-6
8.679132E1	4.187452E-5	7.295114E-6
8.689131E1	4.209862E-5	7.178632E-6
8.699130E1	4.222931E-5	6.956989E-6
8.709129E1	4.243230E-5	6.816517E-6
8.719128E1	4.226524E-5	6.696806E-6
8.729127E1	4.207451E-5	7.062498E-6
8.739126E1	4.214103E-5	7.234922E-6
8.749125E1	4.218221E-5	7.447821E-6
8.759124E1	4.212865E-5	7.715778E-6
8.769123E1	4.218631E-5	7.937226E-6
8.779122E1	4.255456E-5	7.947357E-6
8.789121E1	4.263548E-5	7.842206E-6
8.799120E1	4.269254E-5	7.733534E-6
8.809119E1	4.265550E-5	7.427815E-6
8.819118E1	4.288245E-5	6.825543E-6
8.829117E1	4.289691E-5	6.582138E-6
8.839116E1	4.261130E-5	6.304005E-6
8.849115E1	4.248323E-5	6.462183E-6
8.859114E1	4.289884E-5	6.577140E-6
8.869113E1	4.300460E-5	6.731630E-6
8.879112E1	4.286407E-5	6.773700E-6
8.889111E1	4.280725E-5	7.030576E-6
8.899110E1	4.323837E-5	7.228361E-6
8.909109E1	4.335759E-5	7.014540E-6
8.919108E1	4.335554E-5	6.972269E-6
8.929107E1	4.348941E-5	6.977654E-6
8.939106E1	4.383930E-5	7.124106E-6
8.949105E1	4.378931E-5	7.198095E-6
8.959104E1	4.377397E-5	7.105509E-6
8.969103E1	4.399722E-5	7.502185E-6
8.979102E1	4.433437E-5	7.809277E-6
8.989101E1	4.453161E-5	8.026493E-6
8.999100E1	4.458365E-5	8.151568E-6
9.009099E1	4.470273E-5	8.195809E-6
9.019098E1	4.473186E-5	8.356029E-6
9.029097E1	4.454591E-5	8.408418E-6
9.039096E1	4.442511E-5	8.506483E-6
9.049095E1	4.457494E-5	8.410009E-6
9.059094E1	4.451760E-5	8.613186E-6
9.069093E1	4.466191E-5	8.670170E-6
9.079092E1	4.500072E-5	8.763502E-6
9.089091E1	4.518710E-5	9.164225E-6
9.099090E1	4.514398E-5	9.313549E-6
9.109089E1	4.509017E-5	9.281996E-6
9.119088E1	4.510285E-5	9.270558E-6
9.129087E1	4.525942E-5	9.332723E-6
9.139086E1	4.564337E-5	9.513106E-6
9.149085E1	4.600976E-5	9.351559E-6
9.159084E1	4.626035E-5	9.133660E-6
9.169083E1	4.656464E-5	9.228327E-6
9.179082E1	4.654435E-5	9.380210E-6
9.189081E1	4.646436E-5	9.154425E-6
9.199080E1	4.667666E-5	9.179073E-6
9.209079E1	4.675966E-5	9.169277E-6
9.219078E1	4.641468E-5	9.434947E-6
9.229077E1	4.646012E-5	9.390234E-6
9.239076E1	4.674906E-5	9.436845E-6
9.249075E1	4.659079E-5	9.558908E-6
9.259074E1	4.643258E-5	9.745112E-6
9.269073E1	4.656816E-5	9.470633E-6
9.279072E1	4.652846E-5	9.402798E-6
9.289071E1	4.658951E-5	9.386494E-6
9.299070E1	4.659249E-5	9.469782E-6
9.309069E1	4.648189E-5	9.492409E-6
9.319068E1	4.655188E-5	9.317677E-6
9.329067E1	4.663417E-5	9.691930E-6
9.339066E1	4.638790E-5	9.854618E-6
9.349065E1	4.641411E-5	9.972950E-6
9.359064E1	4.650325E-5	9.918118E-6
9.369063E1	4.665773E-5	9.944183E-6
9.379062E1	4.650776E-5	9.872986E-6
9.389061E1	4.674485E-5	1.003027E-5
9.399060E1	4.667834E-5	1.017908E-5
9.409059E1	4.677807E-5	1.028538E-5
9.419058E1	4.676052E-5	1.019919E-5
9.429057E1	4.659719E-5	1.008117E-5
9.439056E1	4.660273E-5	1.006674E-5
9.449055E1	4.683418E-5	1.001784E-5
9.459054E1	4.704868E-5	9.918790E-6
9.469053E1	4.689914E-5	9.802294E-6
9.479052E1	4.681797E-5	1.004160E-5
9.489051E1	4.672825E-5	1.029320E-5
9.499050E1	4.652074E-5	1.043126E-5
9.509049E1	4.668706E-5	1.048353E-5
9.519048E1	4.699243E-5	1.056261E-5
9.529047E1	4.683508E-5	1.097868E-5
9.539046E1	4.690402E-5	1.107080E-5
9.549045E1	4.708733E-5	1.081754E-5
9.559044E1	4.705543E-5	1.081987E-5
9.569043E1	4.731390E-5	1.113749E-5
9.579042E1	4.729627E-5	1.113601E-5
9.589041E1	4.707688E-5	1.114186E-5
9.599040E1	4.724994E-5	1.117359E-5
9.609039E1	4.705170E-5	1.109983E-5
9.619038E1	4.691032E-5	1.109204E-5
9.629037E1	4.700210E-5	1.110482E-5
9.639036E1	4.696705E-5	1.103920E-5
9.649035E1	4.716604E-5	1.125851E-5
9.659034E1	4.717772E-5	1.117937E-5
9.669033E1	4.715205E-5	1.133067E-5
9.679032E1	4.710073E-5	1.123056E-5
9.689031E1	4.716569E-5	1.150420E-5
9.699030E1	4.737218E-5	1.163364E-5
9.709029E1	4.781335E-5	1.169560E-5
9.719028E1	4.802804E-5	1.139892E-5
9.729027E1	4.803199E-5	1.167939E-5
9.739026E1	4.808650E-5	1.184615E-5
9.749025E1	4.786904E-5	1.188184E-5
9.759024E1	4.767526E-5	1.203964E-5
9.769023E1	4.765759E-5	1.200976E-5
9.779022E1	4.764973E-5	1.181985E-5
9.789021E1	4.720270E-5	1.183444E-5
9.799020E1	4.709290E-5	1.192723E-5
9.809019E1	4.706687E-5	1.229843E-5
9.819018E1	4.702233E-5	1.249798E-5
9.829017E1	4.711855E-5	1.249583E-5
9.839016E1	4.704128E-5	1.244090E-5
9.849015E1	4.727554E-5	1.238395E-5
9.859014E1	4.725699E-5	1.238292E-5
9.869013E1	4.744481E-5	1.243339E-5
9.879012E1	4.742850E-5	1.242017E-5
9.889011E1	4.741533E-5	1.241750E-5
9.899010E1	4.738220E-5	1.238045E-5
9.909009E1	4.750211E-5	1.228935E-5
9.919008E1	4.784289E-5	1.232389E-5
9.929007E1	4.795848E-5	1.233393E-5
9.939006E1	4.814588E-5	1.251151E-5
9.949005E1	4.817601E-5	1.241253E-5
9.959004E1	4.812581E-5	1.237303E-5
9.969003E1	4.841087E-5	1.227601E-5
9.979002E1	4.844333E-5	1.223248E-5
9.989001E1	4.847431E-5	1.214404E-5
9.999000E1	4.853133E-5	1.180212E-5
1.000900E2	4.844296E-5	1.166216E-5
1.001900E2	4.847066E-5	1.170151E-5
1.002900E2	4.835221E-5	1.168056E-5
1.003900E2	4.831760E-5	1.164591E-5
1.004900E2	4.840775E-5	1.149504E-5
1.005899E2	4.875786E-5	1.148808E-5
1.006899E2	4.848710E-5	1.149951E-5
1.007899E2	4.817321E-5	1.144924E-5
1.008899E2	4.814657E-5	1.119563E-5
1.009899E2	4.821838E-5	1.107967E-5
1.010899E2	4.827758E-5	1.128968E-5
1.011899E2	4.839884E-5	1.145183E-5
1.012899E2	4.830293E-5	1.120617E-5
1.013899E2	4.823237E-5	1.116872E-5
1.014899E2	4.818249E-5	1.124691E-5
1.015898E2	4.835603E-5	1.132956E-5
1.016898E2	4.808234E-5	1.167141E-5
1.017898E2	4.788804E-5	1.168602E-5
1.018898E2	4.787183E-5	1.165014E-5
1.019898E2	4.807562E-5	1.180990E-5
1.020898E2	4.827199E-5	1.207416E-5
1.021898E2	4.843239E-5	1.188203E-5
1.022898E2	4.831148E-5	1.173002E-5
1.023898E2	4.819329E-5	1.163174E-5
1.024898E2	4.794784E-5	1.150702E-5
1.025897E2	4.793427E-5	1.143583E-5
1.026897E2	4.800180E-5	1.144752E-5
1.027897E2	4.808614E-5	1.153807E-5
1.028897E2	4.813709E-5	1.148184E-5
1.029897E2	4.842939E-5	1.140929E-5
1.030897E2	4.846273E-5	1.155370E-5
1.031897E2	4.835285E-5	1.175365E-5
1.032897E2	4.834916E-5	1.185136E-5
1.033897E2	4.836890E-5	1.170121E-5
1.034897E2	4.850136E-5	1.177511E-5
1.035896E2	4.847607E-5	1.188627E-5
1.036896E2	4.824248E-5	1.194263E-5
1.037896E2	4.804304E-5	1.199491E-5
1.038896E2	4.804007E-5	1.215430E-5
1.039896E2	4.802260E-5	1.217996E-5
1.040896E2	4.798081E-5	1.215837E-5
1.041896E2	4.787072E-5	1.217874E-5
1.042896E2	4.789906E-5	1.226692E-5
1.043896E2	4.786233E-5	1.231214E-5
1.044896E2	4.804185E-5	1.242676E-5
1.045895E2	4.824442E-5	1.244968E-5
1.046895E2	4.819346E-5	1.226430E-5
1.047895E2	4.816529E-5	1.210125E-5
1.048895E2	4.820248E-5	1.208276E-5
1.049895E2	4.815268E-5	1.194615E-5
1.050895E2	4.832343E-5	1.188311E-5
1.051895E2	4.844283E-5	1.189092E-5
1.052895E2	4.834230E-5	1.204862E-5
1.053895E2	4.811194E-5	1.231710E-5
1.054895E2	4.822766E-5	1.224076E-5
1.055894E2	4.851217E-5	1.246944E-5
1.056894E2	4.853755E-5	1.265429E-5
1.057894E2	4.871254E-5	1.274961E-5
1.058894E2	4.861461E-5	1.279604E-5
1.059894E2	4.843550E-5	1.275793E-5
1.060894E2	4.829697E-5	1.276208E-5
1.061894E2	4.822339E-5	1.287511E-5
1.062894E2	4.824265E-5	1.290726E-5
1.063894E2	4.828330E-5	1.290066E-5
1.064894E2	4.848177E-5	1.272573E-5
1.065893E2	4.844739E-5	1.275884E-5
1.066893E2	4.838770E-5	1.302333E-5
1.067893E2	4.864498E-5	1.301833E-5
1.068893E2	4.899326E-5	1.316588E-5
1.069893E2	4.889956E-5	1.343605E-5
1.070893E2	4.889996E-5	1.340350E-5
1.071893E2	4.894427E-5	1.368692E-5
1.072893E2	4.915764E-5	1.348832E-5
1.073893E2	4.931863E-5	1.364941E-5
1.074893E2	4.933065E-5	1.395748E-5
1.075892E2	4.929484E-5	1.408724E-5
1.076892E2	4.932391E-5	1.416752E-5
1.077892E2	4.914664E-5	1.418231E-5
1.078892E2	4.908186E-5	1.406347E-5
1.079892E2	4.915426E-5	1.415000E-5
1.080892E2	4.910138E-5	1.423414E-5
1.081892E2	4.892895E-5	1.436164E-5
1.082892E2	4.878753E-5	1.443035E-5
1.083892E2	4.870311E-5	1.414187E-5
1.084892E2	4.871462E-5	1.386513E-5
1.085891E2	4.885106E-5	1.361488E-5
1.086891E2	4.891956E-5	1.356721E-5
1.087891E2	4.911476E-5	1.369008E-5
1.088891E2	4.923771E-5	1.374252E-5
1.089891E2	4.945134E-5	1.393630E-5
1.090891E2	4.928683E-5	1.413823E-5
1.091891E2	4.893285E-5	1.447841E-5
1.092891E2	4.883670E-5	1.475205E-5
1.093891E2	4.872191E-5	1.472169E-5
1.094891E2	4.879753E-5	1.474280E-5
1.095890E2	4.865479E-5	1.468737E-5
1.096890E2	4.861686E-5	1.472978E-5
1.097890E2	4.840343E-5	1.500533E-5
1.098890E2	4.831203E-5	1.496493E-5
1.099890E2	4.846441E-5	1.475198E-5
1.100890E2	4.854401E-5	1.472490E-5
1.101890E2	4.857567E-5	1.464232E-5
1.102890E2	4.860402E-5	1.462408E-5
1.103890E2	4.863522E-5	1.468147E-5
1.104890E2	4.883406E-5	1.497564E-5
1.105889E2	4.880590E-5	1.501046E-5
1.106889E2	4.878916E-5	1.507759E-5
1.107889E2	4.869796E-5	1.505884E-5
1.108889E2	4.862456E-5	1.506095E-5
1.109889E2	4.875860E-5	1.488983E-5
1.110889E2	4.852748E-5	1.484521E-5
1.111889E2	4.850805E-5	1.509387E-5
1.112889E2	4.855048E-5	1.482634E-5
1.113889E2	4.848862E-5	1.485586E-5
1.114889E2	4.838409E-5	1.503728E-5
1.115888E2	4.823414E-5	1.505172E-5
1.116888E2	4.804574E-5	1.524042E-5
1.117888E2	4.794802E-5	1.512667E-5
1.118888E2	4.775702E-5	1.508259E-5
1.119888E2	4.784320E-5	1.503377E-5
1.120888E2	4.790372E-5	1.507029E-5
1.121888E2	4.764188E-5	1.525791E-5
1.122888E2	4.754155E-5	1.509134E-5
1.123888E2	4.765918E-5	1.503532E-5
1.124888E2	4.765908E-5	1.502569E-5
1.125887E2	4.758079E-5	1.515274E-5
1.126887E2	4.772101E-5	1.530233E-5
1.127887E2	4.791638E-5	1.537956E-5
1.128887E2	4.816804E-5	1.534868E-5
1.129887E2	4.821589E-5	1.522970E-5
1.130887E2	4.820563E-5	1.534359E-5
1.131887E2	4.810301E-5	1.561797E-5
1.132887E2	4.797237E-5	1.563965E-5
1.133887E2	4.783724E-5	1.556499E-5
1.134887E2	4.783421E-5	1.551231E-5
1.135886E2	4.788521E-5	1.561422E-5
1.136886E2	4.807861E-5	1.582555E-5
1.137886E2	4.819669E-5	1.588558E-5
1.138886E2	4.841977E-5	1.607273E-5
1.139886E2	4.850735E-5	1.599358E-5
1.140886E2	4.854072E-5	1.585493E-5
1.141886E2	4.853460E-5	1.600802E-5
1.142886E2	4.864244E-5	1.611794E-5
1.143886E2	4.862886E-5	1.643837E-5
1.144886E2	4.890322E-5	1.650861E-5
1.145885E2	4.892920E-5	1.678939E-5
1.146885E2	4.895728E-5	1.663431E-5
1.147885E2	4.890669E-5	1.672555E-5
1.148885E2	4.889564E-5	1.676383E-5
1.149885E2	4.903203E-5	1.679997E-5
1.150885E2	4.909636E-5	1.687188E-5
1.151885E2	4.919434E-5	1.689360E-5
1.152885E2	4.908586E-5	1.686877E-5
1.153885E2	4.881800E-5	1.672102E-5
1.154885E2	4.873127E-5	1.687301E-5
1.155884E2	4.861782E-5	1.696114E-5
1.156884E2	4.872739E-5	1.723453E-5
1.157884E2	4.873207E-5	1.699925E-5
1.158884E2	4.866544E-5	1.702631E-5
1.159884E2	4.859056E-5	1.719204E-5
1.160884E2	4.848275E-5	1.717976E-5
1.161884E2	4.832226E-5	1.741170E-5
1.162884E2	4.821470E-5	1.757885E-5
1.163884E2	4.801124E-5	1.769853E-5
1.164884E2	4.796587E-5	1.771891E-5
1.165883E2	4.819367E-5	1.786036E-5
1.166883E2	4.808113E-5	1.810685E-5
1.167883E2	4.809195E-5	1.818060E-5
1.168883E2	4.819965E-5	1.812421E-5
1.169883E2	4.819281E-5	1.806735E-5
1.170883E2	4.881643E-5	1.799661E-5
1.171883E2	4.873513E-5	1.790288E-5
1.172883E2	4.889788E-5	1.780951E-5
1.173883E2	4.905064E-5	1.781523E-5
1.174883E2	4.874025E-5	1.778742E-5
1.175882E2	4.876773E-5	1.749916E-5
1.176882E2	4.908368E-5	1.725012E-5
1.177882E2	4.906022E-5	1.713540E-5
1.178882E2	4.901336E-5	1.741722E-5
1.179882E2	4.874219E-5	1.730558E-5
1.180882E2	4.843097E-5	1.693530E-5
1.181882E2	4.833309E-5	1.687035E-5
1.182882E2	4.815484E-5	1.675335E-5
1.183882E2	4.785558E-5	1.686370E-5
1.184882E2	4.773705E-5	1.679010E-5
1.185881E2	4.776213E-5	1.668738E-5
1.186881E2	4.756124E-5	1.678687E-5
1.187881E2	4.734213E-5	1.668093E-5
1.188881E2	4.709403E-5	1.678859E-5
1.189881E2	4.692227E-5	1.686827E-5
1.190881E2	4.666232E-5	1.681610E-5
1.191881E2	4.654813E-5	1.675943E-5
1.192881E2	4.664974E-5	1.665013E-5
1.193881E2	4.659392E-5	1.652590E-5
1.194881E2	4.659639E-5	1.655460E-5
1.195880E2	4.659397E-5	1.677820E-5
1.196880E2	4.643592E-5	1.699915E-5
1.197880E2	4.638735E-5	1.695581E-5
1.198880E2	4.651131E-5	1.690762E-5
1.199880E2	4.682729E-5	1.677187E-5
1.200880E2	4.688120E-5	1.711959E-5
1.201880E2	4.698926E-5	1.740085E-5
1.202880E2	4.705620E-5	1.740334E-5
1.203880E2	4.696867E-5	1.725853E-5
1.204880E2	4.694649E-5	1.690828E-5
1.205879E2	4.721241E-5	1.668470E-5
1.206879E2	4.718396E-5	1.651229E-5
1.207879E2	4.717595E-5	1.676800E-5
1.208879E2	4.704213E-5	1.692484E-5
1.209879E2	4.707192E-5	1.693468E-5
1.210879E2	4.693607E-5	1.710697E-5
1.211879E2	4.680966E-5	1.721732E-5
1.212879E2	4.690674E-5	1.712309E-5
1.213879E2	4.687382E-5	1.692117E-5
1.214879E2	4.696081E-5	1.689836E-5
1.215878E2	4.691415E-5	1.700072E-5
1.216878E2	4.674004E-5	1.736127E-5
1.217878E2	4.644337E-5	1.735752E-5
1.218878E2	4.624995E-5	1.725626E-5
1.219878E2	4.622580E-5	1.715166E-5
1.220878E2	4.638940E-5	1.725873E-5
1.221878E2	4.640509E-5	1.734694E-5
1.222878E2	4.658175E-5	1.743107E-5
1.223878E2	4.739587E-5	1.714002E-5
1.224878E2	4.741587E-5	1.724832E-5
1.225877E2	4.716835E-5	1.736341E-5
1.226877E2	4.709725E-5	1.744151E-5
1.227877E2	4.713541E-5	1.761313E-5
1.228877E2	4.738711E-5	1.775521E-5
1.229877E2	4.780017E-5	1.784482E-5
1.230877E2	4.770279E-5	1.789145E-5
1.231877E2	4.761684E-5	1.787696E-5
1.232877E2	4.752231E-5	1.802865E-5
1.233877E2	4.755109E-5	1.801824E-5
1.234877E2	4.780020E-5	1.829383E-5
1.235876E2	4.784620E-5	1.822711E-5
1.236876E2	4.765200E-5	1.815132E-5
1.237876E2	4.735502E-5	1.848138E-5
1.238876E2	4.717056E-5	1.841371E-5
1.239876E2	4.712870E-5	1.820924E-5
1.240876E2	4.699600E-5	1.815560E-5
1.241876E2	4.675816E-5	1.793150E-5
1.242876E2	4.656934E-5	1.793945E-5
1.243876E2	4.645081E-5	1.791487E-5
1.244876E2	4.635712E-5	1.783777E-5
1.245875E2	4.629709E-5	1.763799E-5
1.246875E2	4.626910E-5	1.722525E-5
1.247875E2	4.614189E-5	1.716750E-5
1.248875E2	4.619981E-5	1.733200E-5
1.249875E2	4.615870E-5	1.748147E-5
1.250875E2	4.258568E-5	2.245552E-5
1.251875E2	4.622927E-5	1.745037E-5
1.252875E2	4.625637E-5	1.742783E-5
1.253875E2	4.623425E-5	1.747795E-5
1.254875E2	4.625391E-5	1.719626E-5
1.255874E2	4.599431E-5	1.726852E-5
1.256874E2	4.599937E-5	1.727429E-5
1.257874E2	4.613537E-5	1.735963E-5
1.258874E2	4.618639E-5	1.734741E-5
1.259874E2	4.623459E-5	1.723692E-5
1.260874E2	4.637493E-5	1.696896E-5
1.261874E2	4.649371E-5	1.705125E-5
1.262874E2	4.673103E-5	1.694394E-5
1.263874E2	4.662969E-5	1.685456E-5
1.264874E2	4.648957E-5	1.706919E-5
1.265873E2	4.656640E-5	1.685587E-5
1.266873E2	4.676390E-5	1.676181E-5
1.267873E2	4.704964E-5	1.666897E-5
1.268873E2	4.712757E-5	1.662144E-5
1.269873E2	4.722842E-5	1.649768E-5
1.270873E2	4.720289E-5	1.647319E-5
1.271873E2	4.717128E-5	1.646943E-5
1.272873E2	4.718706E-5	1.639286E-5
1.273873E2	4.758398E-5	1.624042E-5
1.274873E2	4.786821E-5	1.604794E-5
1.275872E2	4.780365E-5	1.587263E-5
1.276872E2	4.753327E-5	1.591883E-5
1.277872E2	4.721869E-5	1.592617E-5
1.278872E2	4.699112E-5	1.603591E-5
1.279872E2	4.693898E-5	1.599474E-5
1.280872E2	4.688718E-5	1.584674E-5
1.281872E2	4.693051E-5	1.565166E-5
1.282872E2	4.696678E-5	1.556826E-5
1.283872E2	4.713514E-5	1.560920E-5
1.284872E2	4.733809E-5	1.551349E-5
1.285871E2	4.736682E-5	1.553240E-5
1.286871E2	4.718115E-5	1.547054E-5
1.287871E2	4.705237E-5	1.509245E-5
1.288871E2	4.702259E-5	1.486474E-5
1.289871E2	4.708095E-5	1.497036E-5
1.290871E2	4.709383E-5	1.478997E-5
1.291871E2	4.733173E-5	1.455659E-5
1.292871E2	4.743151E-5	1.439415E-5
1.293871E2	4.752568E-5	1.428469E-5
1.294871E2	4.772059E-5	1.416447E-5
1.295870E2	4.776003E-5	1.418896E-5
1.296870E2	4.769539E-5	1.400276E-5
1.297870E2	4.755699E-5	1.417133E-5
1.298870E2	4.752557E-5	1.433406E-5
1.299870E2	4.741803E-5	1.424078E-5
1.300870E2	4.737233E-5	1.412711E-5
1.301870E2	4.743448E-5	1.429778E-5
1.302870E2	4.743190E-5	1.437884E-5
1.303870E2	4.740039E-5	1.479541E-5
1.304870E2	4.740213E-5	1.496343E-5
1.305869E2	4.745694E-5	1.485469E-5
1.306869E2	4.749752E-5	1.478505E-5
1.307869E2	4.746435E-5	1.475644E-5
1.308869E2	4.739826E-5	1.484793E-5
1.309869E2	4.710675E-5	1.484624E-5
1.310869E2	4.695672E-5	1.500650E-5
1.311869E2	4.671851E-5	1.514000E-5
1.312869E2	4.677217E-5	1.516413E-5
1.313869E2	4.669501E-5	1.523205E-5
1.314869E2	4.677721E-5	1.506083E-5
1.315868E2	4.694963E-5	1.504392E-5
1.316868E2	4.695729E-5	1.492086E-5
1.317868E2	4.695675E-5	1.493676E-5
1.318868E2	4.674881E-5	1.477389E-5
1.319868E2	4.674940E-5	1.480884E-5
1.320868E2	4.673105E-5	1.488833E-5
1.321868E2	4.684973E-5	1.470220E-5
1.322868E2	4.682679E-5	1.451135E-5
1.323868E2	4.664236E-5	1.431499E-5
1.324868E2	4.680271E-5	1.421840E-5
1.325867E2	4.689658E-5	1.411277E-5
1.326867E2	4.680614E-5	1.408883E-5
1.327867E2	4.699931E-5	1.427518E-5
1.328867E2	4.716872E-5	1.432692E-5
1.329867E2	4.706532E-5	1.419324E-5
1.330867E2	4.711397E-5	1.419565E-5
1.331867E2	4.680722E-5	1.430679E-5
1.332867E2	4.673406E-5	1.422652E-5
1.333867E2	4.669722E-5	1.411898E-5
1.334867E2	4.650694E-5	1.382847E-5
1.335866E2	4.651664E-5	1.380480E-5
1.336866E2	4.634598E-5	1.369051E-5
1.337866E2	4.633826E-5	1.361792E-5
1.338866E2	4.622101E-5	1.361749E-5
1.339866E2	4.600726E-5	1.327912E-5
1.340866E2	4.592576E-5	1.328450E-5
1.341866E2	4.567381E-5	1.352727E-5
1.342866E2	4.566873E-5	1.349162E-5
1.343866E2	4.556892E-5	1.350398E-5
1.344866E2	4.522944E-5	1.357668E-5
1.345865E2	4.506039E-5	1.377506E-5
1.346865E2	4.486723E-5	1.382828E-5
1.347865E2	4.480903E-5	1.362220E-5
1.348865E2	4.470769E-5	1.350298E-5
1.349865E2	4.472899E-5	1.346254E-5
1.350865E2	4.462441E-5	1.354151E-5
1.351865E2	4.459309E-5	1.348092E-5
1.352865E2	4.473663E-5	1.344639E-5
1.353865E2	4.475578E-5	1.327039E-5
1.354865E2	4.458097E-5	1.329418E-5
1.355864E2	4.449117E-5	1.328985E-5
1.356864E2	4.440164E-5	1.327469E-5
1.357864E2	4.435118E-5	1.325141E-5
1.358864E2	4.453692E-5	1.330961E-5
1.359864E2	4.451229E-5	1.324141E-5
1.360864E2	4.458580E-5	1.312309E-5
1.361864E2	4.469191E-5	1.336815E-5
1.362864E2	4.466256E-5	1.359760E-5
1.363864E2	4.467200E-5	1.366733E-5
1.364864E2	4.460730E-5	1.365245E-5
1.365863E2	4.469443E-5	1.360332E-5
1.366863E2	4.452289E-5	1.396511E-5
1.367863E2	4.433267E-5	1.408784E-5
1.368863E2	4.425765E-5	1.427328E-5
1.369863E2	4.409271E-5	1.450084E-5
1.370863E2	4.401664E-5	1.465051E-5
1.371863E2	4.388970E-5	1.465096E-5
1.372863E2	4.377166E-5	1.491504E-5
1.373863E2	4.377601E-5	1.494414E-5
1.374863E2	4.375437E-5	1.467129E-5
1.375862E2	4.372598E-5	1.458994E-5
1.376862E2	4.381587E-5	1.466140E-5
1.377862E2	4.389812E-5	1.468509E-5
1.378862E2	4.401781E-5	1.470119E-5
1.379862E2	4.414046E-5	1.480500E-5
1.380862E2	4.395843E-5	1.459476E-5
1.381862E2	4.386709E-5	1.447043E-5
1.382862E2	4.368478E-5	1.418990E-5
1.383862E2	4.359659E-5	1.445279E-5
1.384862E2	4.363493E-5	1.469065E-5
1.385861E2	4.381412E-5	1.468903E-5
1.386861E2	4.400590E-5	1.514672E-5
1.387861E2	4.372231E-5	1.522132E-5
1.388861E2	4.368240E-5	1.548912E-5
1.389861E2	4.351777E-5	1.541172E-5
1.390861E2	4.364996E-5	1.515312E-5
1.391861E2	4.336715E-5	1.542947E-5
1.392861E2	4.336759E-5	1.580635E-5
1.393861E2	4.335989E-5	1.578632E-5
1.394861E2	4.345802E-5	1.577290E-5
1.395860E2	4.349502E-5	1.580460E-5
1.396860E2	4.369274E-5	1.604850E-5
1.397860E2	4.377870E-5	1.596201E-5
1.398860E2	4.375324E-5	1.584868E-5
1.399860E2	4.388809E-5	1.588305E-5
1.400860E2	4.391918E-5	1.592900E-5
1.401860E2	4.376366E-5	1.596287E-5
1.402860E2	4.350736E-5	1.619653E-5
1.403860E2	4.304618E-5	1.634739E-5
1.404860E2	4.290954E-5	1.642830E-5
1.405859E2	4.289558E-5	1.663688E-5
1.406859E2	4.305660E-5	1.680405E-5
1.407859E2	4.324477E-5	1.694476E-5
1.408859E2	4.316696E-5	1.686629E-5
1.409859E2	4.320809E-5	1.687268E-5
1.410859E2	4.309515E-5	1.707425E-5
1.411859E2	4.315702E-5	1.706200E-5
1.412859E2	4.305428E-5	1.729484E-5
1.413859E2	4.296092E-5	1.766203E-5
1.414859E2	4.312467E-5	1.768131E-5
1.415858E2	4.312482E-5	1.757322E-5
1.416858E2	4.315554E-5	1.759235E-5
1.417858E2	4.294938E-5	1.777643E-5
1.418858E2	4.309242E-5	1.782492E-5
1.419858E2	4.293377E-5	1.779002E-5
1.420858E2	4.275354E-5	1.776066E-5
1.421858E2	4.272383E-5	1.796803E-5
1.422858E2	4.282029E-5	1.835609E-5
1.423858E2	4.257288E-5	1.861828E-5
1.424858E2	4.248248E-5	1.857065E-5
1.425857E2	4.247700E-5	1.844596E-5
1.426857E2	4.248377E-5	1.868333E-5
1.427857E2	4.254888E-5	1.862268E-5
1.428857E2	4.248864E-5	1.869638E-5
1.429857E2	4.231072E-5	1.851985E-5
1.430857E2	4.232563E-5	1.822207E-5
1.431857E2	4.224660E-5	1.797601E-5
1.432857E2	4.180346E-5	1.783561E-5
1.433857E2	4.171423E-5	1.786695E-5
1.434857E2	4.172222E-5	1.801888E-5
1.435856E2	4.177930E-5	1.825546E-5
1.436856E2	4.182101E-5	1.842513E-5
1.437856E2	4.177952E-5	1.820103E-5
1.438856E2	4.183598E-5	1.809406E-5
1.439856E2	4.184633E-5	1.811385E-5
1.440856E2	4.191719E-5	1.787817E-5
1.441856E2	4.179861E-5	1.747203E-5
1.442856E2	4.135837E-5	1.738759E-5
1.443856E2	4.108911E-5	1.731183E-5
1.444856E2	4.112703E-5	1.722587E-5
1.445855E2	4.111143E-5	1.691621E-5
1.446855E2	4.084597E-5	1.657920E-5
1.447855E2	4.086868E-5	1.607276E-5
1.448855E2	4.084110E-5	1.557899E-5
1.449855E2	4.087231E-5	1.555402E-5
1.450855E2	4.092395E-5	1.545593E-5
1.451855E2	4.075648E-5	1.517055E-5
1.452855E2	4.063003E-5	1.514101E-5
1.453855E2	4.065808E-5	1.509804E-5
1.454855E2	4.066031E-5	1.515085E-5
1.455854E2	4.070821E-5	1.533088E-5
1.456854E2	4.085180E-5	1.541006E-5
1.457854E2	4.105725E-5	1.580427E-5
1.458854E2	4.116064E-5	1.581711E-5
1.459854E2	4.108254E-5	1.577770E-5
1.460854E2	4.095913E-5	1.580528E-5
1.461854E2	4.097961E-5	1.565944E-5
1.462854E2	4.112798E-5	1.564964E-5
1.463854E2	4.126733E-5	1.565496E-5
1.464854E2	4.112220E-5	1.571856E-5
1.465853E2	4.134448E-5	1.586965E-5
1.466853E2	4.133180E-5	1.602960E-5
1.467853E2	4.123247E-5	1.583921E-5
1.468853E2	4.125872E-5	1.572075E-5
1.469853E2	4.119563E-5	1.564290E-5
1.470853E2	4.111299E-5	1.567132E-5
1.471853E2	4.110621E-5	1.576870E-5
1.472853E2	4.127905E-5	1.563116E-5
1.473853E2	4.143768E-5	1.559343E-5
1.474853E2	4.147676E-5	1.570208E-5
1.475852E2	4.136683E-5	1.559277E-5
1.476852E2	4.150100E-5	1.567966E-5
1.477852E2	4.174178E-5	1.568763E-5
1.478852E2	4.150208E-5	1.578615E-5
1.479852E2	4.144474E-5	1.602300E-5
1.480852E2	4.159792E-5	1.640354E-5
1.481852E2	4.154891E-5	1.662260E-5
1.482852E2	4.165172E-5	1.643235E-5
1.483852E2	4.166080E-5	1.653743E-5
1.484852E2	4.166347E-5	1.657283E-5
1.485851E2	4.171644E-5	1.634341E-5
1.486851E2	4.158289E-5	1.622920E-5
1.487851E2	4.150612E-5	1.631344E-5
1.488851E2	4.133395E-5	1.629454E-5
1.489851E2	4.130037E-5	1.607828E-5
1.490851E2	4.127020E-5	1.623344E-5
1.491851E2	4.114948E-5	1.618104E-5
1.492851E2	4.104417E-5	1.603221E-5
1.493851E2	4.078223E-5	1.597383E-5
1.494851E2	4.068852E-5	1.599576E-5
1.495850E2	4.030384E-5	1.583624E-5
1.496850E2	4.017632E-5	1.558873E-5
1.497850E2	4.009010E-5	1.550271E-5
1.498850E2	4.015161E-5	1.552224E-5
1.499850E2	4.021013E-5	1.549555E-5
1.500850E2	4.024453E-5	1.539150E-5
1.501850E2	4.034649E-5	1.565172E-5
1.502850E2	4.003858E-5	1.559919E-5
1.503850E2	3.978591E-5	1.575942E-5
1.504850E2	3.951771E-5	1.577190E-5
1.505849E2	3.945971E-5	1.553056E-5
1.506849E2	3.922360E-5	1.532314E-5
1.507849E2	3.915469E-5	1.522752E-5
1.508849E2	3.904778E-5	1.507053E-5
1.509849E2	3.923677E-5	1.505381E-5
1.510849E2	3.937913E-5	1.503094E-5
1.511849E2	3.932945E-5	1.525499E-5
1.512849E2	3.918489E-5	1.530536E-5
1.513849E2	3.902497E-5	1.532484E-5
1.514849E2	3.884033E-5	1.528454E-5
1.515848E2	3.895867E-5	1.514294E-5
1.516848E2	3.877949E-5	1.527503E-5
1.517848E2	3.852548E-5	1.540953E-5
1.518848E2	3.833229E-5	1.534161E-5
1.519848E2	3.817594E-5	1.518795E-5
1.520848E2	3.802410E-5	1.534699E-5
1.521848E2	3.800036E-5	1.562572E-5
1.522848E2	3.787949E-5	1.570734E-5
1.523848E2	3.766571E-5	1.574604E-5
1.524848E2	3.748056E-5	1.567122E-5
1.525847E2	3.726665E-5	1.555062E-5
1.526847E2	3.687278E-5	1.542748E-5
1.527847E2	3.671862E-5	1.544917E-5
1.528847E2	3.693292E-5	1.524509E-5
1.529847E2	3.678729E-5	1.512821E-5
1.530847E2	3.684137E-5	1.517775E-5
1.531847E2	3.678322E-5	1.512268E-5
1.532847E2	3.674361E-5	1.491231E-5
1.533847E2	3.668615E-5	1.474923E-5
1.534847E2	3.677361E-5	1.455056E-5
1.535846E2	3.683283E-5	1.437342E-5
1.536846E2	3.711594E-5	1.427208E-5
1.537846E2	3.725059E-5	1.435852E-5
1.538846E2	3.714522E-5	1.433000E-5
1.539846E2	3.717905E-5	1.419660E-5
1.540846E2	3.742138E-5	1.425055E-5
1.541846E2	3.734526E-5	1.424318E-5
1.542846E2	3.748392E-5	1.409203E-5
1.543846E2	3.750446E-5	1.415363E-5
1.544846E2	3.735608E-5	1.418776E-5
1.545845E2	3.733309E-5	1.428498E-5
1.546845E2	3.734789E-5	1.420246E-5
1.547845E2	3.741245E-5	1.409571E-5
1.548845E2	3.741082E-5	1.404230E-5
1.549845E2	3.727279E-5	1.415674E-5
1.550845E2	3.719488E-5	1.419843E-5
1.551845E2	3.731739E-5	1.412519E-5
1.552845E2	3.738427E-5	1.420773E-5
1.553845E2	3.744309E-5	1.415880E-5
1.554845E2	3.750436E-5	1.416411E-5
1.555844E2	3.740841E-5	1.420636E-5
1.556844E2	3.720786E-5	1.414063E-5
1.557844E2	3.703022E-5	1.435713E-5
1.558844E2	3.704730E-5	1.479244E-5
1.559844E2	3.708272E-5	1.489969E-5
1.560844E2	3.687487E-5	1.486116E-5
1.561844E2	3.675374E-5	1.474693E-5
1.562844E2	3.679199E-5	1.458162E-5
1.563844E2	3.677417E-5	1.471588E-5
1.564844E2	3.672942E-5	1.467282E-5
1.565843E2	3.659134E-5	1.474078E-5
1.566843E2	3.643586E-5	1.470450E-5
1.567843E2	3.644732E-5	1.467373E-5
1.568843E2	3.644399E-5	1.474310E-5
1.569843E2	3.638384E-5	1.504277E-5
1.570843E2	3.645748E-5	1.508682E-5
1.571843E2	3.641500E-5	1.513490E-5
1.572843E2	3.621170E-5	1.496343E-5
1.573843E2	3.616581E-5	1.467474E-5
1.574843E2	3.621459E-5	1.460619E-5
1.575842E2	3.610998E-5	1.468460E-5
1.576842E2	3.592541E-5	1.490789E-5
1.577842E2	3.595971E-5	1.483439E-5
1.578842E2	3.578018E-5	1.480685E-5
1.579842E2	3.582253E-5	1.490689E-5
1.580842E2	3.577301E-5	1.491301E-5
1.581842E2	3.578896E-5	1.485410E-5
1.582842E2	3.601383E-5	1.493043E-5
