0.000000E0	-5.723275E-5	-1.386106E-5
9.999000E-2	-5.714387E-5	-1.377336E-5
1.999800E-1	-5.722577E-5	-1.350005E-5
2.999700E-1	-5.722439E-5	-1.364131E-5
3.999600E-1	-5.731066E-5	-1.369282E-5
4.999500E-1	-5.739984E-5	-1.373922E-5
5.999400E-1	-5.729590E-5	-1.405685E-5
6.999300E-1	-5.744955E-5	-1.388808E-5
7.999200E-1	-5.737437E-5	-1.369283E-5
8.999100E-1	-5.737274E-5	-1.354845E-5
9.999000E-1	-5.716932E-5	-1.344685E-5
1.099890E0	-5.701444E-5	-1.346629E-5
1.199880E0	-5.680583E-5	-1.329360E-5
1.299870E0	-5.679573E-5	-1.325876E-5
1.399860E0	-5.675448E-5	-1.322844E-5
1.499850E0	-5.665323E-5	-1.312526E-5
1.599840E0	-5.640830E-5	-1.319998E-5
1.699830E0	-5.653101E-5	-1.284656E-5
1.799820E0	-5.673781E-5	-1.268063E-5
1.899810E0	-5.713037E-5	-1.263372E-5
1.999800E0	-5.698335E-5	-1.253740E-5
2.099790E0	-5.695039E-5	-1.277191E-5
2.199780E0	-5.694663E-5	-1.289215E-5
2.299770E0	-5.695466E-5	-1.314529E-5
2.399760E0	-5.700212E-5	-1.328533E-5
2.499750E0	-5.717643E-5	-1.347971E-5
2.599740E0	-5.746936E-5	-1.350249E-5
2.699730E0	-5.765545E-5	-1.346179E-5
2.799720E0	-5.789775E-5	-1.353460E-5
2.899710E0	-5.795075E-5	-1.355491E-5
2.999700E0	-5.782874E-5	-1.355687E-5
3.099690E0	-5.801021E-5	-1.345462E-5
3.199680E0	-5.815027E-5	-1.349579E-5
3.299670E0	-5.858540E-5	-1.318802E-5
3.399660E0	-5.848911E-5	-1.312473E-5
3.499650E0	-5.825393E-5	-1.318066E-5
3.599640E0	-5.806769E-5	-1.299089E-5
3.699630E0	-5.791578E-5	-1.295490E-5
3.799620E0	-5.784212E-5	-1.282022E-5
3.899610E0	-5.786377E-5	-1.271523E-5
3.999600E0	-5.791887E-5	-1.247140E-5
4.099590E0	-5.799931E-5	-1.220056E-5
4.199580E0	-5.820052E-5	-1.224067E-5
4.299570E0	-5.832387E-5	-1.233720E-5
4.399560E0	-5.806427E-5	-1.230091E-5
4.499550E0	-5.783873E-5	-1.244826E-5
4.599540E0	-5.762745E-5	-1.245236E-5
4.699530E0	-5.785089E-5	-1.237712E-5
4.799520E0	-5.798370E-5	-1.224966E-5
4.899510E0	-5.803505E-5	-1.218572E-5
4.999500E0	-5.800031E-5	-1.219057E-5
5.099490E0	-5.780510E-5	-1.216235E-5
5.199480E0	-5.788989E-5	-1.219702E-5
5.299470E0	-5.791402E-5	-1.185176E-5
5.399460E0	-5.781837E-5	-1.181968E-5
5.499450E0	-5.774047E-5	-1.168382E-5
5.599440E0	-5.820221E-5	-1.153569E-5
5.699430E0	-5.796327E-5	-1.162853E-5
5.799420E0	-5.773618E-5	-1.129900E-5
5.899410E0	-5.776070E-5	-1.114095E-5
5.999400E0	-5.771632E-5	-1.099400E-5
6.099390E0	-5.743565E-5	-1.124235E-5
6.199380E0	-5.735614E-5	-1.139892E-5
6.299370E0	-5.727156E-5	-1.142455E-5
6.399360E0	-5.712683E-5	-1.147050E-5
6.499350E0	-5.702568E-5	-1.116648E-5
6.599340E0	-5.672643E-5	-1.077737E-5
6.699330E0	-5.654853E-5	-1.098581E-5
6.799320E0	-5.659092E-5	-1.117184E-5
6.899310E0	-5.647468E-5	-1.140769E-5
6.999300E0	-5.616670E-5	-1.119720E-5
7.099290E0	-5.597242E-5	-1.123515E-5
7.199280E0	-5.588008E-5	-1.116902E-5
7.299270E0	-5.571106E-5	-1.109134E-5
7.399260E0	-5.576878E-5	-1.087735E-5
7.499250E0	-5.561824E-5	-1.071748E-5
7.599240E0	-5.573780E-5	-1.063434E-5
7.699230E0	-5.565930E-5	-1.030118E-5
7.799220E0	-5.557951E-5	-1.055207E-5
7.899210E0	-5.574132E-5	-1.050505E-5
7.999200E0	-5.561934E-5	-1.044540E-5
8.099190E0	-5.558581E-5	-1.061382E-5
8.199180E0	-5.573007E-5	-1.071995E-5
8.299170E0	-5.578963E-5	-1.062983E-5
8.399160E0	-5.597519E-5	-1.061742E-5
8.499150E0	-5.587786E-5	-1.069908E-5
8.599140E0	-5.597417E-5	-1.070941E-5
8.699130E0	-5.611305E-5	-1.054217E-5
8.799120E0	-5.614111E-5	-1.061142E-5
8.899110E0	-5.630824E-5	-1.070502E-5
8.999100E0	-5.634153E-5	-1.072266E-5
9.099090E0	-5.596492E-5	-1.025686E-5
9.199080E0	-5.587613E-5	-1.026352E-5
9.299070E0	-5.580914E-5	-1.045761E-5
9.399060E0	-5.584781E-5	-1.072290E-5
9.499050E0	-5.600072E-5	-1.052142E-5
9.599040E0	-5.617620E-5	-1.025427E-5
9.699030E0	-5.602030E-5	-1.023419E-5
9.799020E0	-5.623960E-5	-1.015804E-5
9.899010E0	-5.629387E-5	-1.027466E-5
9.999000E0	-5.588193E-5	-1.010644E-5
1.009899E1	-5.562729E-5	-1.014885E-5
1.019898E1	-5.566408E-5	-1.024668E-5
1.029897E1	-5.560765E-5	-1.009590E-5
1.039896E1	-5.564575E-5	-9.960595E-6
1.049895E1	-5.564706E-5	-9.961714E-6
1.059894E1	-5.561950E-5	-9.938980E-6
1.069893E1	-5.559438E-5	-9.685262E-6
1.079892E1	-5.573815E-5	-9.288160E-6
1.089891E1	-5.546389E-5	-9.121645E-6
1.099890E1	-5.563270E-5	-8.871210E-6
1.109889E1	-5.557043E-5	-8.879325E-6
1.119888E1	-5.533239E-5	-8.521673E-6
1.129887E1	-5.518654E-5	-8.556229E-6
1.139886E1	-5.526418E-5	-8.595838E-6
1.149885E1	-5.525199E-5	-8.516767E-6
1.159884E1	-5.504064E-5	-8.560073E-6
1.169883E1	-5.495484E-5	-8.479905E-6
1.179882E1	-5.502281E-5	-8.284993E-6
1.189881E1	-5.469213E-5	-8.336768E-6
1.199880E1	-5.479998E-5	-8.412984E-6
1.209879E1	-5.502928E-5	-8.753709E-6
1.219878E1	-5.489349E-5	-8.953471E-6
1.229877E1	-5.495064E-5	-9.054667E-6
1.239876E1	-5.476638E-5	-9.237936E-6
1.249875E1	-5.489872E-5	-9.320531E-6
1.259874E1	-5.525001E-5	-9.455448E-6
1.269873E1	-5.542064E-5	-9.738788E-6
1.279872E1	-5.535050E-5	-1.015999E-5
1.289871E1	-5.508167E-5	-1.043878E-5
1.299870E1	-5.495320E-5	-1.051606E-5
1.309869E1	-5.480061E-5	-1.072760E-5
1.319868E1	-5.513205E-5	-1.049049E-5
1.329867E1	-5.508064E-5	-1.035757E-5
1.339866E1	-5.487243E-5	-1.022564E-5
1.349865E1	-5.478718E-5	-1.003279E-5
1.359864E1	-5.476127E-5	-9.741208E-6
1.369863E1	-5.484278E-5	-9.990399E-6
1.379862E1	-5.487568E-5	-1.014090E-5
1.389861E1	-5.486329E-5	-9.988265E-6
1.399860E1	-5.465211E-5	-9.934941E-6
1.409859E1	-5.472379E-5	-1.002555E-5
1.419858E1	-5.436152E-5	-1.002483E-5
1.429857E1	-5.436237E-5	-9.949811E-6
1.439856E1	-5.438068E-5	-9.802853E-6
1.449855E1	-5.435993E-5	-9.651720E-6
1.459854E1	-5.438095E-5	-9.481728E-6
1.469853E1	-5.427960E-5	-9.256984E-6
1.479852E1	-5.405362E-5	-9.140035E-6
1.489851E1	-5.400946E-5	-8.987909E-6
1.499850E1	-5.402055E-5	-9.017821E-6
1.509849E1	-5.384883E-5	-9.073070E-6
1.519848E1	-5.368163E-5	-9.191533E-6
1.529847E1	-5.369072E-5	-9.203132E-6
1.539846E1	-5.347985E-5	-9.352607E-6
1.549845E1	-5.344665E-5	-9.415406E-6
1.559844E1	-5.349289E-5	-9.288145E-6
1.569843E1	-5.357292E-5	-9.092208E-6
1.579842E1	-5.368754E-5	-9.117540E-6
1.589841E1	-5.381420E-5	-9.077335E-6
1.599840E1	-5.383569E-5	-9.032143E-6
1.609839E1	-5.384308E-5	-9.083682E-6
1.619838E1	-5.410408E-5	-9.255515E-6
1.629837E1	-5.412079E-5	-9.358407E-6
1.639836E1	-5.433025E-5	-9.197666E-6
1.649835E1	-5.452599E-5	-8.923139E-6
1.659834E1	-5.447413E-5	-9.057953E-6
1.669833E1	-5.433875E-5	-8.881680E-6
1.679832E1	-5.410774E-5	-8.789242E-6
1.689831E1	-5.384459E-5	-8.942201E-6
1.699830E1	-5.372017E-5	-8.923280E-6
1.709829E1	-5.375174E-5	-9.036761E-6
1.719828E1	-5.393382E-5	-9.123340E-6
1.729827E1	-5.375947E-5	-9.018441E-6
1.739826E1	-5.373360E-5	-8.892520E-6
1.749825E1	-5.380877E-5	-9.028919E-6
1.759824E1	-5.378324E-5	-8.908344E-6
1.769823E1	-5.372779E-5	-9.007631E-6
1.779822E1	-5.357732E-5	-8.744297E-6
1.789821E1	-5.357676E-5	-8.460086E-6
1.799820E1	-5.344085E-5	-8.135672E-6
1.809819E1	-5.341299E-5	-7.942973E-6
1.819818E1	-5.337070E-5	-7.786289E-6
1.829817E1	-5.329413E-5	-7.518599E-6
1.839816E1	-5.317404E-5	-7.229806E-6
1.849815E1	-5.332279E-5	-7.162559E-6
1.859814E1	-5.339278E-5	-7.030759E-6
1.869813E1	-5.350675E-5	-6.955016E-6
1.879812E1	-5.361527E-5	-7.223638E-6
1.889811E1	-5.370997E-5	-7.272768E-6
1.899810E1	-5.373089E-5	-7.021617E-6
1.909809E1	-5.370184E-5	-6.798065E-6
1.919808E1	-5.369982E-5	-6.907586E-6
1.929807E1	-5.367348E-5	-6.603351E-6
1.939806E1	-5.371994E-5	-6.399328E-6
1.949805E1	-5.365901E-5	-6.125920E-6
1.959804E1	-5.361114E-5	-5.958054E-6
1.969803E1	-5.356794E-5	-5.755780E-6
1.979802E1	-5.350791E-5	-5.778951E-6
1.989801E1	-5.360259E-5	-5.766492E-6
1.999800E1	-5.368141E-5	-5.646682E-6
2.009799E1	-5.357048E-5	-5.392626E-6
2.019798E1	-5.345556E-5	-5.439786E-6
2.029797E1	-5.357777E-5	-5.356889E-6
2.039796E1	-5.367970E-5	-5.384399E-6
2.049795E1	-5.373453E-5	-5.405754E-6
2.059794E1	-5.413427E-5	-5.423385E-6
2.069793E1	-5.427116E-5	-5.236256E-6
2.079792E1	-5.422482E-5	-5.059141E-6
2.089791E1	-5.439816E-5	-5.284119E-6
2.099790E1	-5.421588E-5	-5.407046E-6
2.109789E1	-5.414503E-5	-5.403801E-6
2.119788E1	-5.409236E-5	-5.724010E-6
2.129787E1	-5.395980E-5	-5.733895E-6
2.139786E1	-5.382922E-5	-5.756844E-6
2.149785E1	-5.371817E-5	-6.011918E-6
2.159784E1	-5.378021E-5	-6.213967E-6
2.169783E1	-5.385324E-5	-6.162581E-6
2.179782E1	-5.368191E-5	-6.294412E-6
2.189781E1	-5.326312E-5	-6.167898E-6
2.199780E1	-5.334007E-5	-6.015869E-6
2.209779E1	-5.362128E-5	-5.815060E-6
2.219778E1	-5.372732E-5	-5.955754E-6
2.229777E1	-5.355010E-5	-5.733534E-6
2.239776E1	-5.357934E-5	-5.788057E-6
2.249775E1	-5.381252E-5	-5.980894E-6
2.259774E1	-5.375881E-5	-6.127236E-6
2.269773E1	-5.397360E-5	-6.416372E-6
2.279772E1	-5.362267E-5	-6.518729E-6
2.289771E1	-5.355098E-5	-6.382728E-6
2.299770E1	-5.408012E-5	-6.201272E-6
2.309769E1	-5.451922E-5	-6.428347E-6
2.319768E1	-5.455992E-5	-6.609248E-6
2.329767E1	-5.460544E-5	-6.454703E-6
2.339766E1	-5.421747E-5	-6.416073E-6
2.349765E1	-5.398289E-5	-6.228044E-6
2.359764E1	-5.386573E-5	-6.180045E-6
2.369763E1	-5.403235E-5	-6.054893E-6
2.379762E1	-5.393292E-5	-5.863079E-6
2.389761E1	-5.372134E-5	-5.851435E-6
2.399760E1	-5.361155E-5	-5.882331E-6
2.409759E1	-5.340172E-5	-5.755373E-6
2.419758E1	-5.317866E-5	-6.047145E-6
2.429757E1	-5.309793E-5	-5.707250E-6
2.439756E1	-5.301401E-5	-5.413608E-6
2.449755E1	-5.301848E-5	-5.267188E-6
2.459754E1	-5.289699E-5	-5.392921E-6
2.469753E1	-5.292256E-5	-5.344733E-6
2.479752E1	-5.292305E-5	-5.326289E-6
2.489751E1	-5.270253E-5	-5.393183E-6
2.499750E1	-5.296121E-5	-5.585484E-6
2.509749E1	-5.277767E-5	-5.604500E-6
2.519748E1	-5.291661E-5	-5.437974E-6
2.529747E1	-5.306365E-5	-5.197418E-6
2.539746E1	-5.316139E-5	-5.129441E-6
2.549745E1	-5.309188E-5	-5.110908E-6
2.559744E1	-5.319844E-5	-5.193409E-6
2.569743E1	-5.337545E-5	-5.467315E-6
2.579742E1	-5.330896E-5	-5.452569E-6
2.589741E1	-5.340172E-5	-5.504145E-6
2.599740E1	-5.340521E-5	-5.482505E-6
2.609739E1	-5.312282E-5	-5.695879E-6
2.619738E1	-5.293427E-5	-5.562952E-6
2.629737E1	-5.288961E-5	-5.467423E-6
2.639736E1	-5.297365E-5	-5.783285E-6
2.649735E1	-5.305854E-5	-5.826220E-6
2.659734E1	-5.314887E-5	-5.574377E-6
2.669733E1	-5.309978E-5	-5.338162E-6
2.679732E1	-5.326242E-5	-5.251644E-6
2.689731E1	-5.335909E-5	-5.238015E-6
2.699730E1	-5.336035E-5	-5.615286E-6
2.709729E1	-5.337842E-5	-5.528762E-6
2.719728E1	-5.317894E-5	-5.679651E-6
2.729727E1	-5.330831E-5	-5.501629E-6
2.739726E1	-5.340296E-5	-5.460120E-6
2.749725E1	-5.351708E-5	-5.408781E-6
2.759724E1	-5.337837E-5	-5.451560E-6
2.769723E1	-5.337849E-5	-5.712164E-6
2.779722E1	-5.364977E-5	-5.708178E-6
2.789721E1	-5.379459E-5	-5.855165E-6
2.799720E1	-5.383911E-5	-6.059939E-6
2.809719E1	-5.396077E-5	-5.654339E-6
2.819718E1	-5.406067E-5	-5.430125E-6
2.829717E1	-5.432467E-5	-5.430576E-6
2.839716E1	-5.452059E-5	-5.384401E-6
2.849715E1	-5.428561E-5	-5.549093E-6
2.859714E1	-5.430967E-5	-5.734263E-6
2.869713E1	-5.467243E-5	-6.000629E-6
2.879712E1	-5.475131E-5	-6.072877E-6
2.889711E1	-5.459629E-5	-6.126117E-6
2.899710E1	-5.474468E-5	-5.849021E-6
2.909709E1	-5.468883E-5	-5.941874E-6
2.919708E1	-5.461594E-5	-6.051104E-6
2.929707E1	-5.491928E-5	-6.080457E-6
2.939706E1	-5.506672E-5	-6.213107E-6
2.949705E1	-5.501758E-5	-6.440145E-6
2.959704E1	-5.481616E-5	-6.516873E-6
2.969703E1	-5.457692E-5	-6.196746E-6
2.979702E1	-5.452661E-5	-5.776597E-6
2.989701E1	-5.445460E-5	-5.684954E-6
2.999700E1	-5.462997E-5	-5.798375E-6
3.009699E1	-5.457762E-5	-5.464864E-6
3.019698E1	-5.457143E-5	-5.713765E-6
3.029697E1	-5.468756E-5	-6.033018E-6
3.039696E1	-5.471549E-5	-5.895228E-6
3.049695E1	-5.475691E-5	-5.883032E-6
3.059694E1	-5.483875E-5	-6.015543E-6
3.069693E1	-5.459514E-5	-6.113961E-6
3.079692E1	-5.460325E-5	-6.345302E-6
3.089691E1	-5.492427E-5	-6.153703E-6
3.099690E1	-5.493513E-5	-6.194308E-6
3.109689E1	-5.500176E-5	-6.431148E-6
3.119688E1	-5.514451E-5	-6.533512E-6
3.129687E1	-5.528623E-5	-6.876754E-6
3.139686E1	-5.527630E-5	-7.085852E-6
3.149685E1	-5.518311E-5	-7.059236E-6
3.159684E1	-5.524096E-5	-7.061810E-6
3.169683E1	-5.527112E-5	-7.094724E-6
3.179682E1	-5.536564E-5	-6.893922E-6
3.189681E1	-5.528616E-5	-6.947490E-6
3.199680E1	-5.549751E-5	-6.884820E-6
3.209679E1	-5.547927E-5	-6.862254E-6
3.219678E1	-5.535238E-5	-6.811027E-6
3.229677E1	-5.525127E-5	-6.861993E-6
3.239676E1	-5.544408E-5	-6.924417E-6
3.249675E1	-5.553154E-5	-6.782203E-6
3.259674E1	-5.538464E-5	-6.642166E-6
3.269673E1	-5.552761E-5	-6.601363E-6
3.279672E1	-5.565340E-5	-6.485648E-6
3.289671E1	-5.557144E-5	-6.584451E-6
3.299670E1	-5.573023E-5	-6.686698E-6
3.309669E1	-5.590281E-5	-6.659283E-6
3.319668E1	-5.601020E-5	-6.681492E-6
3.329667E1	-5.602553E-5	-6.822799E-6
3.339666E1	-5.608453E-5	-6.856532E-6
3.349665E1	-5.613294E-5	-6.968404E-6
3.359664E1	-5.628353E-5	-6.776408E-6
3.369663E1	-5.622757E-5	-6.723630E-6
3.379662E1	-5.634553E-5	-6.889603E-6
3.389661E1	-5.632949E-5	-6.898157E-6
3.399660E1	-5.625156E-5	-6.847578E-6
3.409659E1	-5.629176E-5	-6.712859E-6
3.419658E1	-5.645667E-5	-6.485252E-6
3.429657E1	-5.633896E-5	-6.572370E-6
3.439656E1	-5.628414E-5	-6.522472E-6
3.449655E1	-5.645588E-5	-6.637796E-6
3.459654E1	-5.655014E-5	-6.697828E-6
3.469653E1	-5.646198E-5	-6.738877E-6
3.479652E1	-5.649569E-5	-6.762206E-6
3.489651E1	-5.643912E-5	-7.008669E-6
3.499650E1	-5.641622E-5	-7.154715E-6
3.509649E1	-5.648321E-5	-7.422382E-6
3.519648E1	-5.632721E-5	-7.666811E-6
3.529647E1	-5.611012E-5	-7.705324E-6
3.539646E1	-5.601930E-5	-7.672402E-6
3.549645E1	-5.607560E-5	-7.638253E-6
3.559644E1	-5.631886E-5	-7.776144E-6
3.569643E1	-5.628676E-5	-7.675034E-6
3.579642E1	-5.624572E-5	-7.759613E-6
3.589641E1	-5.632146E-5	-7.922473E-6
3.599640E1	-5.608175E-5	-7.959971E-6
3.609639E1	-5.581437E-5	-7.666325E-6
3.619638E1	-5.587366E-5	-7.469691E-6
3.629637E1	-5.592920E-5	-7.289726E-6
3.639636E1	-5.574933E-5	-7.092266E-6
3.649635E1	-5.573162E-5	-7.083779E-6
3.659634E1	-5.589977E-5	-7.153680E-6
3.669633E1	-5.603251E-5	-7.303338E-6
3.679632E1	-5.634328E-5	-7.610026E-6
3.689631E1	-5.632470E-5	-7.548136E-6
3.699630E1	-5.642926E-5	-7.837719E-6
3.709629E1	-5.665868E-5	-7.875417E-6
3.719628E1	-5.661876E-5	-7.849640E-6
3.729627E1	-5.661773E-5	-8.057045E-6
3.739626E1	-5.697362E-5	-8.022895E-6
3.749625E1	-5.722078E-5	-8.060893E-6
3.759624E1	-5.712334E-5	-7.897567E-6
3.769623E1	-5.707979E-5	-7.771598E-6
3.779622E1	-5.695107E-5	-7.600132E-6
3.789621E1	-5.666372E-5	-7.478348E-6
3.799620E1	-5.656242E-5	-7.367553E-6
3.809619E1	-5.662309E-5	-7.545810E-6
3.819618E1	-5.675670E-5	-7.754161E-6
3.829617E1	-5.694591E-5	-7.945872E-6
3.839616E1	-5.690102E-5	-8.080617E-6
3.849615E1	-5.693026E-5	-8.189475E-6
3.859614E1	-5.684393E-5	-8.196191E-6
3.869613E1	-5.713084E-5	-8.177905E-6
3.879612E1	-5.718748E-5	-8.358255E-6
3.889611E1	-5.715427E-5	-8.327600E-6
3.899610E1	-5.710145E-5	-8.380242E-6
3.909609E1	-5.749543E-5	-8.611672E-6
3.919608E1	-5.762170E-5	-8.379126E-6
3.929607E1	-5.737726E-5	-8.430466E-6
3.939606E1	-5.762833E-5	-8.451003E-6
3.949605E1	-5.767572E-5	-8.240402E-6
3.959604E1	-5.783871E-5	-7.981695E-6
3.969603E1	-5.795322E-5	-7.788777E-6
3.979602E1	-5.807281E-5	-7.882148E-6
3.989601E1	-5.808556E-5	-7.883042E-6
3.999600E1	-5.791515E-5	-7.813278E-6
4.009599E1	-5.785210E-5	-7.609052E-6
4.019598E1	-5.762903E-5	-7.463685E-6
4.029597E1	-5.734975E-5	-7.598622E-6
4.039596E1	-5.705611E-5	-7.732814E-6
4.049595E1	-5.705342E-5	-7.596237E-6
4.059594E1	-5.728481E-5	-7.390487E-6
4.069593E1	-5.737729E-5	-7.453886E-6
4.079592E1	-5.732834E-5	-7.583368E-6
4.089591E1	-5.736539E-5	-7.736882E-6
4.099590E1	-5.740262E-5	-7.635931E-6
4.109589E1	-5.733717E-5	-7.661804E-6
4.119588E1	-5.715619E-5	-7.706487E-6
4.129587E1	-5.705675E-5	-7.716299E-6
4.139586E1	-5.710773E-5	-7.612936E-6
4.149585E1	-5.727958E-5	-7.399733E-6
4.159584E1	-5.737768E-5	-7.355161E-6
4.169583E1	-5.732853E-5	-7.152334E-6
4.179582E1	-5.734432E-5	-7.134885E-6
4.189581E1	-5.729261E-5	-7.101465E-6
4.199580E1	-5.722259E-5	-7.045218E-6
4.209579E1	-5.706990E-5	-6.906467E-6
4.219578E1	-5.701270E-5	-6.780886E-6
4.229577E1	-5.697238E-5	-6.696753E-6
4.239576E1	-5.686681E-5	-6.579625E-6
4.249575E1	-5.680243E-5	-6.658025E-6
4.259574E1	-5.684762E-5	-6.710994E-6
4.269573E1	-5.696742E-5	-6.604290E-6
4.279572E1	-5.685373E-5	-6.591350E-6
4.289571E1	-5.700122E-5	-6.502866E-6
4.299570E1	-5.713596E-5	-6.469013E-6
4.309569E1	-5.702261E-5	-6.383784E-6
4.319568E1	-5.696899E-5	-6.430236E-6
4.329567E1	-5.703909E-5	-6.443244E-6
4.339566E1	-5.707395E-5	-6.399042E-6
4.349565E1	-5.716839E-5	-6.539816E-6
4.359564E1	-5.722641E-5	-6.474169E-6
4.369563E1	-5.726840E-5	-6.368678E-6
4.379562E1	-5.709150E-5	-6.470303E-6
4.389561E1	-5.705471E-5	-6.522124E-6
4.399560E1	-5.723883E-5	-6.515359E-6
4.409559E1	-5.717725E-5	-6.524377E-6
4.419558E1	-5.729239E-5	-6.579262E-6
4.429557E1	-5.725072E-5	-6.491426E-6
4.439556E1	-5.732228E-5	-6.530083E-6
4.449555E1	-5.753069E-5	-6.628775E-6
4.459554E1	-5.749185E-5	-6.586593E-6
4.469553E1	-5.761172E-5	-6.619197E-6
4.479552E1	-5.768851E-5	-6.668187E-6
4.489551E1	-5.776357E-5	-6.574008E-6
4.499550E1	-5.770579E-5	-6.492627E-6
4.509549E1	-5.757144E-5	-6.454777E-6
4.519548E1	-5.754043E-5	-6.454977E-6
4.529547E1	-5.721161E-5	-6.551850E-6
4.539546E1	-5.717342E-5	-6.873914E-6
4.549545E1	-5.690671E-5	-6.862652E-6
4.559544E1	-5.676718E-5	-6.722718E-6
4.569543E1	-5.678764E-5	-6.543402E-6
4.579542E1	-5.678510E-5	-6.488625E-6
4.589541E1	-5.687761E-5	-6.697210E-6
4.599540E1	-5.664506E-5	-6.756939E-6
4.609539E1	-5.635493E-5	-6.925067E-6
4.619538E1	-5.626636E-5	-6.782966E-6
4.629537E1	-5.634722E-5	-6.917082E-6
4.639536E1	-5.628193E-5	-7.063342E-6
4.649535E1	-5.635953E-5	-7.129168E-6
4.659534E1	-5.635173E-5	-7.293026E-6
4.669533E1	-5.621257E-5	-7.315361E-6
4.679532E1	-5.620540E-5	-7.480565E-6
4.689531E1	-5.624408E-5	-7.293088E-6
4.699530E1	-5.651965E-5	-7.183097E-6
4.709529E1	-5.660759E-5	-7.057139E-6
4.719528E1	-5.655875E-5	-7.221704E-6
4.729527E1	-5.647992E-5	-7.352385E-6
4.739526E1	-5.647240E-5	-7.286396E-6
4.749525E1	-5.648863E-5	-7.199236E-6
4.759524E1	-5.647636E-5	-7.228583E-6
4.769523E1	-5.632123E-5	-7.195329E-6
4.779522E1	-5.630588E-5	-7.121130E-6
4.789521E1	-5.636562E-5	-6.987698E-6
4.799520E1	-5.610476E-5	-6.813715E-6
4.809519E1	-5.610662E-5	-6.875953E-6
4.819518E1	-5.624769E-5	-6.916463E-6
4.829517E1	-5.642661E-5	-6.806045E-6
4.839516E1	-5.659434E-5	-6.735273E-6
4.849515E1	-5.664392E-5	-6.739726E-6
4.859514E1	-5.657269E-5	-6.808233E-6
4.869513E1	-5.641060E-5	-6.877184E-6
4.879512E1	-5.661876E-5	-6.982882E-6
4.889511E1	-5.679541E-5	-7.224023E-6
4.899510E1	-5.693757E-5	-7.238751E-6
4.909509E1	-5.700153E-5	-7.232632E-6
4.919508E1	-5.695705E-5	-7.127454E-6
4.929507E1	-5.714503E-5	-7.231678E-6
4.939506E1	-5.713932E-5	-6.961885E-6
4.949505E1	-5.727611E-5	-6.746261E-6
4.959504E1	-5.737607E-5	-6.704620E-6
4.969503E1	-5.704213E-5	-6.519975E-6
4.979502E1	-5.697156E-5	-6.331681E-6
4.989501E1	-5.680661E-5	-6.365544E-6
4.999500E1	-5.672797E-5	-6.281737E-6
5.009499E1	-5.675327E-5	-6.242180E-6
5.019498E1	-5.672362E-5	-6.199175E-6
5.029497E1	-5.674460E-5	-6.131856E-6
5.039496E1	-5.684349E-5	-6.088768E-6
5.049495E1	-5.680102E-5	-6.179036E-6
5.059494E1	-5.680422E-5	-6.430301E-6
5.069493E1	-5.652103E-5	-6.403471E-6
5.079492E1	-5.671384E-5	-6.546475E-6
5.089491E1	-5.691874E-5	-6.773081E-6
5.099490E1	-5.693307E-5	-6.614423E-6
5.109489E1	-5.717302E-5	-6.418623E-6
5.119488E1	-5.739623E-5	-6.166496E-6
5.129487E1	-5.738459E-5	-6.081500E-6
5.139486E1	-5.740320E-5	-6.016283E-6
5.149485E1	-5.745582E-5	-5.930205E-6
5.159484E1	-5.741938E-5	-5.889998E-6
5.169483E1	-5.730176E-5	-5.750034E-6
5.179482E1	-5.709125E-5	-5.639850E-6
5.189481E1	-5.699576E-5	-5.686107E-6
5.199480E1	-5.693777E-5	-5.514945E-6
5.209479E1	-5.698844E-5	-5.537970E-6
5.219478E1	-5.719514E-5	-5.560152E-6
5.229477E1	-5.711883E-5	-5.503987E-6
5.239476E1	-5.705424E-5	-5.327318E-6
5.249475E1	-5.693578E-5	-5.527031E-6
5.259474E1	-5.693601E-5	-5.514514E-6
5.269473E1	-5.684949E-5	-5.705387E-6
5.279472E1	-5.684803E-5	-5.702198E-6
5.289471E1	-5.680581E-5	-5.760500E-6
5.299470E1	-5.693658E-5	-5.886193E-6
5.309469E1	-5.691633E-5	-5.999422E-6
5.319468E1	-5.703668E-5	-6.105047E-6
5.329467E1	-5.705995E-5	-6.051935E-6
5.339466E1	-5.704830E-5	-5.879646E-6
5.349465E1	-5.701212E-5	-5.791073E-6
5.359464E1	-5.714017E-5	-5.879686E-6
5.369463E1	-5.715017E-5	-6.024903E-6
5.379462E1	-5.724185E-5	-6.052672E-6
5.389461E1	-5.742174E-5	-6.033754E-6
5.399460E1	-5.750620E-5	-5.958096E-6
5.409459E1	-5.718783E-5	-5.931781E-6
5.419458E1	-5.719552E-5	-5.778626E-6
5.429457E1	-5.721651E-5	-5.597946E-6
5.439456E1	-5.724147E-5	-5.614346E-6
5.449455E1	-5.732479E-5	-5.520419E-6
5.459454E1	-5.734245E-5	-5.351848E-6
5.469453E1	-5.718571E-5	-5.435379E-6
5.479452E1	-5.731718E-5	-5.444438E-6
5.489451E1	-5.742751E-5	-5.545636E-6
5.499450E1	-5.745345E-5	-5.529715E-6
5.509449E1	-5.769227E-5	-5.533414E-6
5.519448E1	-5.787111E-5	-5.287964E-6
5.529447E1	-5.793249E-5	-5.459799E-6
5.539446E1	-5.785745E-5	-5.532543E-6
5.549445E1	-5.791663E-5	-5.523812E-6
5.559444E1	-5.777846E-5	-5.597713E-6
5.569443E1	-5.765237E-5	-5.696499E-6
5.579442E1	-5.780052E-5	-5.501642E-6
5.589441E1	-5.783997E-5	-5.499181E-6
5.599440E1	-5.778744E-5	-5.644424E-6
5.609439E1	-5.796754E-5	-5.579938E-6
5.619438E1	-5.810381E-5	-5.805405E-6
5.629437E1	-5.826084E-5	-5.817957E-6
5.639436E1	-5.845002E-5	-5.796786E-6
5.649435E1	-5.870582E-5	-5.936857E-6
5.659434E1	-5.881261E-5	-5.853572E-6
5.669433E1	-5.878277E-5	-5.712705E-6
5.679432E1	-5.883480E-5	-5.541033E-6
5.689431E1	-5.893808E-5	-5.412311E-6
5.699430E1	-5.895984E-5	-5.258936E-6
5.709429E1	-5.912579E-5	-5.157757E-6
5.719428E1	-5.924301E-5	-5.162785E-6
5.729427E1	-5.929053E-5	-5.253658E-6
5.739426E1	-5.942998E-5	-5.395873E-6
5.749425E1	-5.935698E-5	-5.258842E-6
5.759424E1	-5.929943E-5	-5.073391E-6
5.769423E1	-5.932433E-5	-4.959028E-6
5.779422E1	-5.927785E-5	-5.182881E-6
5.789421E1	-5.915955E-5	-5.200244E-6
5.799420E1	-5.910560E-5	-5.225097E-6
5.809419E1	-5.897568E-5	-5.204191E-6
5.819418E1	-5.887473E-5	-5.329900E-6
5.829417E1	-5.896169E-5	-5.355581E-6
5.839416E1	-5.891517E-5	-5.344651E-6
5.849415E1	-5.890224E-5	-5.160037E-6
5.859414E1	-5.897422E-5	-4.931969E-6
5.869413E1	-5.897820E-5	-4.881804E-6
5.879412E1	-5.903348E-5	-4.898915E-6
5.889411E1	-5.930227E-5	-4.741463E-6
5.899410E1	-5.927632E-5	-4.576140E-6
5.909409E1	-5.917683E-5	-4.689722E-6
5.919408E1	-5.935035E-5	-4.696517E-6
5.929407E1	-5.946064E-5	-4.617458E-6
5.939406E1	-5.936875E-5	-4.636017E-6
5.949405E1	-5.958426E-5	-4.466546E-6
5.959404E1	-5.963495E-5	-4.320623E-6
5.969403E1	-5.980729E-5	-4.492996E-6
5.979402E1	-6.009760E-5	-4.561246E-6
5.989401E1	-6.020790E-5	-4.652953E-6
5.999400E1	-6.006300E-5	-4.963232E-6
6.009399E1	-6.004748E-5	-5.065772E-6
6.019398E1	-5.986906E-5	-4.990415E-6
6.029397E1	-5.958301E-5	-4.928862E-6
6.039396E1	-5.937837E-5	-4.967695E-6
6.049395E1	-5.938644E-5	-5.065394E-6
6.059394E1	-5.937940E-5	-5.228226E-6
6.069393E1	-5.927741E-5	-5.238945E-6
6.079392E1	-5.935475E-5	-5.323395E-6
6.089391E1	-5.941133E-5	-5.402531E-6
6.099390E1	-5.937897E-5	-5.182097E-6
6.109389E1	-5.935082E-5	-5.136513E-6
6.119388E1	-5.931496E-5	-5.182052E-6
6.129387E1	-5.953079E-5	-5.445386E-6
6.139386E1	-5.968412E-5	-5.329419E-6
6.149385E1	-5.981119E-5	-5.265261E-6
6.159384E1	-5.987076E-5	-5.276311E-6
6.169383E1	-5.974791E-5	-5.249239E-6
6.179382E1	-5.966272E-5	-5.303599E-6
6.189381E1	-5.947194E-5	-5.431250E-6
6.199380E1	-5.953488E-5	-5.531177E-6
6.209379E1	-5.955335E-5	-5.464003E-6
6.219378E1	-5.956842E-5	-5.448459E-6
6.229377E1	-5.939188E-5	-5.337850E-6
6.239376E1	-5.948482E-5	-5.373126E-6
6.249375E1	-5.949974E-5	-5.180410E-6
6.259374E1	-5.946529E-5	-5.169158E-6
6.269373E1	-5.973858E-5	-5.339580E-6
6.279372E1	-5.980132E-5	-5.406246E-6
6.289371E1	-5.968672E-5	-5.494697E-6
6.299370E1	-5.951716E-5	-5.505697E-6
6.309369E1	-5.959427E-5	-5.774679E-6
6.319368E1	-5.950027E-5	-5.552227E-6
6.329367E1	-5.924481E-5	-5.484002E-6
6.339366E1	-5.930900E-5	-5.846326E-6
6.349365E1	-5.929783E-5	-6.057818E-6
6.359364E1	-5.907980E-5	-6.073073E-6
6.369363E1	-5.899959E-5	-6.047576E-6
6.379362E1	-5.893213E-5	-6.028088E-6
6.389361E1	-5.871139E-5	-5.837420E-6
6.399360E1	-5.841732E-5	-5.725678E-6
6.409359E1	-5.834792E-5	-5.750520E-6
6.419358E1	-5.854706E-5	-5.910855E-6
6.429357E1	-5.861440E-5	-5.619319E-6
6.439356E1	-5.882369E-5	-5.597872E-6
6.449355E1	-5.912665E-5	-5.675404E-6
6.459354E1	-5.905834E-5	-5.426172E-6
6.469353E1	-5.897529E-5	-5.419393E-6
6.479352E1	-5.889408E-5	-5.401041E-6
6.489351E1	-5.888366E-5	-5.606469E-6
6.499350E1	-5.894237E-5	-5.544417E-6
6.509349E1	-5.883272E-5	-5.400575E-6
6.519348E1	-5.880779E-5	-5.103827E-6
6.529347E1	-5.880078E-5	-4.694784E-6
6.539346E1	-5.890050E-5	-4.497864E-6
6.549345E1	-5.873610E-5	-4.443786E-6
6.559344E1	-5.871053E-5	-4.653852E-6
6.569343E1	-5.870845E-5	-4.683576E-6
6.579342E1	-5.876896E-5	-4.576872E-6
6.589341E1	-5.921691E-5	-4.653309E-6
6.599340E1	-5.954393E-5	-4.675212E-6
6.609339E1	-5.961095E-5	-4.999912E-6
6.619338E1	-5.969853E-5	-5.244018E-6
6.629337E1	-5.993892E-5	-5.425252E-6
6.639336E1	-6.016989E-5	-5.530541E-6
6.649335E1	-6.018020E-5	-5.593565E-6
6.659334E1	-6.016823E-5	-5.649054E-6
6.669333E1	-6.004009E-5	-5.591907E-6
6.679332E1	-5.987690E-5	-5.532711E-6
6.689331E1	-6.003215E-5	-5.727964E-6
6.699330E1	-6.025185E-5	-5.737841E-6
6.709329E1	-6.003353E-5	-5.878078E-6
6.719328E1	-6.007988E-5	-5.661094E-6
6.729327E1	-6.006359E-5	-5.932718E-6
6.739326E1	-6.012409E-5	-6.021913E-6
6.749325E1	-6.034994E-5	-5.694323E-6
6.759324E1	-6.063093E-5	-5.661336E-6
6.769323E1	-6.079270E-5	-5.766682E-6
6.779322E1	-6.068761E-5	-6.028038E-6
6.789321E1	-6.050926E-5	-6.053519E-6
6.799320E1	-6.047790E-5	-5.819066E-6
6.809319E1	-6.068972E-5	-5.991232E-6
6.819318E1	-6.075308E-5	-5.680867E-6
6.829317E1	-6.060486E-5	-5.575727E-6
6.839316E1	-6.055177E-5	-5.725535E-6
6.849315E1	-6.066414E-5	-5.750138E-6
6.859314E1	-6.046469E-5	-6.025439E-6
6.869313E1	-6.030465E-5	-5.763782E-6
6.879312E1	-6.029176E-5	-5.749214E-6
6.889311E1	-6.035130E-5	-5.590016E-6
6.899310E1	-6.028421E-5	-5.561415E-6
6.909309E1	-6.029885E-5	-5.586803E-6
6.919308E1	-5.986930E-5	-5.811484E-6
6.929307E1	-5.989885E-5	-5.855597E-6
6.939306E1	-5.990143E-5	-5.941999E-6
6.949305E1	-5.990640E-5	-5.970997E-6
6.959304E1	-5.970937E-5	-5.853161E-6
6.969303E1	-5.987777E-5	-5.952969E-6
6.979302E1	-5.984450E-5	-5.909617E-6
6.989301E1	-5.988460E-5	-5.933212E-6
6.999300E1	-6.001763E-5	-5.999359E-6
7.009299E1	-6.018246E-5	-6.166641E-6
7.019298E1	-5.996680E-5	-6.086871E-6
7.029297E1	-5.979123E-5	-5.931762E-6
7.039296E1	-5.986830E-5	-5.935761E-6
7.049295E1	-5.987063E-5	-6.039853E-6
7.059294E1	-5.989368E-5	-6.011457E-6
7.069293E1	-6.005258E-5	-5.946504E-6
7.079292E1	-5.993460E-5	-5.711099E-6
7.089291E1	-5.989049E-5	-5.857944E-6
7.099290E1	-5.975168E-5	-5.872295E-6
7.109289E1	-5.980738E-5	-5.729857E-6
7.119288E1	-5.977110E-5	-5.805578E-6
7.129287E1	-5.981062E-5	-5.918196E-6
7.139286E1	-5.975762E-5	-5.871045E-6
7.149285E1	-5.992824E-5	-5.640130E-6
7.159284E1	-6.003746E-5	-5.580979E-6
7.169283E1	-6.007755E-5	-5.559922E-6
7.179282E1	-6.018983E-5	-5.519230E-6
7.189281E1	-6.033931E-5	-5.524507E-6
7.199280E1	-6.022931E-5	-5.552241E-6
7.209279E1	-6.007864E-5	-5.579789E-6
7.219278E1	-5.998357E-5	-5.581512E-6
7.229277E1	-5.954745E-5	-5.534379E-6
7.239276E1	-5.926020E-5	-5.681598E-6
7.249275E1	-5.932103E-5	-5.930000E-6
7.259274E1	-5.938442E-5	-6.089464E-6
7.269273E1	-5.920307E-5	-6.239615E-6
7.279272E1	-5.916854E-5	-6.309422E-6
7.289271E1	-5.927420E-5	-6.323163E-6
7.299270E1	-5.949457E-5	-6.678823E-6
7.309269E1	-5.954189E-5	-6.648855E-6
7.319268E1	-5.974034E-5	-6.481844E-6
7.329267E1	-5.990609E-5	-6.697819E-6
7.339266E1	-6.002179E-5	-6.917371E-6
7.349265E1	-6.015860E-5	-7.073899E-6
7.359264E1	-6.020918E-5	-7.368342E-6
7.369263E1	-6.028559E-5	-7.653922E-6
7.379262E1	-6.020479E-5	-8.121052E-6
7.389261E1	-6.010353E-5	-8.237092E-6
7.399260E1	-5.998526E-5	-8.327709E-6
7.409259E1	-5.992179E-5	-8.308835E-6
7.419258E1	-5.968054E-5	-8.608060E-6
7.429257E1	-5.943382E-5	-8.651284E-6
7.439256E1	-5.948339E-5	-8.390192E-6
7.449255E1	-5.953992E-5	-8.222589E-6
7.459254E1	-5.971991E-5	-8.458005E-6
7.469253E1	-5.978718E-5	-8.641823E-6
7.479252E1	-5.989507E-5	-8.908214E-6
7.489251E1	-6.004825E-5	-8.859387E-6
7.499250E1	-5.953972E-5	-8.621115E-6
7.509249E1	-5.954145E-5	-8.650625E-6
7.519248E1	-5.955073E-5	-8.648842E-6
7.529247E1	-5.514442E-5	-1.183171E-5
7.539246E1	-5.923649E-5	-8.933869E-6
7.549245E1	-5.917771E-5	-9.160849E-6
7.559244E1	-5.915799E-5	-9.368738E-6
7.569243E1	-5.954039E-5	-9.355252E-6
7.579242E1	-5.976510E-5	-9.341664E-6
7.589241E1	-5.985778E-5	-9.492814E-6
7.599240E1	-5.990010E-5	-9.302298E-6
7.609239E1	-5.995516E-5	-9.027247E-6
7.619238E1	-5.988901E-5	-9.028269E-6
7.629237E1	-5.974123E-5	-8.960206E-6
7.639236E1	-5.945654E-5	-8.952272E-6
7.649235E1	-5.947828E-5	-8.960399E-6
7.659234E1	-5.940134E-5	-8.920982E-6
7.669233E1	-5.948131E-5	-9.120184E-6
7.679232E1	-5.941635E-5	-9.220752E-6
7.689231E1	-5.956391E-5	-9.213807E-6
7.699230E1	-5.979736E-5	-8.877003E-6
7.709229E1	-5.991391E-5	-8.937347E-6
7.719228E1	-5.985385E-5	-8.912360E-6
7.729227E1	-5.520415E-5	-1.215897E-5
7.739226E1	-5.994588E-5	-9.084024E-6
7.749225E1	-5.519425E-5	-1.206484E-5
7.759224E1	-5.970215E-5	-9.052598E-6
7.769223E1	-5.971094E-5	-9.028406E-6
7.779222E1	-5.961839E-5	-8.952372E-6
7.789221E1	-5.937429E-5	-8.948418E-6
7.799220E1	-5.948088E-5	-9.035772E-6
7.809219E1	-5.972207E-5	-9.255393E-6
7.819218E1	-5.963008E-5	-9.284841E-6
7.829217E1	-5.959384E-5	-9.336705E-6
7.839216E1	-5.965786E-5	-9.224231E-6
7.849215E1	-5.962524E-5	-9.266103E-6
7.859214E1	-5.960007E-5	-9.430493E-6
7.869213E1	-5.952708E-5	-9.462196E-6
7.879212E1	-5.966348E-5	-9.335911E-6
7.889211E1	-5.968047E-5	-9.300462E-6
7.899210E1	-5.967806E-5	-9.141867E-6
7.909209E1	-5.966556E-5	-9.043380E-6
7.919208E1	-5.963878E-5	-9.211439E-6
7.929207E1	-5.934936E-5	-9.321885E-6
7.939206E1	-5.931696E-5	-9.313994E-6
7.949205E1	-5.968103E-5	-9.205453E-6
7.959204E1	-5.968908E-5	-8.933546E-6
7.969203E1	-5.953503E-5	-8.922574E-6
7.979202E1	-5.961414E-5	-8.701818E-6
7.989201E1	-5.963431E-5	-8.767496E-6
7.999200E1	-5.956486E-5	-8.893939E-6
8.009199E1	-5.966117E-5	-8.816997E-6
8.019198E1	-5.949931E-5	-8.947568E-6
8.029197E1	-5.936901E-5	-9.031788E-6
8.039196E1	-5.918025E-5	-9.027454E-6
8.049195E1	-5.916546E-5	-8.961940E-6
8.059194E1	-5.908019E-5	-8.875441E-6
8.069193E1	-5.918219E-5	-8.902371E-6
8.079192E1	-5.914285E-5	-8.961573E-6
8.089191E1	-5.928103E-5	-9.068111E-6
8.099190E1	-5.911648E-5	-9.272937E-6
8.109189E1	-5.896724E-5	-9.381505E-6
8.119188E1	-5.896745E-5	-9.196748E-6
8.129187E1	-5.899137E-5	-9.275887E-6
8.139186E1	-5.902174E-5	-9.282590E-6
8.149185E1	-5.917296E-5	-9.232119E-6
8.159184E1	-5.922768E-5	-9.384644E-6
8.169183E1	-5.902027E-5	-9.440102E-6
8.179182E1	-5.908965E-5	-9.296145E-6
8.189181E1	-5.902781E-5	-9.197508E-6
8.199180E1	-5.930303E-5	-9.166921E-6
8.209179E1	-5.949950E-5	-9.071440E-6
8.219178E1	-5.939198E-5	-9.012215E-6
8.229177E1	-5.959008E-5	-8.887248E-6
8.239176E1	-5.963678E-5	-9.201205E-6
8.249175E1	-5.959947E-5	-9.170598E-6
8.259174E1	-5.945861E-5	-9.367216E-6
8.269173E1	-5.962512E-5	-9.603592E-6
8.279172E1	-5.962161E-5	-9.660525E-6
8.289171E1	-5.949377E-5	-9.646137E-6
8.299170E1	-5.945268E-5	-9.599449E-6
8.309169E1	-5.964329E-5	-9.644721E-6
8.319168E1	-5.966999E-5	-9.616663E-6
8.329167E1	-5.978749E-5	-9.597023E-6
8.339166E1	-5.996841E-5	-9.625656E-6
8.349165E1	-6.027354E-5	-9.808304E-6
8.359164E1	-6.025123E-5	-1.003746E-5
8.369163E1	-6.027158E-5	-1.013580E-5
8.379162E1	-6.028758E-5	-1.004514E-5
8.389161E1	-6.024453E-5	-9.787363E-6
8.399160E1	-6.028655E-5	-9.693818E-6
8.409159E1	-6.045524E-5	-9.727466E-6
8.419158E1	-6.036993E-5	-9.552661E-6
8.429157E1	-6.054175E-5	-9.532461E-6
8.439156E1	-6.067721E-5	-9.653379E-6
8.449155E1	-6.060694E-5	-9.911531E-6
8.459154E1	-6.064399E-5	-1.003479E-5
8.469153E1	-6.062314E-5	-9.834981E-6
8.479152E1	-6.060884E-5	-9.628881E-6
8.489151E1	-6.070704E-5	-9.552327E-6
8.499150E1	-6.073583E-5	-9.301354E-6
8.509149E1	-6.088621E-5	-9.353056E-6
8.519148E1	-6.095694E-5	-9.433325E-6
8.529147E1	-6.110093E-5	-9.413590E-6
8.539146E1	-6.124969E-5	-9.398249E-6
8.549145E1	-6.133980E-5	-9.227457E-6
8.559144E1	-6.144379E-5	-9.596874E-6
8.569143E1	-6.129356E-5	-9.732354E-6
8.579142E1	-6.117564E-5	-9.807876E-6
8.589141E1	-6.104191E-5	-1.007614E-5
8.599140E1	-6.099508E-5	-9.948996E-6
8.609139E1	-6.085818E-5	-1.008790E-5
8.619138E1	-6.046549E-5	-9.953814E-6
8.629137E1	-6.024194E-5	-1.019728E-5
8.639136E1	-6.005781E-5	-1.011884E-5
8.649135E1	-5.998255E-5	-9.826217E-6
8.659134E1	-6.020114E-5	-9.699473E-6
8.669133E1	-6.004442E-5	-9.700829E-6
8.679132E1	-6.022490E-5	-9.665637E-6
8.689131E1	-5.999809E-5	-9.397534E-6
8.699130E1	-5.990167E-5	-9.157309E-6
8.709129E1	-5.989040E-5	-9.156446E-6
8.719128E1	-5.977561E-5	-9.268886E-6
8.729127E1	-5.942165E-5	-9.035945E-6
8.739126E1	-5.944641E-5	-8.739385E-6
8.749125E1	-5.946624E-5	-8.505632E-6
8.759124E1	-5.936474E-5	-8.354541E-6
8.769123E1	-5.925524E-5	-8.525790E-6
8.779122E1	-5.931933E-5	-8.419935E-6
8.789121E1	-5.934026E-5	-8.622833E-6
8.799120E1	-5.914825E-5	-8.653243E-6
8.809119E1	-5.900254E-5	-8.472841E-6
8.819118E1	-5.915772E-5	-8.315686E-6
8.829117E1	-5.929554E-5	-8.176813E-6
8.839116E1	-5.900017E-5	-8.061478E-6
8.849115E1	-5.894882E-5	-7.907999E-6
8.859114E1	-5.898159E-5	-7.912213E-6
8.869113E1	-5.912504E-5	-7.848521E-6
8.879112E1	-5.928278E-5	-8.201864E-6
8.889111E1	-5.930069E-5	-8.290170E-6
8.899110E1	-5.942288E-5	-8.099964E-6
8.909109E1	-5.921717E-5	-7.873490E-6
8.919108E1	-5.913735E-5	-7.861046E-6
8.929107E1	-5.932241E-5	-7.883759E-6
8.939106E1	-5.922166E-5	-7.927447E-6
8.949105E1	-5.931717E-5	-7.799687E-6
8.959104E1	-5.927317E-5	-7.684883E-6
8.969103E1	-5.922039E-5	-7.687195E-6
8.979102E1	-5.906957E-5	-7.563357E-6
8.989101E1	-5.910309E-5	-7.577029E-6
8.999100E1	-5.910045E-5	-7.461997E-6
9.009099E1	-5.933196E-5	-7.319091E-6
9.019098E1	-5.955546E-5	-7.459016E-6
9.029097E1	-5.947858E-5	-7.480917E-6
9.039096E1	-5.914886E-5	-7.528651E-6
9.049095E1	-5.901699E-5	-7.773835E-6
9.059094E1	-5.913847E-5	-8.013779E-6
9.069093E1	-5.887612E-5	-7.978796E-6
9.079092E1	-5.857850E-5	-8.195547E-6
9.089091E1	-5.848728E-5	-8.295947E-6
9.099090E1	-5.826114E-5	-8.427107E-6
9.109089E1	-5.820761E-5	-8.279729E-6
9.119088E1	-5.839257E-5	-8.019121E-6
9.129087E1	-5.857525E-5	-8.032213E-6
9.139086E1	-5.871346E-5	-8.465861E-6
9.149085E1	-5.877449E-5	-8.637697E-6
9.159084E1	-5.865101E-5	-8.504708E-6
9.169083E1	-5.877671E-5	-8.395879E-6
9.179082E1	-5.893989E-5	-8.278207E-6
9.189081E1	-5.881713E-5	-8.094379E-6
9.199080E1	-5.859572E-5	-7.849575E-6
9.209079E1	-5.879660E-5	-7.867608E-6
9.219078E1	-5.855753E-5	-7.972967E-6
9.229077E1	-5.863014E-5	-7.925196E-6
9.239076E1	-5.859657E-5	-7.921681E-6
9.249075E1	-5.877381E-5	-7.864673E-6
9.259074E1	-5.872738E-5	-7.761213E-6
9.269073E1	-5.852436E-5	-7.762238E-6
9.279072E1	-5.854282E-5	-7.866241E-6
9.289071E1	-5.855946E-5	-7.983868E-6
9.299070E1	-5.854065E-5	-8.159962E-6
9.309069E1	-5.898424E-5	-8.037438E-6
9.319068E1	-5.915582E-5	-8.065198E-6
9.329067E1	-5.930136E-5	-8.189414E-6
9.339066E1	-5.937830E-5	-8.312887E-6
9.349065E1	-5.944357E-5	-8.016437E-6
9.359064E1	-5.919916E-5	-7.977654E-6
9.369063E1	-5.906411E-5	-7.895895E-6
9.379062E1	-5.900984E-5	-7.680232E-6
9.389061E1	-5.925242E-5	-7.705188E-6
9.399060E1	-5.926891E-5	-7.634744E-6
9.409059E1	-5.908634E-5	-7.189256E-6
9.419058E1	-5.896449E-5	-7.084208E-6
9.429057E1	-5.897196E-5	-7.240543E-6
9.439056E1	-5.932327E-5	-7.345934E-6
9.449055E1	-5.944442E-5	-7.276957E-6
9.459054E1	-5.931456E-5	-6.981608E-6
9.469053E1	-5.892052E-5	-7.009847E-6
9.479052E1	-5.875776E-5	-7.186855E-6
9.489051E1	-5.875444E-5	-7.466990E-6
9.499050E1	-5.898145E-5	-7.520752E-6
9.509049E1	-5.897055E-5	-7.868850E-6
9.519048E1	-5.867058E-5	-7.812623E-6
9.529047E1	-5.858671E-5	-8.075542E-6
9.539046E1	-5.834666E-5	-8.249932E-6
9.549045E1	-5.834879E-5	-8.147021E-6
9.559044E1	-5.832530E-5	-8.169512E-6
9.569043E1	-5.815948E-5	-8.032557E-6
9.579042E1	-5.822659E-5	-8.003281E-6
9.589041E1	-5.799396E-5	-8.069094E-6
9.599040E1	-5.815518E-5	-8.045804E-6
9.609039E1	-5.846530E-5	-7.804767E-6
9.619038E1	-5.877716E-5	-7.812510E-6
9.629037E1	-5.889224E-5	-7.925000E-6
9.639036E1	-5.889504E-5	-8.002083E-6
9.649035E1	-5.897332E-5	-7.930597E-6
9.659034E1	-5.889804E-5	-7.769351E-6
9.669033E1	-5.869405E-5	-7.781589E-6
9.679032E1	-5.833387E-5	-7.921046E-6
9.689031E1	-5.841726E-5	-8.009051E-6
9.699030E1	-5.851083E-5	-7.975383E-6
9.709029E1	-5.851541E-5	-7.638205E-6
9.719028E1	-5.853895E-5	-7.603840E-6
9.729027E1	-5.836936E-5	-7.637420E-6
9.739026E1	-5.804828E-5	-7.747166E-6
9.749025E1	-5.791068E-5	-7.541255E-6
9.759024E1	-5.773858E-5	-7.415112E-6
9.769023E1	-5.762708E-5	-7.349055E-6
9.779022E1	-5.752356E-5	-7.341630E-6
9.789021E1	-5.753260E-5	-7.250476E-6
9.799020E1	-5.762474E-5	-7.625134E-6
9.809019E1	-5.772380E-5	-7.711871E-6
9.819018E1	-5.773516E-5	-7.680297E-6
9.829017E1	-5.781485E-5	-7.868350E-6
9.839016E1	-5.767705E-5	-7.984386E-6
9.849015E1	-5.767827E-5	-8.068906E-6
9.859014E1	-5.758930E-5	-7.924337E-6
9.869013E1	-5.762269E-5	-7.662922E-6
9.879012E1	-5.755970E-5	-7.648136E-6
9.889011E1	-5.764755E-5	-7.815523E-6
9.899010E1	-5.755126E-5	-7.700483E-6
9.909009E1	-5.749573E-5	-7.630839E-6
9.919008E1	-5.741227E-5	-7.664497E-6
9.929007E1	-5.739945E-5	-7.659058E-6
9.939006E1	-5.735870E-5	-7.653970E-6
9.949005E1	-5.718322E-5	-7.533039E-6
9.959004E1	-5.711984E-5	-7.280774E-6
9.969003E1	-5.717773E-5	-7.277605E-6
9.979002E1	-5.718588E-5	-7.254930E-6
9.989001E1	-5.716334E-5	-7.407620E-6
9.999000E1	-5.707985E-5	-7.543843E-6
1.000900E2	-5.701669E-5	-7.427450E-6
1.001900E2	-5.701661E-5	-7.531037E-6
1.002900E2	-5.699044E-5	-7.615930E-6
1.003900E2	-5.691008E-5	-7.710677E-6
1.004900E2	-5.685081E-5	-7.827140E-6
1.005899E2	-5.681758E-5	-7.698251E-6
1.006899E2	-5.676730E-5	-7.533815E-6
1.007899E2	-5.656544E-5	-7.341841E-6
1.008899E2	-5.647379E-5	-7.282821E-6
1.009899E2	-5.642778E-5	-7.251904E-6
1.010899E2	-5.651726E-5	-7.270189E-6
1.011899E2	-5.653789E-5	-7.377693E-6
1.012899E2	-5.633859E-5	-7.548984E-6
1.013899E2	-5.623779E-5	-7.549061E-6
1.014899E2	-5.600643E-5	-7.495062E-6
1.015898E2	-5.610441E-5	-7.598164E-6
1.016898E2	-5.598866E-5	-7.632882E-6
1.017898E2	-5.595450E-5	-7.579304E-6
1.018898E2	-5.598026E-5	-7.627194E-6
1.019898E2	-5.599357E-5	-7.389266E-6
1.020898E2	-5.573950E-5	-7.306637E-6
1.021898E2	-5.563648E-5	-7.208669E-6
1.022898E2	-5.580268E-5	-7.122737E-6
1.023898E2	-5.586676E-5	-6.890647E-6
1.024898E2	-5.154372E-5	-1.034763E-5
1.025897E2	-5.567860E-5	-6.790425E-6
1.026897E2	-5.559285E-5	-6.813192E-6
1.027897E2	-5.545777E-5	-6.912447E-6
1.028897E2	-5.536796E-5	-6.982228E-6
1.029897E2	-5.120152E-5	-1.076554E-5
1.030897E2	-5.550066E-5	-7.179877E-6
1.031897E2	-5.544571E-5	-7.383853E-6
1.032897E2	-5.549744E-5	-7.321309E-6
1.033897E2	-5.565361E-5	-7.428067E-6
1.034897E2	-5.566457E-5	-7.494154E-6
1.035896E2	-5.564368E-5	-7.625259E-6
1.036896E2	-5.557617E-5	-7.411872E-6
1.037896E2	-5.555176E-5	-7.317448E-6
1.038896E2	-5.536428E-5	-7.316374E-6
1.039896E2	-5.531541E-5	-7.357023E-6
1.040896E2	-5.515568E-5	-7.554897E-6
1.041896E2	-5.530526E-5	-7.429984E-6
1.042896E2	-5.520773E-5	-7.354016E-6
1.043896E2	-5.507642E-5	-7.111131E-6
1.044896E2	-5.472993E-5	-7.298864E-6
1.045895E2	-5.455498E-5	-7.559778E-6
1.046895E2	-5.453556E-5	-7.725594E-6
1.047895E2	-5.458839E-5	-7.662861E-6
1.048895E2	-5.459884E-5	-7.759582E-6
1.049895E2	-5.455393E-5	-7.791909E-6
1.050895E2	-4.993699E-5	-1.094398E-5
1.051895E2	-5.427115E-5	-7.600145E-6
1.052895E2	-5.426121E-5	-7.374324E-6
1.053895E2	-5.394937E-5	-7.503692E-6
1.054895E2	-5.408950E-5	-7.617387E-6
1.055894E2	-5.434772E-5	-7.568343E-6
1.056894E2	-5.439585E-5	-7.473337E-6
1.057894E2	-4.998074E-5	-1.106199E-5
1.058894E2	-5.455571E-5	-7.381303E-6
1.059894E2	-4.998068E-5	-1.087528E-5
1.060894E2	-5.459846E-5	-7.241839E-6
1.061894E2	-5.444803E-5	-7.138354E-6
1.062894E2	-5.446830E-5	-7.085657E-6
1.063894E2	-5.459824E-5	-7.351014E-6
1.064894E2	-5.471381E-5	-7.233894E-6
1.065893E2	-5.485302E-5	-7.293715E-6
1.066893E2	-5.046858E-5	-1.046358E-5
1.067893E2	-5.511591E-5	-7.558974E-6
1.068893E2	-5.506706E-5	-7.315610E-6
1.069893E2	-5.509495E-5	-7.234955E-6
1.070893E2	-5.530565E-5	-7.231278E-6
1.071893E2	-5.543454E-5	-7.415126E-6
1.072893E2	-5.536172E-5	-7.471458E-6
1.073893E2	-5.544059E-5	-7.374332E-6
1.074893E2	-5.544656E-5	-7.230728E-6
1.075892E2	-5.585785E-5	-7.012444E-6
1.076892E2	-5.613942E-5	-6.930387E-6
1.077892E2	-5.631457E-5	-6.682912E-6
1.078892E2	-5.635444E-5	-6.521197E-6
1.079892E2	-5.638462E-5	-6.753941E-6
1.080892E2	-5.640376E-5	-6.901270E-6
1.081892E2	-5.626286E-5	-6.796798E-6
1.082892E2	-5.614888E-5	-6.528994E-6
1.083892E2	-5.624449E-5	-6.432830E-6
1.084892E2	-5.620356E-5	-6.299273E-6
1.085891E2	-5.612295E-5	-6.294334E-6
1.086891E2	-5.614124E-5	-6.270539E-6
1.087891E2	-5.604823E-5	-6.262512E-6
1.088891E2	-5.627416E-5	-6.227127E-6
1.089891E2	-5.621416E-5	-6.231973E-6
1.090891E2	-5.628666E-5	-6.400864E-6
1.091891E2	-5.643027E-5	-6.254252E-6
1.092891E2	-5.627782E-5	-6.355663E-6
1.093891E2	-5.612040E-5	-6.521432E-6
1.094891E2	-5.590635E-5	-6.401895E-6
1.095890E2	-5.585757E-5	-6.347719E-6
1.096890E2	-5.590273E-5	-6.239923E-6
1.097890E2	-5.613862E-5	-6.196521E-6
1.098890E2	-5.605203E-5	-6.409983E-6
1.099890E2	-5.595383E-5	-6.521418E-6
1.100890E2	-5.605667E-5	-6.532087E-6
1.101890E2	-5.615654E-5	-6.698573E-6
1.102890E2	-5.611187E-5	-6.605624E-6
1.103890E2	-5.621676E-5	-6.498966E-6
1.104890E2	-5.614395E-5	-6.458395E-6
1.105889E2	-5.603984E-5	-6.450340E-6
1.106889E2	-5.613641E-5	-6.569500E-6
1.107889E2	-5.592145E-5	-6.615307E-6
1.108889E2	-5.588717E-5	-6.534644E-6
1.109889E2	-5.575321E-5	-6.490926E-6
1.110889E2	-5.581961E-5	-6.350058E-6
1.111889E2	-5.589459E-5	-6.539001E-6
1.112889E2	-5.591239E-5	-6.436641E-6
1.113889E2	-5.582929E-5	-6.370574E-6
1.114889E2	-5.600449E-5	-6.371753E-6
1.115888E2	-5.618272E-5	-6.161837E-6
1.116888E2	-5.626992E-5	-6.181661E-6
1.117888E2	-5.616433E-5	-6.207403E-6
1.118888E2	-5.643037E-5	-6.070899E-6
1.119888E2	-5.682591E-5	-6.089208E-6
1.120888E2	-5.695049E-5	-6.103645E-6
1.121888E2	-5.690471E-5	-6.426727E-6
1.122888E2	-5.686844E-5	-6.508186E-6
1.123888E2	-5.694136E-5	-6.562196E-6
1.124888E2	-5.694871E-5	-6.581792E-6
1.125887E2	-5.703457E-5	-6.639910E-6
1.126887E2	-5.725089E-5	-6.402789E-6
1.127887E2	-5.729351E-5	-6.243823E-6
1.128887E2	-5.726581E-5	-6.192603E-6
1.129887E2	-5.725129E-5	-6.179537E-6
1.130887E2	-5.722755E-5	-6.347289E-6
1.131887E2	-5.726519E-5	-6.364268E-6
1.132887E2	-5.746693E-5	-6.398794E-6
1.133887E2	-5.755879E-5	-6.286388E-6
1.134887E2	-5.754916E-5	-6.168516E-6
1.135886E2	-5.756859E-5	-6.166319E-6
1.136886E2	-5.739869E-5	-6.073651E-6
1.137886E2	-5.736259E-5	-6.121922E-6
1.138886E2	-5.756318E-5	-6.100051E-6
1.139886E2	-5.745957E-5	-5.927846E-6
1.140886E2	-5.742045E-5	-5.915358E-6
1.141886E2	-5.751394E-5	-5.678399E-6
1.142886E2	-5.762023E-5	-5.677489E-6
1.143886E2	-5.772187E-5	-5.560572E-6
1.144886E2	-5.778581E-5	-5.681011E-6
1.145885E2	-5.787416E-5	-5.715656E-6
1.146885E2	-5.807634E-5	-5.708354E-6
1.147885E2	-5.811949E-5	-5.825742E-6
1.148885E2	-5.808544E-5	-5.912487E-6
1.149885E2	-5.825379E-5	-5.891562E-6
1.150885E2	-5.838908E-5	-6.043969E-6
1.151885E2	-5.857144E-5	-6.158287E-6
1.152885E2	-5.868395E-5	-6.158457E-6
1.153885E2	-5.910240E-5	-6.296009E-6
1.154885E2	-5.929154E-5	-6.295489E-6
1.155884E2	-5.914453E-5	-6.279160E-6
1.156884E2	-5.881794E-5	-6.118598E-6
1.157884E2	-5.857228E-5	-6.033611E-6
1.158884E2	-5.876801E-5	-6.172840E-6
1.159884E2	-5.902083E-5	-6.215687E-6
1.160884E2	-5.912982E-5	-6.476875E-6
1.161884E2	-5.905539E-5	-6.534883E-6
1.162884E2	-5.886704E-5	-6.556165E-6
1.163884E2	-5.886020E-5	-6.642280E-6
1.164884E2	-5.875072E-5	-6.648201E-6
1.165883E2	-5.875237E-5	-6.633693E-6
1.166883E2	-5.853288E-5	-6.691829E-6
1.167883E2	-5.848436E-5	-6.705432E-6
1.168883E2	-5.835729E-5	-6.608693E-6
1.169883E2	-5.805709E-5	-6.415450E-6
1.170883E2	-5.744855E-5	-6.662221E-6
1.171883E2	-5.750189E-5	-6.551579E-6
1.172883E2	-5.744730E-5	-6.580147E-6
1.173883E2	-5.752167E-5	-6.651055E-6
1.174883E2	-5.753820E-5	-6.728239E-6
1.175882E2	-5.763841E-5	-7.065879E-6
1.176882E2	-5.770210E-5	-6.950934E-6
1.177882E2	-5.791538E-5	-6.976265E-6
1.178882E2	-5.812925E-5	-6.888185E-6
1.179882E2	-5.827414E-5	-6.964828E-6
1.180882E2	-5.822277E-5	-6.979696E-6
1.181882E2	-5.823210E-5	-7.013413E-6
1.182882E2	-5.787611E-5	-6.913281E-6
1.183882E2	-5.779355E-5	-7.109379E-6
1.184882E2	-5.786920E-5	-7.164088E-6
1.185881E2	-5.786182E-5	-7.528513E-6
1.186881E2	-5.809370E-5	-7.382313E-6
1.187881E2	-5.791880E-5	-7.543517E-6
1.188881E2	-5.762559E-5	-7.757378E-6
1.189881E2	-5.752503E-5	-7.897366E-6
1.190881E2	-5.744322E-5	-8.059587E-6
1.191881E2	-5.741376E-5	-8.097110E-6
1.192881E2	-5.727198E-5	-7.839612E-6
1.193881E2	-5.698590E-5	-7.880955E-6
1.194881E2	-5.696724E-5	-8.172116E-6
1.195880E2	-5.692212E-5	-8.037294E-6
1.196880E2	-5.685659E-5	-7.815727E-6
1.197880E2	-5.676723E-5	-7.842268E-6
1.198880E2	-5.691484E-5	-7.726619E-6
1.199880E2	-5.700315E-5	-7.843265E-6
1.200880E2	-5.709296E-5	-8.096528E-6
1.201880E2	-5.715135E-5	-8.279529E-6
1.202880E2	-5.692074E-5	-8.340524E-6
1.203880E2	-5.665511E-5	-8.479606E-6
1.204880E2	-5.674242E-5	-8.470284E-6
1.205879E2	-5.684867E-5	-8.610370E-6
1.206879E2	-5.679773E-5	-8.514239E-6
1.207879E2	-5.682839E-5	-8.428990E-6
1.208879E2	-5.688532E-5	-8.357926E-6
1.209879E2	-5.703080E-5	-8.272793E-6
1.210879E2	-5.695370E-5	-8.461015E-6
1.211879E2	-5.695310E-5	-8.346569E-6
1.212879E2	-5.703143E-5	-8.326645E-6
1.213879E2	-5.677659E-5	-8.297616E-6
1.214879E2	-5.661736E-5	-8.380625E-6
1.215878E2	-5.691443E-5	-8.423276E-6
1.216878E2	-5.697633E-5	-8.555914E-6
1.217878E2	-5.689936E-5	-8.576616E-6
1.218878E2	-5.689845E-5	-8.629505E-6
1.219878E2	-5.721485E-5	-8.356073E-6
1.220878E2	-5.750138E-5	-7.956554E-6
1.221878E2	-5.761408E-5	-7.609043E-6
1.222878E2	-5.753982E-5	-7.701222E-6
1.223878E2	-5.744268E-5	-7.742720E-6
1.224878E2	-5.741767E-5	-7.517471E-6
1.225877E2	-5.744407E-5	-7.416056E-6
1.226877E2	-5.753222E-5	-7.451534E-6
1.227877E2	-5.770915E-5	-7.600901E-6
1.228877E2	-5.782773E-5	-7.620303E-6
1.229877E2	-5.777317E-5	-7.589080E-6
1.230877E2	-5.776952E-5	-7.832755E-6
1.231877E2	-5.788211E-5	-7.798829E-6
1.232877E2	-5.775480E-5	-7.505358E-6
1.233877E2	-5.756353E-5	-7.666291E-6
1.234877E2	-5.757431E-5	-7.482780E-6
1.235876E2	-5.770894E-5	-7.472229E-6
1.236876E2	-5.771900E-5	-7.627138E-6
1.237876E2	-5.770421E-5	-7.712560E-6
1.238876E2	-5.739678E-5	-7.712223E-6
1.239876E2	-5.726736E-5	-7.532153E-6
1.240876E2	-5.753563E-5	-7.562966E-6
1.241876E2	-5.766165E-5	-7.612895E-6
1.242876E2	-5.774861E-5	-7.792775E-6
1.243876E2	-5.813725E-5	-7.788497E-6
1.244876E2	-5.808049E-5	-7.978520E-6
1.245875E2	-5.796167E-5	-8.064030E-6
1.246875E2	-5.794071E-5	-8.198826E-6
1.247875E2	-5.808176E-5	-8.287680E-6
1.248875E2	-5.820245E-5	-8.246161E-6
1.249875E2	-5.833601E-5	-8.300113E-6
1.250875E2	-5.864473E-5	-7.911281E-6
1.251875E2	-5.847837E-5	-7.747361E-6
1.252875E2	-5.874618E-5	-7.713546E-6
1.253875E2	-5.878427E-5	-7.888048E-6
1.254875E2	-5.868298E-5	-7.756724E-6
1.255874E2	-5.859414E-5	-8.082541E-6
1.256874E2	-5.855772E-5	-8.156777E-6
1.257874E2	-5.854249E-5	-8.121891E-6
1.258874E2	-5.861017E-5	-7.939871E-6
1.259874E2	-5.869535E-5	-8.035187E-6
1.260874E2	-5.858319E-5	-8.393907E-6
1.261874E2	-5.859969E-5	-8.439932E-6
1.262874E2	-5.832241E-5	-8.357033E-6
1.263874E2	-5.834088E-5	-8.317151E-6
1.264874E2	-5.817420E-5	-8.311502E-6
1.265873E2	-5.809111E-5	-8.434685E-6
1.266873E2	-5.786553E-5	-8.570595E-6
1.267873E2	-5.808108E-5	-8.571730E-6
1.268873E2	-5.806009E-5	-8.820292E-6
1.269873E2	-5.807941E-5	-9.094207E-6
1.270873E2	-5.825448E-5	-9.278689E-6
1.271873E2	-5.837583E-5	-9.209481E-6
1.272873E2	-5.821597E-5	-9.181203E-6
1.273873E2	-5.840287E-5	-9.478280E-6
1.274873E2	-5.861450E-5	-9.393249E-6
1.275872E2	-5.868438E-5	-9.364596E-6
1.276872E2	-5.876861E-5	-9.344756E-6
1.277872E2	-5.872302E-5	-9.463718E-6
1.278872E2	-5.871221E-5	-9.458292E-6
1.279872E2	-5.867359E-5	-9.268448E-6
1.280872E2	-5.855618E-5	-9.336089E-6
1.281872E2	-5.822588E-5	-9.343883E-6
1.282872E2	-5.831555E-5	-9.313981E-6
1.283872E2	-5.875527E-5	-9.140951E-6
1.284872E2	-5.883225E-5	-9.287274E-6
1.285871E2	-5.885905E-5	-9.447967E-6
1.286871E2	-5.867203E-5	-9.659127E-6
1.287871E2	-5.877972E-5	-9.619221E-6
1.288871E2	-5.878094E-5	-9.370211E-6
1.289871E2	-5.872844E-5	-8.996875E-6
1.290871E2	-5.873652E-5	-8.864700E-6
1.291871E2	-5.884808E-5	-8.973278E-6
1.292871E2	-5.910381E-5	-9.225597E-6
1.293871E2	-5.893484E-5	-9.484187E-6
1.294871E2	-5.906545E-5	-9.422110E-6
1.295870E2	-5.910248E-5	-9.283056E-6
1.296870E2	-5.927861E-5	-9.318437E-6
1.297870E2	-5.930307E-5	-9.164661E-6
1.298870E2	-5.931061E-5	-8.938434E-6
1.299870E2	-5.961634E-5	-8.621322E-6
1.300870E2	-5.968142E-5	-8.637189E-6
1.301870E2	-5.953885E-5	-8.434929E-6
1.302870E2	-5.960662E-5	-8.371554E-6
1.303870E2	-5.968097E-5	-8.386442E-6
1.304870E2	-5.958117E-5	-8.411466E-6
1.305869E2	-5.959070E-5	-8.681782E-6
1.306869E2	-5.979104E-5	-8.495690E-6
1.307869E2	-5.999681E-5	-8.447002E-6
1.308869E2	-6.000958E-5	-8.521300E-6
1.309869E2	-6.018953E-5	-8.452074E-6
1.310869E2	-6.052248E-5	-8.241952E-6
1.311869E2	-6.087665E-5	-8.195774E-6
1.312869E2	-6.109136E-5	-8.160585E-6
1.313869E2	-6.124246E-5	-8.229771E-6
1.314869E2	-6.127902E-5	-7.947937E-6
1.315868E2	-6.165734E-5	-7.946576E-6
1.316868E2	-6.198805E-5	-7.997133E-6
1.317868E2	-6.211381E-5	-8.012681E-6
1.318868E2	-6.211487E-5	-8.070405E-6
1.319868E2	-6.219743E-5	-8.211422E-6
1.320868E2	-6.251561E-5	-8.387244E-6
1.321868E2	-6.252118E-5	-8.354765E-6
1.322868E2	-6.262188E-5	-8.215083E-6
1.323868E2	-6.272323E-5	-8.226138E-6
1.324868E2	-6.270019E-5	-8.325172E-6
1.325867E2	-6.277391E-5	-8.286699E-6
1.326867E2	-6.273876E-5	-8.161355E-6
1.327867E2	-6.271326E-5	-8.223898E-6
1.328867E2	-6.267824E-5	-8.159467E-6
1.329867E2	-6.271159E-5	-8.230607E-6
1.330867E2	-6.267442E-5	-8.268350E-6
1.331867E2	-6.260612E-5	-8.366884E-6
1.332867E2	-6.273007E-5	-8.474012E-6
1.333867E2	-6.274573E-5	-8.322706E-6
1.334867E2	-6.269016E-5	-8.281516E-6
1.335866E2	-6.275105E-5	-8.233028E-6
1.336866E2	-6.274560E-5	-8.331144E-6
1.337866E2	-6.269714E-5	-8.348301E-6
1.338866E2	-6.273534E-5	-8.319699E-6
1.339866E2	-6.278086E-5	-8.337098E-6
1.340866E2	-6.280598E-5	-8.258895E-6
1.341866E2	-6.278952E-5	-8.200192E-6
1.342866E2	-6.276717E-5	-8.223683E-6
1.343866E2	-6.276748E-5	-8.153307E-6
1.344866E2	-6.275420E-5	-8.225984E-6
1.345865E2	-6.278108E-5	-8.211711E-6
1.346865E2	-6.280769E-5	-8.246993E-6
1.347865E2	-6.277780E-5	-8.152409E-6
1.348865E2	-6.284630E-5	-8.123502E-6
1.349865E2	-6.290737E-5	-8.245421E-6
1.350865E2	-6.277512E-5	-8.392798E-6
1.351865E2	-6.275629E-5	-8.461469E-6
1.352865E2	-6.277437E-5	-8.498728E-6
1.353865E2	-6.277581E-5	-8.519097E-6
1.354865E2	-6.282782E-5	-8.423602E-6
1.355864E2	-6.284644E-5	-8.428795E-6
1.356864E2	-6.282444E-5	-8.354617E-6
1.357864E2	-6.282526E-5	-8.352350E-6
1.358864E2	-6.275615E-5	-8.385495E-6
1.359864E2	-6.272928E-5	-8.405329E-6
1.360864E2	-6.268001E-5	-8.338369E-6
1.361864E2	-6.272283E-5	-8.327700E-6
1.362864E2	-6.270024E-5	-8.338567E-6
1.363864E2	-6.275291E-5	-8.282182E-6
1.364864E2	-6.287778E-5	-8.292477E-6
1.365863E2	-6.282999E-5	-8.316837E-6
1.366863E2	-6.280921E-5	-8.341551E-6
1.367863E2	-6.278822E-5	-8.393097E-6
1.368863E2	-6.278847E-5	-8.488943E-6
1.369863E2	-6.278024E-5	-8.437252E-6
1.370863E2	-6.276309E-5	-8.445418E-6
1.371863E2	-6.281587E-5	-8.416456E-6
1.372863E2	-6.287430E-5	-8.400661E-6
1.373863E2	-6.291745E-5	-8.435232E-6
1.374863E2	-6.281777E-5	-8.391701E-6
1.375862E2	-6.269276E-5	-8.484263E-6
1.376862E2	-6.273083E-5	-8.458097E-6
1.377862E2	-6.286226E-5	-8.356096E-6
1.378862E2	-6.283751E-5	-8.328781E-6
1.379862E2	-6.281782E-5	-8.299017E-6
1.380862E2	-6.281036E-5	-8.295953E-6
1.381862E2	-6.286637E-5	-8.310999E-6
1.382862E2	-6.298403E-5	-8.352372E-6
1.383862E2	-6.290336E-5	-8.289677E-6
1.384862E2	-6.294670E-5	-8.385480E-6
1.385861E2	-6.292693E-5	-8.493171E-6
1.386861E2	-6.298175E-5	-8.445926E-6
1.387861E2	-6.292511E-5	-8.330307E-6
1.388861E2	-6.279914E-5	-8.349224E-6
1.389861E2	-6.272879E-5	-8.334630E-6
1.390861E2	-6.287244E-5	-8.263333E-6
1.391861E2	-6.281372E-5	-8.215610E-6
1.392861E2	-6.282110E-5	-8.250191E-6
1.393861E2	-6.274803E-5	-8.345426E-6
1.394861E2	-6.276628E-5	-8.361197E-6
1.395860E2	-6.285302E-5	-8.331593E-6
1.396860E2	-6.285945E-5	-8.302416E-6
1.397860E2	-6.292044E-5	-8.332236E-6
1.398860E2	-6.285085E-5	-8.334523E-6
1.399860E2	-6.289632E-5	-8.319067E-6
1.400860E2	-6.291816E-5	-8.339347E-6
1.401860E2	-6.291743E-5	-8.327650E-6
1.402860E2	-6.288464E-5	-8.341350E-6
1.403860E2	-6.281549E-5	-8.390961E-6
1.404860E2	-6.278871E-5	-8.383641E-6
1.405859E2	-6.286945E-5	-8.338895E-6
1.406859E2	-6.287795E-5	-8.307315E-6
1.407859E2	-6.283318E-5	-8.384908E-6
1.408859E2	-6.280288E-5	-8.362174E-6
1.409859E2	-6.275753E-5	-8.260313E-6
1.410859E2	-6.275235E-5	-8.364713E-6
1.411859E2	-6.276670E-5	-8.396418E-6
1.412859E2	-6.277101E-5	-8.305236E-6
1.413859E2	-6.268347E-5	-8.357934E-6
1.414859E2	-6.262534E-5	-8.311546E-6
1.415858E2	-6.266257E-5	-8.345189E-6
1.416858E2	-6.288851E-5	-8.373585E-6
1.417858E2	-6.284963E-5	-8.365916E-6
1.418858E2	-6.290120E-5	-8.343642E-6
1.419858E2	-6.293682E-5	-8.293591E-6
1.420858E2	-6.295024E-5	-8.340869E-6
1.421858E2	-6.291312E-5	-8.382396E-6
1.422858E2	-6.282254E-5	-8.368929E-6
1.423858E2	-6.281181E-5	-8.349372E-6
1.424858E2	-6.286530E-5	-8.331305E-6
1.425857E2	-6.280537E-5	-8.380787E-6
1.426857E2	-6.274781E-5	-8.354002E-6
1.427857E2	-6.276926E-5	-8.264510E-6
1.428857E2	-6.286526E-5	-8.268024E-6
1.429857E2	-6.280713E-5	-8.235033E-6
1.430857E2	-6.283669E-5	-8.281289E-6
1.431857E2	-6.283019E-5	-8.271324E-6
1.432857E2	-6.279436E-5	-8.316616E-6
1.433857E2	-6.293629E-5	-8.322154E-6
1.434857E2	-6.288285E-5	-8.310524E-6
1.435856E2	-6.285793E-5	-8.323535E-6
1.436856E2	-6.279832E-5	-8.315117E-6
1.437856E2	-6.271063E-5	-8.426829E-6
1.438856E2	-6.276472E-5	-8.421988E-6
1.439856E2	-6.277325E-5	-8.383497E-6
1.440856E2	-6.271481E-5	-8.370605E-6
1.441856E2	-6.282469E-5	-8.381759E-6
1.442856E2	-6.279761E-5	-8.421400E-6
1.443856E2	-6.261309E-5	-8.448832E-6
1.444856E2	-6.267951E-5	-8.450847E-6
1.445855E2	-6.282278E-5	-8.369444E-6
1.446855E2	-6.277067E-5	-8.347008E-6
1.447855E2	-6.276556E-5	-8.332713E-6
1.448855E2	-6.281428E-5	-8.358429E-6
1.449855E2	-6.279022E-5	-8.327596E-6
1.450855E2	-6.283314E-5	-8.320426E-6
1.451855E2	-6.279543E-5	-8.301357E-6
1.452855E2	-6.281432E-5	-8.316990E-6
1.453855E2	-6.278322E-5	-8.320959E-6
1.454855E2	-6.279947E-5	-8.310320E-6
1.455854E2	-6.279727E-5	-8.328375E-6
1.456854E2	-6.281452E-5	-8.349884E-6
1.457854E2	-6.277492E-5	-8.294119E-6
1.458854E2	-6.270645E-5	-8.297960E-6
1.459854E2	-6.276105E-5	-8.334191E-6
1.460854E2	-6.269890E-5	-8.362148E-6
1.461854E2	-6.268722E-5	-8.249797E-6
1.462854E2	-6.270740E-5	-8.329629E-6
1.463854E2	-6.268355E-5	-8.338798E-6
1.464854E2	-6.268266E-5	-8.343196E-6
1.465853E2	-6.277247E-5	-8.305655E-6
1.466853E2	-6.283013E-5	-8.244500E-6
1.467853E2	-6.275975E-5	-8.274448E-6
1.468853E2	-6.273543E-5	-8.328009E-6
1.469853E2	-6.272960E-5	-8.319947E-6
1.470853E2	-6.273303E-5	-8.277367E-6
1.471853E2	-6.271007E-5	-8.182494E-6
1.472853E2	-6.275487E-5	-8.199718E-6
1.473853E2	-6.279556E-5	-8.357230E-6
1.474853E2	-6.292470E-5	-8.334680E-6
1.475852E2	-6.290468E-5	-8.272304E-6
1.476852E2	-6.289560E-5	-8.200222E-6
1.477852E2	-6.279262E-5	-8.239984E-6
1.478852E2	-6.281314E-5	-8.243204E-6
1.479852E2	-6.284067E-5	-8.221446E-6
1.480852E2	-6.280181E-5	-8.246450E-6
1.481852E2	-6.281002E-5	-8.296446E-6
1.482852E2	-6.295453E-5	-8.294738E-6
1.483852E2	-6.277668E-5	-8.246450E-6
1.484852E2	-6.277408E-5	-8.274676E-6
1.485851E2	-6.275035E-5	-8.333486E-6
1.486851E2	-6.265258E-5	-8.369397E-6
1.487851E2	-6.267854E-5	-8.343947E-6
1.488851E2	-6.275102E-5	-8.347096E-6
1.489851E2	-6.278233E-5	-8.389188E-6
1.490851E2	-6.284307E-5	-8.420391E-6
1.491851E2	-6.273943E-5	-8.387003E-6
1.492851E2	-6.269766E-5	-8.392450E-6
1.493851E2	-6.265919E-5	-8.409344E-6
1.494851E2	-6.277391E-5	-8.351556E-6
1.495850E2	-6.282975E-5	-8.369075E-6
1.496850E2	-6.280232E-5	-8.329457E-6
1.497850E2	-6.283853E-5	-8.286818E-6
1.498850E2	-6.276570E-5	-8.314439E-6
1.499850E2	-6.266600E-5	-8.253552E-6
1.500850E2	-6.263828E-5	-8.394717E-6
1.501850E2	-6.273337E-5	-8.360886E-6
1.502850E2	-6.273537E-5	-8.338268E-6
1.503850E2	-6.274562E-5	-8.299104E-6
1.504850E2	-6.273564E-5	-8.236319E-6
1.505849E2	-6.279418E-5	-8.243425E-6
1.506849E2	-6.282604E-5	-8.262377E-6
1.507849E2	-6.280612E-5	-8.320271E-6
1.508849E2	-6.278615E-5	-8.320656E-6
1.509849E2	-6.283269E-5	-8.356807E-6
1.510849E2	-6.279304E-5	-8.387859E-6
1.511849E2	-6.278603E-5	-8.426723E-6
1.512849E2	-6.278884E-5	-8.338526E-6
1.513849E2	-6.275189E-5	-8.416291E-6
1.514849E2	-6.274873E-5	-8.494245E-6
1.515848E2	-6.278699E-5	-8.376430E-6
1.516848E2	-6.278810E-5	-8.418797E-6
1.517848E2	-6.284731E-5	-8.414556E-6
1.518848E2	-6.277276E-5	-8.367366E-6
1.519848E2	-6.270615E-5	-8.352683E-6
1.520848E2	-6.278147E-5	-8.416748E-6
1.521848E2	-6.286117E-5	-8.285433E-6
1.522848E2	-6.277767E-5	-8.237583E-6
1.523848E2	-6.280219E-5	-8.285806E-6
1.524848E2	-6.279084E-5	-8.398074E-6
1.525847E2	-6.274477E-5	-8.389186E-6
1.526847E2	-6.286519E-5	-8.294275E-6
1.527847E2	-6.286003E-5	-8.305323E-6
1.528847E2	-6.279398E-5	-8.375303E-6
1.529847E2	-6.273044E-5	-8.420558E-6
1.530847E2	-6.270707E-5	-8.400510E-6
1.531847E2	-6.271741E-5	-8.364865E-6
1.532847E2	-6.277413E-5	-8.283034E-6
1.533847E2	-6.289580E-5	-8.323466E-6
1.534847E2	-6.290986E-5	-8.374940E-6
1.535846E2	-6.284366E-5	-8.334537E-6
1.536846E2	-6.282434E-5	-8.258130E-6
1.537846E2	-6.277247E-5	-8.279356E-6
1.538846E2	-6.275863E-5	-8.352633E-6
1.539846E2	-6.293803E-5	-8.391960E-6
1.540846E2	-6.292338E-5	-8.367133E-6
1.541846E2	-6.280796E-5	-8.338998E-6
1.542846E2	-6.270323E-5	-8.357627E-6
1.543846E2	-6.269446E-5	-8.313310E-6
1.544846E2	-6.271652E-5	-8.276637E-6
1.545845E2	-6.283595E-5	-8.289991E-6
1.546845E2	-6.281535E-5	-8.399967E-6
1.547845E2	-6.272211E-5	-8.366636E-6
1.548845E2	-6.265015E-5	-8.433784E-6
1.549845E2	-6.264313E-5	-8.449763E-6
1.550845E2	-6.273722E-5	-8.428193E-6
1.551845E2	-6.277980E-5	-8.367732E-6
1.552845E2	-6.281866E-5	-8.382433E-6
1.553845E2	-6.279167E-5	-8.465953E-6
1.554845E2	-6.275331E-5	-8.400035E-6
1.555844E2	-6.275942E-5	-8.436281E-6
1.556844E2	-6.275517E-5	-8.400352E-6
1.557844E2	-6.279851E-5	-8.446703E-6
1.558844E2	-6.275791E-5	-8.452300E-6
1.559844E2	-6.279883E-5	-8.494805E-6
1.560844E2	-6.282490E-5	-8.492029E-6
1.561844E2	-6.285961E-5	-8.421015E-6
1.562844E2	-6.286671E-5	-8.388003E-6
1.563844E2	-6.280754E-5	-8.396618E-6
1.564844E2	-6.277572E-5	-8.422911E-6
1.565843E2	-6.283900E-5	-8.433118E-6
1.566843E2	-6.284228E-5	-8.332800E-6
1.567843E2	-6.280638E-5	-8.388839E-6
1.568843E2	-6.282565E-5	-8.370640E-6
1.569843E2	-6.281780E-5	-8.341612E-6
1.570843E2	-6.283975E-5	-8.365194E-6
1.571843E2	-6.279147E-5	-8.465295E-6
1.572843E2	-6.281878E-5	-8.403116E-6
1.573843E2	-6.270117E-5	-8.369246E-6
1.574843E2	-6.272763E-5	-8.404607E-6
1.575842E2	-6.269785E-5	-8.493781E-6
1.576842E2	-6.269150E-5	-8.489748E-6
1.577842E2	-6.268710E-5	-8.428734E-6
1.578842E2	-6.264650E-5	-8.406236E-6
1.579842E2	-6.273846E-5	-8.369639E-6
1.580842E2	-6.280744E-5	-8.349647E-6
1.581842E2	-6.275424E-5	-8.379847E-6
1.582842E2	-6.273520E-5	-8.473407E-6
