0.000000E0	3.800613E-6	1.639480E-5
9.999000E-2	4.024920E-6	1.635013E-5
1.999800E-1	4.362913E-6	1.638101E-5
2.999700E-1	4.530643E-6	1.642586E-5
3.999600E-1	4.615662E-6	1.658806E-5
4.999500E-1	4.680823E-6	1.642228E-5
5.999400E-1	4.555336E-6	1.642023E-5
6.999300E-1	4.639356E-6	1.653970E-5
7.999200E-1	4.883014E-6	1.648625E-5
8.999100E-1	5.182363E-6	1.662709E-5
9.999000E-1	4.805847E-6	1.660751E-5
1.099890E0	4.655385E-6	1.670505E-5
1.199880E0	4.650785E-6	1.684064E-5
1.299870E0	4.534121E-6	1.677608E-5
1.399860E0	4.747345E-6	1.686266E-5
1.499850E0	5.058101E-6	1.680363E-5
1.599840E0	5.120162E-6	1.690382E-5
1.699830E0	5.304346E-6	1.638293E-5
1.799820E0	5.498384E-6	1.628286E-5
1.899810E0	5.870402E-6	1.654055E-5
1.999800E0	5.982909E-6	1.683459E-5
2.099790E0	5.780730E-6	1.692616E-5
2.199780E0	5.538725E-6	1.676662E-5
2.299770E0	5.019671E-6	1.693072E-5
2.399760E0	5.273531E-6	1.697280E-5
2.499750E0	5.347442E-6	1.686423E-5
2.599740E0	4.992659E-6	1.671947E-5
2.699730E0	4.749460E-6	1.676195E-5
2.799720E0	4.548130E-6	1.709125E-5
2.899710E0	4.685249E-6	1.716353E-5
2.999700E0	4.541248E-6	1.738807E-5
3.099690E0	4.285774E-6	1.725790E-5
3.199680E0	4.597048E-6	1.727329E-5
3.299670E0	4.740119E-6	1.732057E-5
3.399660E0	4.802254E-6	1.687836E-5
3.499650E0	4.721366E-6	1.677486E-5
3.599640E0	4.799700E-6	1.681751E-5
3.699630E0	4.656745E-6	1.688048E-5
3.799620E0	4.366161E-6	1.687341E-5
3.899610E0	4.421429E-6	1.714565E-5
3.999600E0	4.164068E-6	1.709202E-5
4.099590E0	4.101473E-6	1.727054E-5
4.199580E0	4.312252E-6	1.723890E-5
4.299570E0	4.484756E-6	1.722113E-5
4.399560E0	4.587854E-6	1.730725E-5
4.499550E0	4.921421E-6	1.720895E-5
4.599540E0	5.198072E-6	1.725857E-5
4.699530E0	5.275382E-6	1.710070E-5
4.799520E0	5.828843E-6	1.692438E-5
4.899510E0	5.779265E-6	1.690617E-5
4.999500E0	6.080946E-6	1.692793E-5
5.099490E0	6.109462E-6	1.710324E-5
5.199480E0	6.317006E-6	1.698545E-5
5.299470E0	6.389301E-6	1.723474E-5
5.399460E0	6.313340E-6	1.752379E-5
5.499450E0	6.398740E-6	1.744405E-5
5.599440E0	6.363276E-6	1.734045E-5
5.699430E0	6.436778E-6	1.733050E-5
5.799420E0	6.348640E-6	1.760087E-5
5.899410E0	6.450722E-6	1.777166E-5
5.999400E0	6.534030E-6	1.775047E-5
6.099390E0	6.503027E-6	1.751292E-5
6.199380E0	6.612080E-6	1.754498E-5
6.299370E0	6.864950E-6	1.760127E-5
6.399360E0	6.950138E-6	1.729567E-5
6.499350E0	7.268095E-6	1.730435E-5
6.599340E0	7.620213E-6	1.741832E-5
6.699330E0	7.725712E-6	1.708603E-5
6.799320E0	7.774048E-6	1.677262E-5
6.899310E0	7.874270E-6	1.674462E-5
6.999300E0	7.908901E-6	1.690524E-5
7.099290E0	7.784242E-6	1.702977E-5
7.199280E0	7.742644E-6	1.688455E-5
7.299270E0	7.897570E-6	1.679555E-5
7.399260E0	7.835853E-6	1.665143E-5
7.499250E0	8.173571E-6	1.645210E-5
7.599240E0	7.952614E-6	1.651991E-5
7.699230E0	7.943157E-6	1.660706E-5
7.799220E0	8.035994E-6	1.703192E-5
7.899210E0	8.280647E-6	1.720182E-5
7.999200E0	8.329173E-6	1.692494E-5
8.099190E0	8.280064E-6	1.685617E-5
8.199180E0	8.150347E-6	1.693011E-5
8.299170E0	8.103343E-6	1.714343E-5
8.399160E0	7.948325E-6	1.716635E-5
8.499150E0	7.948816E-6	1.721539E-5
8.599140E0	8.012604E-6	1.760033E-5
8.699130E0	8.150415E-6	1.755169E-5
8.799120E0	8.415634E-6	1.734024E-5
8.899110E0	8.581511E-6	1.736377E-5
8.999100E0	8.597474E-6	1.735415E-5
9.099090E0	8.929799E-6	1.761477E-5
9.199080E0	8.740706E-6	1.771339E-5
9.299070E0	8.779953E-6	1.780339E-5
9.399060E0	8.746851E-6	1.784554E-5
9.499050E0	8.358218E-6	1.813535E-5
9.599040E0	8.342394E-6	1.876773E-5
9.699030E0	8.341934E-6	1.899943E-5
9.799020E0	8.286730E-6	1.938045E-5
9.899010E0	8.397304E-6	1.944009E-5
9.999000E0	8.353737E-6	1.964301E-5
1.009899E1	8.244145E-6	1.965028E-5
1.019898E1	8.565284E-6	1.990816E-5
1.029897E1	8.715077E-6	2.024829E-5
1.039896E1	8.846403E-6	2.047138E-5
1.049895E1	8.680021E-6	2.042580E-5
1.059894E1	8.431869E-6	2.050110E-5
1.069893E1	8.171133E-6	2.056367E-5
1.079892E1	8.119742E-6	2.056100E-5
1.089891E1	8.113653E-6	2.063998E-5
1.099890E1	8.174701E-6	2.067757E-5
1.109889E1	8.434110E-6	2.046378E-5
1.119888E1	8.377026E-6	2.050347E-5
1.129887E1	8.384574E-6	2.071325E-5
1.139886E1	8.362482E-6	2.090456E-5
1.149885E1	8.145058E-6	2.065147E-5
1.159884E1	8.425186E-6	2.033709E-5
1.169883E1	8.678956E-6	2.013359E-5
1.179882E1	8.780557E-6	2.022817E-5
1.189881E1	9.440007E-6	2.013526E-5
1.199880E1	1.001886E-5	1.996751E-5
1.209879E1	1.039241E-5	1.973567E-5
1.219878E1	1.044635E-5	1.943665E-5
1.229877E1	1.033612E-5	1.950617E-5
1.239876E1	1.041858E-5	1.965144E-5
1.249875E1	1.055236E-5	1.972657E-5
1.259874E1	1.044009E-5	2.024619E-5
1.269873E1	1.048078E-5	2.060461E-5
1.279872E1	1.061350E-5	2.075587E-5
1.289871E1	1.106810E-5	2.093087E-5
1.299870E1	1.124501E-5	2.093771E-5
1.309869E1	1.134569E-5	2.079637E-5
1.319868E1	1.151488E-5	2.084702E-5
1.329867E1	1.116819E-5	2.062345E-5
1.339866E1	1.115794E-5	2.031082E-5
1.349865E1	1.140470E-5	2.031096E-5
1.359864E1	1.132286E-5	2.029300E-5
1.369863E1	1.138729E-5	2.028779E-5
1.379862E1	1.163392E-5	2.051021E-5
1.389861E1	1.182920E-5	2.050995E-5
1.399860E1	1.144079E-5	2.072551E-5
1.409859E1	1.152607E-5	2.077616E-5
1.419858E1	1.165502E-5	2.073090E-5
1.429857E1	1.155584E-5	2.079573E-5
1.439856E1	1.136286E-5	2.088531E-5
1.449855E1	1.156416E-5	2.096922E-5
1.459854E1	1.162275E-5	2.083244E-5
1.469853E1	1.186312E-5	2.068441E-5
1.479852E1	1.211896E-5	2.042310E-5
1.489851E1	1.207329E-5	2.039515E-5
1.499850E1	1.193647E-5	2.058860E-5
1.509849E1	1.197084E-5	2.063773E-5
1.519848E1	1.195587E-5	2.101149E-5
1.529847E1	1.178359E-5	2.096209E-5
1.539846E1	1.205613E-5	2.094600E-5
1.549845E1	1.182729E-5	2.080092E-5
1.559844E1	1.176222E-5	2.071436E-5
1.569843E1	1.159192E-5	2.077297E-5
1.579842E1	1.165669E-5	2.094352E-5
1.589841E1	1.183780E-5	2.116702E-5
1.599840E1	1.230666E-5	2.142684E-5
1.609839E1	1.267700E-5	2.144728E-5
1.619838E1	1.255182E-5	2.146681E-5
1.629837E1	1.273226E-5	2.147581E-5
1.639836E1	1.300862E-5	2.149098E-5
1.649835E1	1.359881E-5	2.163136E-5
1.659834E1	1.367219E-5	2.175230E-5
1.669833E1	1.348980E-5	2.190240E-5
1.679832E1	1.354518E-5	2.208053E-5
1.689831E1	1.338297E-5	2.245729E-5
1.699830E1	1.342910E-5	2.277949E-5
1.709829E1	1.355426E-5	2.278469E-5
1.719828E1	1.361254E-5	2.289499E-5
1.729827E1	1.365145E-5	2.294045E-5
1.739826E1	1.409494E-5	2.273157E-5
1.749825E1	1.422797E-5	2.268167E-5
1.759824E1	1.443489E-5	2.271318E-5
1.769823E1	1.456780E-5	2.244059E-5
1.779822E1	1.457744E-5	2.218364E-5
1.789821E1	1.454092E-5	2.217671E-5
1.799820E1	1.481582E-5	2.214419E-5
1.809819E1	1.491512E-5	2.195753E-5
1.819818E1	1.501766E-5	2.207286E-5
1.829817E1	1.487788E-5	2.223957E-5
1.839816E1	1.520911E-5	2.222976E-5
1.849815E1	1.544819E-5	2.238067E-5
1.859814E1	1.550034E-5	2.242225E-5
1.869813E1	1.554941E-5	2.264646E-5
1.879812E1	1.566566E-5	2.265533E-5
1.889811E1	1.579364E-5	2.273216E-5
1.899810E1	1.594694E-5	2.280572E-5
1.909809E1	1.596600E-5	2.272981E-5
1.919808E1	1.605418E-5	2.296417E-5
1.929807E1	1.599861E-5	2.304204E-5
1.939806E1	1.579188E-5	2.300084E-5
1.949805E1	1.599721E-5	2.334114E-5
1.959804E1	1.651830E-5	2.321822E-5
1.969803E1	1.670982E-5	2.342942E-5
1.979802E1	1.693184E-5	2.340540E-5
1.989801E1	1.699932E-5	2.337896E-5
1.999800E1	1.691464E-5	2.363998E-5
2.009799E1	1.674522E-5	2.388549E-5
2.019798E1	1.676114E-5	2.418791E-5
2.029797E1	1.700955E-5	2.412360E-5
2.039796E1	1.718210E-5	2.431259E-5
2.049795E1	1.718290E-5	2.445916E-5
2.059794E1	1.712905E-5	2.444903E-5
2.069793E1	1.709130E-5	2.465325E-5
2.079792E1	1.695247E-5	2.457297E-5
2.089791E1	1.707780E-5	2.479176E-5
2.099790E1	1.717963E-5	2.533819E-5
2.109789E1	1.765215E-5	2.565288E-5
2.119788E1	1.770816E-5	2.576290E-5
2.129787E1	1.768765E-5	2.546083E-5
2.139786E1	1.754912E-5	2.541107E-5
2.149785E1	1.748213E-5	2.538357E-5
2.159784E1	1.772426E-5	2.538770E-5
2.169783E1	1.775296E-5	2.533813E-5
2.179782E1	1.743127E-5	2.559263E-5
2.189781E1	1.739790E-5	2.561789E-5
2.199780E1	1.738003E-5	2.571286E-5
2.209779E1	1.719471E-5	2.549038E-5
2.219778E1	1.748459E-5	2.525636E-5
2.229777E1	1.775247E-5	2.505965E-5
2.239776E1	1.768729E-5	2.512885E-5
2.249775E1	1.788347E-5	2.512038E-5
2.259774E1	1.776013E-5	2.553729E-5
2.269773E1	1.780969E-5	2.564086E-5
2.279772E1	1.793739E-5	2.565380E-5
2.289771E1	1.786197E-5	2.561048E-5
2.299770E1	1.790283E-5	2.557024E-5
2.309769E1	1.775124E-5	2.546577E-5
2.319768E1	1.769142E-5	2.557812E-5
2.329767E1	1.804957E-5	2.562908E-5
2.339766E1	1.808135E-5	2.564041E-5
2.349765E1	1.829337E-5	2.552157E-5
2.359764E1	1.830856E-5	2.578684E-5
2.369763E1	1.830742E-5	2.594600E-5
2.379762E1	1.830963E-5	2.599042E-5
2.389761E1	1.861911E-5	2.582885E-5
2.399760E1	1.881814E-5	2.570003E-5
2.409759E1	1.874574E-5	2.582885E-5
2.419758E1	1.900310E-5	2.592878E-5
2.429757E1	1.897492E-5	2.584208E-5
2.439756E1	1.897308E-5	2.590922E-5
2.449755E1	1.941540E-5	2.608664E-5
2.459754E1	1.931382E-5	2.599469E-5
2.469753E1	1.908077E-5	2.601363E-5
2.479752E1	1.873757E-5	2.587267E-5
2.489751E1	1.862902E-5	2.575982E-5
2.499750E1	1.875526E-5	2.628410E-5
2.509749E1	1.891589E-5	2.656768E-5
2.519748E1	1.918585E-5	2.634716E-5
2.529747E1	1.921211E-5	2.626753E-5
2.539746E1	1.899356E-5	2.650304E-5
2.549745E1	1.885592E-5	2.673731E-5
2.559744E1	1.861961E-5	2.681134E-5
2.569743E1	1.855499E-5	2.695404E-5
2.579742E1	1.853467E-5	2.727078E-5
2.589741E1	1.857134E-5	2.754005E-5
2.599740E1	1.895448E-5	2.757218E-5
2.609739E1	1.913949E-5	2.775183E-5
2.619738E1	1.934628E-5	2.789379E-5
2.629737E1	1.957379E-5	2.767335E-5
2.639736E1	1.945397E-5	2.764086E-5
2.649735E1	1.942023E-5	2.744512E-5
2.659734E1	1.940217E-5	2.711657E-5
2.669733E1	1.902331E-5	2.732582E-5
2.679732E1	1.903579E-5	2.729688E-5
2.689731E1	1.923173E-5	2.726599E-5
2.699730E1	1.951968E-5	2.740264E-5
2.709729E1	1.952764E-5	2.748541E-5
2.719728E1	1.940823E-5	2.752159E-5
2.729727E1	1.928266E-5	2.746296E-5
2.739726E1	1.931140E-5	2.759240E-5
2.749725E1	1.915465E-5	2.738454E-5
2.759724E1	1.915570E-5	2.714036E-5
2.769723E1	1.934066E-5	2.696994E-5
2.779722E1	1.951519E-5	2.711744E-5
2.789721E1	1.923148E-5	2.728310E-5
2.799720E1	1.898074E-5	2.714044E-5
2.809719E1	1.878860E-5	2.717836E-5
2.819718E1	1.936756E-5	2.710142E-5
2.829717E1	1.943874E-5	2.699473E-5
2.839716E1	1.925730E-5	2.717251E-5
2.849715E1	1.939692E-5	2.709936E-5
2.859714E1	1.951386E-5	2.683754E-5
2.869713E1	1.960566E-5	2.649313E-5
2.879712E1	1.997899E-5	2.669093E-5
2.889711E1	2.024766E-5	2.643423E-5
2.899710E1	2.025819E-5	2.640157E-5
2.909709E1	2.020919E-5	2.641508E-5
2.919708E1	2.020317E-5	2.648018E-5
2.929707E1	2.025029E-5	2.661778E-5
2.939706E1	2.049750E-5	2.665336E-5
2.949705E1	2.070834E-5	2.697940E-5
2.959704E1	2.097243E-5	2.734039E-5
2.969703E1	2.105108E-5	2.724981E-5
2.979702E1	2.122284E-5	2.691987E-5
2.989701E1	2.114814E-5	2.696923E-5
2.999700E1	2.097738E-5	2.725478E-5
3.009699E1	2.096688E-5	2.730134E-5
3.019698E1	2.091113E-5	2.737454E-5
3.029697E1	2.112992E-5	2.763573E-5
3.039696E1	2.116709E-5	2.783884E-5
3.049695E1	2.087505E-5	2.785104E-5
3.059694E1	2.085587E-5	2.788403E-5
3.069693E1	2.089985E-5	2.783741E-5
3.079692E1	2.046107E-5	2.777221E-5
3.089691E1	2.042036E-5	2.761724E-5
3.099690E1	1.992184E-5	2.786453E-5
3.109689E1	2.001671E-5	2.797755E-5
3.119688E1	2.047454E-5	2.856748E-5
3.129687E1	2.052305E-5	2.857785E-5
3.139686E1	2.044584E-5	2.858990E-5
3.149685E1	2.043019E-5	2.868056E-5
3.159684E1	2.028973E-5	2.900333E-5
3.169683E1	2.009310E-5	2.914619E-5
3.179682E1	2.003166E-5	2.918965E-5
3.189681E1	1.997687E-5	2.899357E-5
3.199680E1	2.017003E-5	2.894213E-5
3.209679E1	2.040579E-5	2.903580E-5
3.219678E1	2.042899E-5	2.924155E-5
3.229677E1	2.028046E-5	2.914209E-5
3.239676E1	2.011478E-5	2.917552E-5
3.249675E1	2.011742E-5	2.919543E-5
3.259674E1	2.013151E-5	2.919175E-5
3.269673E1	2.017179E-5	2.920242E-5
3.279672E1	2.048445E-5	2.922836E-5
3.289671E1	2.099241E-5	2.945865E-5
3.299670E1	2.135392E-5	2.941367E-5
3.309669E1	2.168530E-5	2.931203E-5
3.319668E1	2.185810E-5	2.935299E-5
3.329667E1	2.218405E-5	2.963395E-5
3.339666E1	2.237300E-5	2.971913E-5
3.349665E1	2.216306E-5	2.982620E-5
3.359664E1	2.241399E-5	2.947559E-5
3.369663E1	2.239218E-5	2.919845E-5
3.379662E1	2.210592E-5	2.941711E-5
3.389661E1	2.175050E-5	2.967973E-5
3.399660E1	2.196968E-5	2.969685E-5
3.409659E1	2.223335E-5	3.014230E-5
3.419658E1	2.208059E-5	3.034994E-5
3.429657E1	2.195523E-5	3.050875E-5
3.439656E1	2.199695E-5	3.057488E-5
3.449655E1	2.182575E-5	3.079506E-5
3.459654E1	2.175024E-5	3.085665E-5
3.469653E1	2.155517E-5	3.071836E-5
3.479652E1	2.135084E-5	3.046170E-5
3.489651E1	2.112020E-5	3.059125E-5
3.499650E1	2.108393E-5	3.083570E-5
3.509649E1	2.095350E-5	3.089905E-5
3.519648E1	2.117574E-5	3.095251E-5
3.529647E1	2.105011E-5	3.107116E-5
3.539646E1	2.114924E-5	3.111766E-5
3.549645E1	2.118589E-5	3.126397E-5
3.559644E1	2.126223E-5	3.132471E-5
3.569643E1	2.133042E-5	3.139363E-5
3.579642E1	2.127929E-5	3.128218E-5
3.589641E1	2.114565E-5	3.094965E-5
3.599640E1	2.097269E-5	3.078927E-5
3.609639E1	2.085363E-5	3.054857E-5
3.619638E1	2.084212E-5	3.051886E-5
3.629637E1	2.085807E-5	3.049906E-5
3.639636E1	2.048327E-5	3.070756E-5
3.649635E1	1.994471E-5	3.078160E-5
3.659634E1	1.982995E-5	3.053742E-5
3.669633E1	1.967651E-5	3.039086E-5
3.679632E1	1.977281E-5	3.034176E-5
3.689631E1	1.988073E-5	3.048482E-5
3.699630E1	1.987545E-5	3.061575E-5
3.709629E1	1.995680E-5	3.078453E-5
3.719628E1	1.990236E-5	3.067969E-5
3.729627E1	1.952576E-5	3.092893E-5
3.739626E1	1.944487E-5	3.098290E-5
3.749625E1	1.925954E-5	3.111643E-5
3.759624E1	1.924777E-5	3.116760E-5
3.769623E1	1.937295E-5	3.154327E-5
3.779622E1	1.957086E-5	3.197705E-5
3.789621E1	1.936728E-5	3.212923E-5
3.799620E1	1.926818E-5	3.212491E-5
3.809619E1	1.908863E-5	3.238197E-5
3.819618E1	1.928464E-5	3.273370E-5
3.829617E1	1.923894E-5	3.272816E-5
3.839616E1	1.902383E-5	3.273746E-5
3.849615E1	1.888966E-5	3.279919E-5
3.859614E1	1.906891E-5	3.287508E-5
3.869613E1	1.909559E-5	3.287528E-5
3.879612E1	1.933790E-5	3.285630E-5
3.889611E1	1.948761E-5	3.298087E-5
3.899610E1	1.937196E-5	3.329326E-5
3.909609E1	1.929876E-5	3.357879E-5
3.919608E1	1.927261E-5	3.357167E-5
3.929607E1	1.913919E-5	3.357041E-5
3.939606E1	1.936171E-5	3.341123E-5
3.949605E1	1.958456E-5	3.343601E-5
3.959604E1	1.950834E-5	3.363026E-5
3.969603E1	1.960126E-5	3.374366E-5
3.979602E1	1.942894E-5	3.393694E-5
3.989601E1	1.933139E-5	3.404714E-5
3.999600E1	1.934436E-5	3.425757E-5
4.009599E1	1.956895E-5	3.455275E-5
4.019598E1	1.957691E-5	3.461728E-5
4.029597E1	1.978309E-5	3.504630E-5
4.039596E1	1.991637E-5	3.518148E-5
4.049595E1	1.994391E-5	3.518810E-5
4.059594E1	2.023016E-5	3.542425E-5
4.069593E1	2.030986E-5	3.563357E-5
4.079592E1	2.025417E-5	3.600747E-5
4.089591E1	2.037833E-5	3.635740E-5
4.099590E1	2.036713E-5	3.666740E-5
4.109589E1	2.055373E-5	3.687964E-5
4.119588E1	2.044181E-5	3.683550E-5
4.129587E1	2.015207E-5	3.684326E-5
4.139586E1	2.021122E-5	3.669573E-5
4.149585E1	2.011699E-5	3.710564E-5
4.159584E1	1.994630E-5	3.733964E-5
4.169583E1	1.991324E-5	3.721694E-5
4.179582E1	1.982262E-5	3.746825E-5
4.189581E1	1.999221E-5	3.743562E-5
4.199580E1	2.006187E-5	3.741785E-5
4.209579E1	1.966173E-5	3.735283E-5
4.219578E1	1.963647E-5	3.760293E-5
4.229577E1	1.996459E-5	3.796325E-5
4.239576E1	1.991689E-5	3.804781E-5
4.249575E1	1.981051E-5	3.796543E-5
4.259574E1	1.981981E-5	3.816404E-5
4.269573E1	1.986852E-5	3.832061E-5
4.279572E1	1.998694E-5	3.850510E-5
4.289571E1	2.028473E-5	3.820779E-5
4.299570E1	2.041089E-5	3.825694E-5
4.309569E1	2.081005E-5	3.829912E-5
4.319568E1	2.086661E-5	3.845872E-5
4.329567E1	2.091965E-5	3.845192E-5
4.339566E1	2.098664E-5	3.849825E-5
4.349565E1	2.073290E-5	3.849778E-5
4.359564E1	2.055610E-5	3.851147E-5
4.369563E1	2.047857E-5	3.829604E-5
4.379562E1	2.031450E-5	3.809637E-5
4.389561E1	2.007832E-5	3.806572E-5
4.399560E1	1.992155E-5	3.795912E-5
4.409559E1	2.012801E-5	3.808809E-5
4.419558E1	2.013630E-5	3.828164E-5
4.429557E1	2.013352E-5	3.819523E-5
4.439556E1	2.040518E-5	3.814103E-5
4.449555E1	2.040103E-5	3.809866E-5
4.459554E1	2.039689E-5	3.834952E-5
4.469553E1	2.060974E-5	3.852163E-5
4.479552E1	2.047986E-5	3.840421E-5
4.489551E1	2.035034E-5	3.854576E-5
4.499550E1	2.023698E-5	3.848789E-5
4.509549E1	2.017035E-5	3.849607E-5
4.519548E1	2.007505E-5	3.850182E-5
4.529547E1	2.013610E-5	3.835774E-5
4.539546E1	2.043163E-5	3.809858E-5
4.549545E1	2.065754E-5	3.816881E-5
4.559544E1	2.046794E-5	3.820699E-5
4.569543E1	2.026141E-5	3.827846E-5
4.579542E1	2.049391E-5	3.883616E-5
4.589541E1	2.072785E-5	3.871916E-5
4.599540E1	2.066973E-5	3.853355E-5
4.609539E1	2.056151E-5	3.865874E-5
4.619538E1	2.046777E-5	3.901033E-5
4.629537E1	2.046979E-5	3.915957E-5
4.639536E1	2.020797E-5	3.916455E-5
4.649535E1	2.011153E-5	3.952851E-5
4.659534E1	2.005894E-5	3.942131E-5
4.669533E1	1.988822E-5	3.956488E-5
4.679532E1	1.965144E-5	3.956372E-5
4.689531E1	1.974771E-5	3.944871E-5
4.699530E1	1.972858E-5	3.942805E-5
4.709529E1	1.977400E-5	3.962797E-5
4.719528E1	1.988195E-5	3.958519E-5
4.729527E1	2.021162E-5	3.914450E-5
4.739526E1	2.030402E-5	3.910251E-5
4.749525E1	2.026349E-5	3.932845E-5
4.759524E1	2.007414E-5	3.963637E-5
4.769523E1	2.006631E-5	4.001463E-5
4.779522E1	1.971846E-5	3.986320E-5
4.789521E1	1.990444E-5	3.980718E-5
4.799520E1	2.015093E-5	4.005036E-5
4.809519E1	2.033567E-5	4.017611E-5
4.819518E1	2.011822E-5	4.058723E-5
4.829517E1	2.008051E-5	4.066137E-5
4.839516E1	2.018729E-5	4.077910E-5
4.849515E1	2.040341E-5	4.113528E-5
4.859514E1	2.008307E-5	4.147514E-5
4.869513E1	2.005687E-5	4.131205E-5
4.879512E1	1.990271E-5	4.130497E-5
4.889511E1	2.010084E-5	4.112561E-5
4.899510E1	2.023094E-5	4.103181E-5
4.909509E1	2.012666E-5	4.100407E-5
4.919508E1	2.009777E-5	4.099619E-5
4.929507E1	1.965801E-5	4.086599E-5
4.939506E1	1.962265E-5	4.052741E-5
4.949505E1	1.957615E-5	4.050727E-5
4.959504E1	1.952665E-5	4.073781E-5
4.969503E1	1.964629E-5	4.089233E-5
4.979502E1	1.970614E-5	4.088451E-5
4.989501E1	1.960132E-5	4.070616E-5
4.999500E1	1.942053E-5	4.063477E-5
5.009499E1	1.925145E-5	4.042218E-5
5.019498E1	1.942040E-5	4.076166E-5
5.029497E1	1.949931E-5	4.096635E-5
5.039496E1	1.963653E-5	4.094838E-5
5.049495E1	1.982177E-5	4.090872E-5
5.059494E1	1.985929E-5	4.131715E-5
5.069493E1	1.964739E-5	4.145734E-5
5.079492E1	1.935572E-5	4.137696E-5
5.089491E1	1.919600E-5	4.113451E-5
5.099490E1	1.879477E-5	4.083600E-5
5.109489E1	1.859701E-5	4.073356E-5
5.119488E1	1.872809E-5	4.063247E-5
5.129487E1	1.878454E-5	4.029243E-5
5.139486E1	1.872729E-5	4.028834E-5
5.149485E1	1.851626E-5	4.004980E-5
5.159484E1	1.833132E-5	3.998342E-5
5.169483E1	1.834711E-5	3.981838E-5
5.179482E1	1.805182E-5	4.007379E-5
5.189481E1	1.798720E-5	4.012050E-5
5.199480E1	1.774147E-5	4.014046E-5
5.209479E1	1.781828E-5	4.016815E-5
5.219478E1	1.768285E-5	4.009639E-5
5.229477E1	1.779631E-5	4.033746E-5
5.239476E1	1.753297E-5	4.046763E-5
5.249475E1	1.731648E-5	4.049046E-5
5.259474E1	1.742992E-5	4.053249E-5
5.269473E1	1.746626E-5	4.078177E-5
5.279472E1	1.789275E-5	4.104931E-5
5.289471E1	1.825052E-5	4.142293E-5
5.299470E1	1.819541E-5	4.168571E-5
5.309469E1	1.816465E-5	4.210612E-5
5.319468E1	1.815757E-5	4.239507E-5
5.329467E1	1.809821E-5	4.270277E-5
5.339466E1	1.807107E-5	4.263803E-5
5.349465E1	1.818408E-5	4.237947E-5
5.359464E1	1.830363E-5	4.232603E-5
5.369463E1	1.840377E-5	4.214098E-5
5.379462E1	1.871211E-5	4.173115E-5
5.389461E1	1.887582E-5	4.132240E-5
5.399460E1	1.851490E-5	4.095250E-5
5.409459E1	1.829140E-5	4.131276E-5
5.419458E1	1.829806E-5	4.135022E-5
5.429457E1	1.837561E-5	4.167229E-5
5.439456E1	1.832409E-5	4.186689E-5
5.449455E1	1.824840E-5	4.191738E-5
5.459454E1	1.834582E-5	4.181527E-5
5.469453E1	1.856648E-5	4.204788E-5
5.479452E1	1.830049E-5	4.199754E-5
5.489451E1	1.816688E-5	4.248671E-5
5.499450E1	1.843565E-5	4.274238E-5
5.509449E1	1.838095E-5	4.255478E-5
5.519448E1	1.839367E-5	4.240986E-5
5.529447E1	1.790785E-5	4.258415E-5
5.539446E1	1.808677E-5	4.267182E-5
5.549445E1	1.796807E-5	4.274495E-5
5.559444E1	1.781806E-5	4.281982E-5
5.569443E1	1.763795E-5	4.287537E-5
5.579442E1	1.748468E-5	4.318931E-5
5.589441E1	1.742301E-5	4.331495E-5
5.599440E1	1.739890E-5	4.301086E-5
5.609439E1	1.771145E-5	4.281273E-5
5.619438E1	1.770624E-5	4.261864E-5
5.629437E1	1.765154E-5	4.266326E-5
5.639436E1	1.770918E-5	4.265726E-5
5.649435E1	1.779852E-5	4.276457E-5
5.659434E1	1.759388E-5	4.280131E-5
5.669433E1	1.786828E-5	4.283442E-5
5.679432E1	1.803508E-5	4.290820E-5
5.689431E1	1.783596E-5	4.298130E-5
5.699430E1	1.781406E-5	4.288572E-5
5.709429E1	1.780648E-5	4.279860E-5
5.719428E1	1.785318E-5	4.289162E-5
5.729427E1	1.783246E-5	4.286358E-5
5.739426E1	1.742438E-5	4.301979E-5
5.749425E1	1.724933E-5	4.330148E-5
5.759424E1	1.729778E-5	4.337012E-5
5.769423E1	1.725952E-5	4.337052E-5
5.779422E1	1.718146E-5	4.322749E-5
5.789421E1	1.699239E-5	4.317673E-5
5.799420E1	1.664484E-5	4.332254E-5
5.809419E1	1.652528E-5	4.326894E-5
5.819418E1	1.629622E-5	4.356154E-5
5.829417E1	1.623701E-5	4.355707E-5
5.839416E1	1.613336E-5	4.361401E-5
5.849415E1	1.604065E-5	4.361338E-5
5.859414E1	1.617742E-5	4.389689E-5
5.869413E1	1.610711E-5	4.403752E-5
5.879412E1	1.580411E-5	4.397470E-5
5.889411E1	1.561600E-5	4.374992E-5
5.899410E1	1.574479E-5	4.377676E-5
5.909409E1	1.607698E-5	4.397641E-5
5.919408E1	1.597288E-5	4.435531E-5
5.929407E1	1.577040E-5	4.449539E-5
5.939406E1	1.555421E-5	4.445245E-5
5.949405E1	1.568590E-5	4.443426E-5
5.959404E1	1.544063E-5	4.459072E-5
5.969403E1	1.512970E-5	4.455908E-5
5.979402E1	1.515154E-5	4.440832E-5
5.989401E1	1.489333E-5	4.419725E-5
5.999400E1	1.498687E-5	4.425020E-5
6.009399E1	1.516934E-5	4.444414E-5
6.019398E1	1.533593E-5	4.454521E-5
6.029397E1	1.540586E-5	4.443285E-5
6.039396E1	1.553930E-5	4.407497E-5
6.049395E1	1.573946E-5	4.407652E-5
6.059394E1	1.572000E-5	4.407732E-5
6.069393E1	1.578226E-5	4.387365E-5
6.079392E1	1.574664E-5	4.383475E-5
6.089391E1	1.599525E-5	4.373846E-5
6.099390E1	1.611215E-5	4.336162E-5
6.109389E1	1.619368E-5	4.305907E-5
6.119388E1	1.650785E-5	4.308400E-5
6.129387E1	1.660780E-5	4.335572E-5
6.139386E1	1.700089E-5	4.349034E-5
6.149385E1	1.728657E-5	4.368695E-5
6.159384E1	1.768725E-5	4.402697E-5
6.169383E1	1.745055E-5	4.435308E-5
6.179382E1	1.744055E-5	4.418656E-5
6.189381E1	1.757477E-5	4.419516E-5
6.199380E1	1.746018E-5	4.445486E-5
6.209379E1	1.732896E-5	4.419428E-5
6.219378E1	1.736910E-5	4.445177E-5
6.229377E1	1.726220E-5	4.466753E-5
6.239376E1	1.751333E-5	4.472520E-5
6.249375E1	1.761239E-5	4.469971E-5
6.259374E1	1.786508E-5	4.461343E-5
6.269373E1	1.751332E-5	4.440032E-5
6.279372E1	1.735510E-5	4.420295E-5
6.289371E1	1.709634E-5	4.413566E-5
6.299370E1	1.665507E-5	4.422740E-5
6.309369E1	1.633931E-5	4.407304E-5
6.319368E1	1.651149E-5	4.420332E-5
6.329367E1	1.666783E-5	4.406537E-5
6.339366E1	1.686193E-5	4.425211E-5
6.349365E1	1.702267E-5	4.432933E-5
6.359364E1	1.692081E-5	4.438189E-5
6.369363E1	1.708077E-5	4.446897E-5
6.379362E1	1.714982E-5	4.447315E-5
6.389361E1	1.727511E-5	4.485015E-5
6.399360E1	1.736916E-5	4.496259E-5
6.409359E1	1.749794E-5	4.486141E-5
6.419358E1	1.787980E-5	4.496534E-5
6.429357E1	1.786355E-5	4.517336E-5
6.439356E1	1.767436E-5	4.500499E-5
6.449355E1	1.763780E-5	4.517668E-5
6.459354E1	1.746351E-5	4.541745E-5
6.469353E1	1.744457E-5	4.535163E-5
6.479352E1	1.751384E-5	4.541442E-5
6.489351E1	1.778508E-5	4.542391E-5
6.499350E1	1.796425E-5	4.512144E-5
6.509349E1	1.795634E-5	4.520969E-5
6.519348E1	1.780817E-5	4.535457E-5
6.529347E1	1.775043E-5	4.534191E-5
6.539346E1	1.768338E-5	4.532021E-5
6.549345E1	1.761359E-5	4.518240E-5
6.559344E1	1.742618E-5	4.519258E-5
6.569343E1	1.750158E-5	4.540579E-5
6.579342E1	1.760554E-5	4.540918E-5
6.589341E1	1.792283E-5	4.519560E-5
6.599340E1	1.776644E-5	4.505543E-5
6.609339E1	1.751188E-5	4.480188E-5
6.619338E1	1.753214E-5	4.495568E-5
6.629337E1	1.792536E-5	4.511692E-5
6.639336E1	1.808935E-5	4.479827E-5
6.649335E1	1.790481E-5	4.430854E-5
6.659334E1	1.762879E-5	4.427283E-5
6.669333E1	1.722754E-5	4.455100E-5
6.679332E1	1.700896E-5	4.484135E-5
6.689331E1	1.702488E-5	4.500298E-5
6.699330E1	1.692024E-5	4.557055E-5
6.709329E1	1.681002E-5	4.572157E-5
6.719328E1	1.676708E-5	4.575307E-5
6.729327E1	1.669153E-5	4.577834E-5
6.739326E1	1.682861E-5	4.578479E-5
6.749325E1	1.667867E-5	4.548858E-5
6.759324E1	1.670416E-5	4.533357E-5
6.769323E1	1.674956E-5	4.520454E-5
6.779322E1	1.668877E-5	4.525781E-5
6.789321E1	1.670868E-5	4.535853E-5
6.799320E1	1.684833E-5	4.530987E-5
6.809319E1	1.686015E-5	4.548004E-5
6.819318E1	1.678581E-5	4.554485E-5
6.829317E1	1.690240E-5	4.574649E-5
6.839316E1	1.699676E-5	4.572024E-5
6.849315E1	1.683461E-5	4.571816E-5
6.859314E1	1.663672E-5	4.579189E-5
6.869313E1	1.640680E-5	4.571931E-5
6.879312E1	1.641304E-5	4.576525E-5
6.889311E1	1.664305E-5	4.582146E-5
6.899310E1	1.678477E-5	4.598719E-5
6.909309E1	1.661869E-5	4.599603E-5
6.919308E1	1.668547E-5	4.603274E-5
6.929307E1	1.660339E-5	4.613788E-5
6.939306E1	1.664929E-5	4.585336E-5
6.949305E1	1.670391E-5	4.596567E-5
6.959304E1	1.697132E-5	4.618196E-5
6.969303E1	1.681293E-5	4.586039E-5
6.979302E1	1.680049E-5	4.580260E-5
6.989301E1	1.679750E-5	4.580828E-5
6.999300E1	1.660652E-5	4.587989E-5
7.009299E1	1.651661E-5	4.602700E-5
7.019298E1	1.650715E-5	4.605829E-5
7.029297E1	1.658129E-5	4.594529E-5
7.039296E1	1.642049E-5	4.585967E-5
7.049295E1	1.639160E-5	4.545497E-5
7.059294E1	1.659865E-5	4.540123E-5
7.069293E1	1.683123E-5	4.516942E-5
7.079292E1	1.662216E-5	4.515187E-5
7.089291E1	1.671508E-5	4.563446E-5
7.099290E1	1.658175E-5	4.577542E-5
7.109289E1	1.665277E-5	4.562651E-5
7.119288E1	1.668604E-5	4.556800E-5
7.129287E1	1.669278E-5	4.541293E-5
7.139286E1	1.683944E-5	4.525713E-5
7.149285E1	1.702798E-5	4.543055E-5
7.159284E1	1.722743E-5	4.534169E-5
7.169283E1	1.689152E-5	4.541684E-5
7.179282E1	1.668719E-5	4.558082E-5
7.189281E1	1.660186E-5	4.581571E-5
7.199280E1	1.649170E-5	4.595876E-5
7.209279E1	1.688245E-5	4.601625E-5
7.219278E1	1.684831E-5	4.609477E-5
7.229277E1	1.689159E-5	4.629632E-5
7.239276E1	1.704792E-5	4.615905E-5
7.249275E1	1.699575E-5	4.622743E-5
7.259274E1	1.675954E-5	4.653952E-5
7.269273E1	1.623782E-5	4.665068E-5
7.279272E1	1.587645E-5	4.663138E-5
7.289271E1	1.598631E-5	4.680240E-5
7.299270E1	1.584154E-5	4.667985E-5
7.309269E1	1.575582E-5	4.646721E-5
7.319268E1	1.544560E-5	4.607426E-5
7.329267E1	1.539328E-5	4.598730E-5
7.339266E1	1.555599E-5	4.613239E-5
7.349265E1	1.549723E-5	4.618659E-5
7.359264E1	1.564655E-5	4.627014E-5
7.369263E1	1.555881E-5	4.650946E-5
7.379262E1	1.605999E-5	4.657638E-5
7.389261E1	1.605693E-5	4.671661E-5
7.399260E1	1.602495E-5	4.676297E-5
7.409259E1	1.609593E-5	4.692086E-5
7.419258E1	1.626967E-5	4.671807E-5
7.429257E1	1.622226E-5	4.658671E-5
7.439256E1	1.645347E-5	4.664723E-5
7.449255E1	1.694964E-5	4.695433E-5
7.459254E1	1.693931E-5	4.697771E-5
7.469253E1	1.686319E-5	4.692176E-5
7.479252E1	1.673927E-5	4.682411E-5
7.489251E1	1.661314E-5	4.673776E-5
7.499250E1	1.639278E-5	4.661345E-5
7.509249E1	1.609787E-5	4.674281E-5
7.519248E1	1.613682E-5	4.686030E-5
7.529247E1	1.595385E-5	4.687897E-5
7.539246E1	1.577208E-5	4.687881E-5
7.549245E1	1.549083E-5	4.722077E-5
7.559244E1	1.543148E-5	4.732579E-5
7.569243E1	1.556850E-5	4.713810E-5
7.579242E1	1.519741E-5	4.727433E-5
7.589241E1	1.525224E-5	4.702785E-5
7.599240E1	1.512066E-5	4.697219E-5
7.609239E1	1.511541E-5	4.663870E-5
7.619238E1	1.521466E-5	4.669768E-5
7.629237E1	1.543900E-5	4.660379E-5
7.639236E1	1.542787E-5	4.673871E-5
7.649235E1	1.565425E-5	4.686930E-5
7.659234E1	1.590804E-5	4.730746E-5
7.669233E1	1.588830E-5	4.752655E-5
7.679232E1	1.557296E-5	4.769164E-5
7.689231E1	1.574371E-5	4.761212E-5
7.699230E1	1.560457E-5	4.757821E-5
7.709229E1	1.558485E-5	4.738543E-5
7.719228E1	1.552544E-5	4.731357E-5
7.729227E1	1.547572E-5	4.696185E-5
7.739226E1	1.545214E-5	4.706829E-5
7.749225E1	1.523510E-5	4.727677E-5
7.759224E1	1.546604E-5	4.712432E-5
7.769223E1	1.551223E-5	4.706874E-5
7.779222E1	1.565601E-5	4.724530E-5
7.789221E1	1.551828E-5	4.742118E-5
7.799220E1	1.538005E-5	4.740878E-5
7.809219E1	1.534606E-5	4.741388E-5
7.819218E1	1.561055E-5	4.738187E-5
7.829217E1	1.569485E-5	4.746525E-5
7.839216E1	1.560307E-5	4.769839E-5
7.849215E1	1.571538E-5	4.806720E-5
7.859214E1	1.573720E-5	4.850208E-5
7.869213E1	1.566326E-5	4.865100E-5
7.879212E1	1.582652E-5	4.885826E-5
7.889211E1	1.581506E-5	4.877828E-5
7.899210E1	1.551247E-5	4.843742E-5
7.909209E1	1.550773E-5	4.835147E-5
7.919208E1	1.527382E-5	4.831624E-5
7.929207E1	1.527644E-5	4.827431E-5
7.939206E1	1.540731E-5	4.847105E-5
7.949205E1	1.531706E-5	4.847385E-5
7.959204E1	1.498251E-5	4.833036E-5
7.969203E1	1.475406E-5	4.855170E-5
7.979202E1	1.476209E-5	4.876111E-5
7.989201E1	1.473993E-5	4.875706E-5
7.999200E1	1.480083E-5	4.877681E-5
8.009199E1	1.492388E-5	4.906126E-5
8.019198E1	1.477057E-5	4.904453E-5
8.029197E1	1.486065E-5	4.900377E-5
8.039196E1	1.470562E-5	4.896610E-5
8.049195E1	1.478037E-5	4.930268E-5
8.059194E1	1.495398E-5	4.943245E-5
8.069193E1	1.517202E-5	4.944534E-5
8.079192E1	1.510828E-5	4.946539E-5
8.089191E1	1.535961E-5	4.966130E-5
8.099190E1	1.506622E-5	4.971553E-5
8.109189E1	1.511204E-5	4.980172E-5
8.119188E1	1.492718E-5	4.984660E-5
8.129187E1	1.460406E-5	4.974899E-5
8.139186E1	1.432664E-5	4.967995E-5
8.149185E1	1.438194E-5	4.997011E-5
8.159184E1	1.422373E-5	5.010297E-5
8.169183E1	1.383249E-5	5.015672E-5
8.179182E1	1.397327E-5	5.032976E-5
8.189181E1	1.409906E-5	5.044866E-5
8.199180E1	1.416753E-5	5.054132E-5
8.209179E1	1.431114E-5	5.072244E-5
8.219178E1	1.438974E-5	5.067834E-5
8.229177E1	1.456930E-5	5.050833E-5
8.239176E1	1.459573E-5	5.060375E-5
8.249175E1	1.449670E-5	5.052991E-5
8.259174E1	1.447058E-5	5.051570E-5
8.269173E1	1.429747E-5	5.037135E-5
8.279172E1	1.446833E-5	5.031590E-5
8.289171E1	1.479936E-5	5.036542E-5
8.299170E1	1.466605E-5	5.015840E-5
8.309169E1	1.466337E-5	5.056235E-5
8.319168E1	1.468186E-5	5.057047E-5
8.329167E1	1.471618E-5	5.043622E-5
8.339166E1	1.444080E-5	5.030170E-5
8.349165E1	1.406704E-5	5.026060E-5
8.359164E1	1.424777E-5	5.028328E-5
8.369163E1	1.441403E-5	5.060924E-5
8.379162E1	1.447361E-5	5.081437E-5
8.389161E1	1.443117E-5	5.120925E-5
8.399160E1	1.457751E-5	5.108058E-5
8.409159E1	1.486360E-5	5.107441E-5
8.419158E1	1.503275E-5	5.062830E-5
8.429157E1	1.495510E-5	5.032643E-5
8.439156E1	1.481645E-5	5.044399E-5
8.449155E1	1.486350E-5	5.046606E-5
8.459154E1	1.489595E-5	5.057779E-5
8.469153E1	1.473795E-5	5.055057E-5
8.479152E1	1.468540E-5	5.071512E-5
8.489151E1	1.491009E-5	5.071888E-5
8.499150E1	1.499607E-5	5.050144E-5
8.509149E1	1.512892E-5	5.052567E-5
8.519148E1	1.497822E-5	5.062596E-5
8.529147E1	1.480957E-5	5.065466E-5
8.539146E1	1.473619E-5	5.088670E-5
8.549145E1	1.451865E-5	5.090940E-5
8.559144E1	1.442147E-5	5.084508E-5
8.569143E1	1.441281E-5	5.097079E-5
8.579142E1	1.437499E-5	5.126111E-5
8.589141E1	1.433702E-5	5.115216E-5
8.599140E1	1.406034E-5	5.101947E-5
8.609139E1	1.411881E-5	5.140361E-5
8.619138E1	1.419259E-5	5.164309E-5
8.629137E1	1.432275E-5	5.186701E-5
8.639136E1	1.432881E-5	5.194682E-5
8.649135E1	1.464120E-5	5.236696E-5
8.659134E1	1.505613E-5	5.217862E-5
8.669133E1	1.568910E-5	5.222004E-5
8.679132E1	1.600534E-5	5.240031E-5
8.689131E1	1.606359E-5	5.238329E-5
8.699130E1	1.620587E-5	5.226781E-5
8.709129E1	1.621105E-5	5.226212E-5
8.719128E1	1.618157E-5	5.217985E-5
8.729127E1	1.628449E-5	5.234171E-5
8.739126E1	1.640970E-5	5.221537E-5
8.749125E1	1.648102E-5	5.223786E-5
8.759124E1	1.647036E-5	5.230965E-5
8.769123E1	1.621346E-5	5.223140E-5
8.779122E1	1.609453E-5	5.221597E-5
8.789121E1	1.607108E-5	5.206867E-5
8.799120E1	1.590301E-5	5.196269E-5
8.809119E1	1.592208E-5	5.215843E-5
8.819118E1	1.595446E-5	5.235364E-5
8.829117E1	1.621105E-5	5.257304E-5
8.839116E1	1.611181E-5	5.236700E-5
8.849115E1	1.597337E-5	5.270576E-5
8.859114E1	1.604563E-5	5.316867E-5
8.869113E1	1.614745E-5	5.305165E-5
8.879112E1	1.626481E-5	5.316271E-5
8.889111E1	1.643538E-5	5.339288E-5
8.899110E1	1.644701E-5	5.317799E-5
8.909109E1	1.673359E-5	5.310643E-5
8.919108E1	1.678314E-5	5.334962E-5
8.929107E1	1.685876E-5	5.359685E-5
8.939106E1	1.676699E-5	5.355127E-5
8.949105E1	1.701042E-5	5.356981E-5
8.959104E1	1.694580E-5	5.325178E-5
8.969103E1	1.713486E-5	5.293343E-5
8.979102E1	1.721127E-5	5.288565E-5
8.989101E1	1.724755E-5	5.279639E-5
8.999100E1	1.716600E-5	5.290602E-5
9.009099E1	1.709930E-5	5.297447E-5
9.019098E1	1.710559E-5	5.332410E-5
9.029097E1	1.717064E-5	5.344776E-5
9.039096E1	1.744647E-5	5.370623E-5
9.049095E1	1.783898E-5	5.350454E-5
9.059094E1	1.783472E-5	5.369214E-5
9.069093E1	1.783176E-5	5.399580E-5
9.079092E1	1.796906E-5	5.417498E-5
9.089091E1	1.799875E-5	5.422904E-5
9.099090E1	1.844479E-5	5.432253E-5
9.109089E1	1.855854E-5	5.432085E-5
9.119088E1	1.838609E-5	5.439014E-5
9.129087E1	1.834954E-5	5.445190E-5
9.139086E1	1.850085E-5	5.426654E-5
9.149085E1	1.862803E-5	5.428322E-5
9.159084E1	1.877991E-5	5.437551E-5
9.169083E1	1.904268E-5	5.437094E-5
9.179082E1	1.901702E-5	5.436416E-5
9.189081E1	1.875649E-5	5.455471E-5
9.199080E1	1.880515E-5	5.439068E-5
9.209079E1	1.881091E-5	5.441115E-5
9.219078E1	1.891255E-5	5.462308E-5
9.229077E1	1.892166E-5	5.476644E-5
9.239076E1	1.882982E-5	5.481303E-5
9.249075E1	1.862456E-5	5.477310E-5
9.259074E1	1.844264E-5	5.488330E-5
9.269073E1	1.842572E-5	5.487726E-5
9.279072E1	1.850987E-5	5.476181E-5
9.289071E1	1.885038E-5	5.493567E-5
9.299070E1	1.900248E-5	5.491409E-5
9.309069E1	1.893362E-5	5.493913E-5
9.319068E1	1.904093E-5	5.477726E-5
9.329067E1	1.926580E-5	5.462886E-5
9.339066E1	1.938735E-5	5.470938E-5
9.349065E1	1.919097E-5	5.447659E-5
9.359064E1	1.918639E-5	5.462723E-5
9.369063E1	1.917348E-5	5.459008E-5
9.379062E1	1.915374E-5	5.451976E-5
9.389061E1	1.901104E-5	5.441727E-5
9.399060E1	1.878011E-5	5.435896E-5
9.409059E1	1.868287E-5	5.425696E-5
9.419058E1	1.817906E-5	5.447495E-5
9.429057E1	1.803316E-5	5.458395E-5
9.439056E1	1.809946E-5	5.472965E-5
9.449055E1	1.835459E-5	5.461046E-5
9.459054E1	1.828998E-5	5.436957E-5
9.469053E1	1.811609E-5	5.442075E-5
9.479052E1	1.833698E-5	5.453678E-5
9.489051E1	1.849123E-5	5.434443E-5
9.499050E1	1.876320E-5	5.427852E-5
9.509049E1	1.879516E-5	5.447338E-5
9.519048E1	1.897772E-5	5.448711E-5
9.529047E1	1.934620E-5	5.461974E-5
9.539046E1	1.942761E-5	5.498329E-5
9.549045E1	1.962962E-5	5.493066E-5
9.559044E1	1.972165E-5	5.484912E-5
9.569043E1	1.986782E-5	5.494300E-5
9.579042E1	1.966698E-5	5.514500E-5
9.589041E1	1.967051E-5	5.495622E-5
9.599040E1	1.968380E-5	5.491118E-5
9.609039E1	1.949254E-5	5.487388E-5
9.619038E1	1.975668E-5	5.487469E-5
9.629037E1	1.983038E-5	5.487397E-5
9.639036E1	1.973480E-5	5.492872E-5
9.649035E1	1.948040E-5	5.502133E-5
9.659034E1	1.931169E-5	5.527929E-5
9.669033E1	1.944514E-5	5.514863E-5
9.679032E1	1.936688E-5	5.498675E-5
9.689031E1	1.925869E-5	5.514277E-5
9.699030E1	1.915411E-5	5.530088E-5
9.709029E1	1.922636E-5	5.531138E-5
9.719028E1	1.919388E-5	5.523381E-5
9.729027E1	1.941845E-5	5.526249E-5
9.739026E1	1.955854E-5	5.533091E-5
9.749025E1	1.953607E-5	5.540379E-5
9.759024E1	1.951224E-5	5.510401E-5
9.769023E1	1.974228E-5	5.508913E-5
9.779022E1	1.988303E-5	5.505452E-5
9.789021E1	1.993099E-5	5.499764E-5
9.799020E1	2.010122E-5	5.513175E-5
9.809019E1	2.003443E-5	5.498180E-5
9.819018E1	2.015336E-5	5.500589E-5
9.829017E1	2.006131E-5	5.489861E-5
9.839016E1	2.020524E-5	5.518775E-5
9.849015E1	2.030754E-5	5.568661E-5
9.859014E1	2.025571E-5	5.603896E-5
9.869013E1	2.008839E-5	5.610885E-5
9.879012E1	2.007184E-5	5.606356E-5
9.889011E1	1.972098E-5	5.581427E-5
9.899010E1	1.935270E-5	5.581795E-5
9.909009E1	1.906063E-5	5.563923E-5
9.919008E1	1.860093E-5	5.602335E-5
9.929007E1	1.872981E-5	5.629788E-5
9.939006E1	1.888480E-5	5.632630E-5
9.949005E1	1.898967E-5	5.661959E-5
9.959004E1	1.921916E-5	5.651644E-5
9.969003E1	1.920126E-5	5.655035E-5
9.979002E1	1.940491E-5	5.614058E-5
9.989001E1	1.941469E-5	5.566798E-5
9.999000E1	1.949041E-5	5.568857E-5
1.000900E2	1.965076E-5	5.561965E-5
1.001900E2	2.003258E-5	5.577548E-5
1.002900E2	2.013827E-5	5.543444E-5
1.003900E2	2.022453E-5	5.496415E-5
1.004900E2	2.029394E-5	5.463676E-5
1.005899E2	2.008511E-5	5.463721E-5
1.006899E2	1.983862E-5	5.475712E-5
1.007899E2	1.965012E-5	5.481154E-5
1.008899E2	1.955247E-5	5.481240E-5
1.009899E2	1.933004E-5	5.480035E-5
1.010899E2	1.940362E-5	5.480580E-5
1.011899E2	1.958025E-5	5.478134E-5
1.012899E2	1.963304E-5	5.489957E-5
1.013899E2	1.959964E-5	5.489963E-5
1.014899E2	1.977527E-5	5.510976E-5
1.015898E2	1.970942E-5	5.521916E-5
1.016898E2	1.990883E-5	5.518630E-5
1.017898E2	2.014080E-5	5.546894E-5
1.018898E2	2.014127E-5	5.588087E-5
1.019898E2	2.032690E-5	5.624659E-5
1.020898E2	2.060449E-5	5.629816E-5
1.021898E2	2.052262E-5	5.625407E-5
1.022898E2	2.064392E-5	5.619269E-5
1.023898E2	2.087147E-5	5.625982E-5
1.024898E2	2.078773E-5	5.649597E-5
1.025897E2	2.060813E-5	5.645406E-5
1.026897E2	2.087784E-5	5.647885E-5
1.027897E2	2.107252E-5	5.651873E-5
1.028897E2	2.122250E-5	5.624837E-5
1.029897E2	2.132162E-5	5.585224E-5
1.030897E2	2.136369E-5	5.566304E-5
1.031897E2	2.127819E-5	5.558610E-5
1.032897E2	2.133443E-5	5.562244E-5
1.033897E2	2.130838E-5	5.564583E-5
1.034897E2	2.129148E-5	5.555155E-5
1.035896E2	2.115764E-5	5.567660E-5
1.036896E2	2.140280E-5	5.612991E-5
1.037896E2	2.168060E-5	5.630737E-5
1.038896E2	2.196934E-5	5.622261E-5
1.039896E2	2.240128E-5	5.584888E-5
1.040896E2	2.268061E-5	5.592001E-5
1.041896E2	2.277522E-5	5.586199E-5
1.042896E2	2.276499E-5	5.568342E-5
1.043896E2	2.295760E-5	5.554166E-5
1.044896E2	2.282969E-5	5.545485E-5
1.045895E2	2.258768E-5	5.546033E-5
1.046895E2	2.260393E-5	5.561834E-5
1.047895E2	2.283629E-5	5.590832E-5
1.048895E2	2.278979E-5	5.616938E-5
1.049895E2	2.276277E-5	5.614506E-5
1.050895E2	2.285475E-5	5.610733E-5
1.051895E2	2.292441E-5	5.645111E-5
1.052895E2	2.333923E-5	5.610463E-5
1.053895E2	2.356508E-5	5.609433E-5
1.054895E2	2.349864E-5	5.598745E-5
1.055894E2	2.355488E-5	5.618747E-5
1.056894E2	2.389623E-5	5.627829E-5
1.057894E2	2.378577E-5	5.653462E-5
1.058894E2	2.385869E-5	5.668025E-5
1.059894E2	2.377895E-5	5.666111E-5
1.060894E2	2.359136E-5	5.657540E-5
1.061894E2	2.356608E-5	5.653827E-5
1.062894E2	2.360435E-5	5.676766E-5
1.063894E2	2.334481E-5	5.695312E-5
1.064894E2	2.334338E-5	5.712949E-5
1.065893E2	2.350867E-5	5.691679E-5
1.066893E2	2.358273E-5	5.686317E-5
1.067893E2	2.373546E-5	5.671211E-5
1.068893E2	2.371680E-5	5.695050E-5
1.069893E2	2.357139E-5	5.728377E-5
1.070893E2	2.374202E-5	5.726941E-5
1.071893E2	2.376956E-5	5.722821E-5
1.072893E2	2.331930E-5	5.708013E-5
1.073893E2	2.280403E-5	5.705291E-5
1.074893E2	2.267948E-5	5.711007E-5
1.075892E2	2.263308E-5	5.719888E-5
1.076892E2	2.283097E-5	5.761542E-5
1.077892E2	2.309935E-5	5.779032E-5
1.078892E2	2.337029E-5	5.806024E-5
1.079892E2	2.330690E-5	5.817759E-5
1.080892E2	2.323847E-5	5.805234E-5
1.081892E2	2.348932E-5	5.804330E-5
1.082892E2	2.345497E-5	5.805797E-5
1.083892E2	2.335592E-5	5.805290E-5
1.084892E2	2.319210E-5	5.794052E-5
1.085891E2	2.353929E-5	5.783443E-5
1.086891E2	2.401693E-5	5.769322E-5
1.087891E2	2.420345E-5	5.760651E-5
1.088891E2	2.421826E-5	5.751613E-5
1.089891E2	2.451456E-5	5.721266E-5
1.090891E2	2.454039E-5	5.723839E-5
1.091891E2	2.460424E-5	5.702425E-5
1.092891E2	2.461617E-5	5.672014E-5
1.093891E2	2.441461E-5	5.660958E-5
1.094891E2	2.453743E-5	5.628575E-5
1.095890E2	2.460364E-5	5.627371E-5
1.096890E2	2.459440E-5	5.631781E-5
1.097890E2	2.456703E-5	5.615313E-5
1.098890E2	2.471739E-5	5.627303E-5
1.099890E2	2.487706E-5	5.663928E-5
1.100890E2	2.491475E-5	5.677503E-5
1.101890E2	2.471300E-5	5.645010E-5
1.102890E2	2.461739E-5	5.600687E-5
1.103890E2	2.459645E-5	5.571828E-5
1.104890E2	2.435313E-5	5.592714E-5
1.105889E2	2.440552E-5	5.603175E-5
1.106889E2	2.460468E-5	5.605052E-5
1.107889E2	2.443477E-5	5.626783E-5
1.108889E2	2.432445E-5	5.619823E-5
1.109889E2	2.415891E-5	5.622583E-5
1.110889E2	2.418915E-5	5.651902E-5
1.111889E2	2.427207E-5	5.631132E-5
1.112889E2	2.428203E-5	5.643022E-5
1.113889E2	2.441358E-5	5.651767E-5
1.114889E2	2.440278E-5	5.644557E-5
1.115888E2	2.458072E-5	5.648122E-5
1.116888E2	2.470222E-5	5.645805E-5
1.117888E2	2.474726E-5	5.626717E-5
1.118888E2	2.462468E-5	5.639290E-5
1.119888E2	2.466983E-5	5.624221E-5
1.120888E2	2.490837E-5	5.630968E-5
1.121888E2	2.499611E-5	5.645771E-5
1.122888E2	2.510045E-5	5.625934E-5
1.123888E2	2.498061E-5	5.612501E-5
1.124888E2	2.495496E-5	5.617075E-5
1.125887E2	2.518344E-5	5.610562E-5
1.126887E2	2.522407E-5	5.576085E-5
1.127887E2	2.516888E-5	5.576232E-5
1.128887E2	2.503691E-5	5.571441E-5
1.129887E2	2.490640E-5	5.556602E-5
1.130887E2	2.483813E-5	5.542550E-5
1.131887E2	2.462780E-5	5.514547E-5
1.132887E2	2.450035E-5	5.560503E-5
1.133887E2	2.425553E-5	5.592484E-5
1.134887E2	2.415961E-5	5.610855E-5
1.135886E2	2.424333E-5	5.598090E-5
1.136886E2	2.437622E-5	5.608781E-5
1.137886E2	2.452754E-5	5.648441E-5
1.138886E2	2.456862E-5	5.634806E-5
1.139886E2	2.472122E-5	5.645609E-5
1.140886E2	2.461124E-5	5.691098E-5
1.141886E2	2.451936E-5	5.701657E-5
1.142886E2	2.448079E-5	5.702807E-5
1.143886E2	2.423339E-5	5.723705E-5
1.144886E2	2.387603E-5	5.727961E-5
1.145885E2	2.371140E-5	5.729545E-5
1.146885E2	2.365644E-5	5.747370E-5
1.147885E2	2.350374E-5	5.778409E-5
1.148885E2	2.333428E-5	5.774694E-5
1.149885E2	2.332384E-5	5.758328E-5
1.150885E2	2.318137E-5	5.748927E-5
1.151885E2	2.324593E-5	5.723887E-5
1.152885E2	2.319815E-5	5.722175E-5
1.153885E2	2.315921E-5	5.720558E-5
1.154885E2	2.322223E-5	5.725823E-5
1.155884E2	2.334547E-5	5.730153E-5
1.156884E2	2.368285E-5	5.737942E-5
1.157884E2	2.370137E-5	5.728479E-5
1.158884E2	2.388505E-5	5.721800E-5
1.159884E2	2.388871E-5	5.730873E-5
1.160884E2	2.394128E-5	5.724893E-5
1.161884E2	2.392871E-5	5.742803E-5
1.162884E2	2.400385E-5	5.773053E-5
1.163884E2	2.396046E-5	5.773242E-5
1.164884E2	2.393365E-5	5.774832E-5
1.165883E2	2.398510E-5	5.786242E-5
1.166883E2	2.401444E-5	5.788530E-5
1.167883E2	2.396666E-5	5.778122E-5
1.168883E2	2.388760E-5	5.744873E-5
1.169883E2	2.394207E-5	5.726080E-5
1.170883E2	2.437420E-5	5.679969E-5
1.171883E2	2.438990E-5	5.674393E-5
1.172883E2	2.412841E-5	5.672893E-5
1.173883E2	2.414129E-5	5.697916E-5
1.174883E2	2.444250E-5	5.686129E-5
1.175882E2	2.460693E-5	5.647743E-5
1.176882E2	2.446941E-5	5.637515E-5
1.177882E2	2.434188E-5	5.636384E-5
1.178882E2	2.420376E-5	5.601762E-5
1.179882E2	2.415185E-5	5.565304E-5
1.180882E2	2.402183E-5	5.527414E-5
1.181882E2	2.376612E-5	5.508671E-5
1.182882E2	2.373835E-5	5.499881E-5
1.183882E2	2.370246E-5	5.506611E-5
1.184882E2	2.379949E-5	5.518211E-5
1.185881E2	2.399933E-5	5.528908E-5
1.186881E2	2.388150E-5	5.553580E-5
1.187881E2	2.400092E-5	5.549518E-5
1.188881E2	2.392985E-5	5.553004E-5
1.189881E2	2.424663E-5	5.567536E-5
1.190881E2	2.452281E-5	5.582568E-5
1.191881E2	2.453175E-5	5.576705E-5
1.192881E2	2.448657E-5	5.582653E-5
1.193881E2	2.449253E-5	5.571933E-5
1.194881E2	2.444792E-5	5.537177E-5
1.195880E2	2.488901E-5	5.519570E-5
1.196880E2	2.493411E-5	5.530511E-5
1.197880E2	2.483908E-5	5.520850E-5
1.198880E2	2.498799E-5	5.526986E-5
1.199880E2	2.501038E-5	5.533070E-5
1.200880E2	2.508676E-5	5.559065E-5
1.201880E2	2.517626E-5	5.552030E-5
1.202880E2	2.522916E-5	5.545401E-5
1.203880E2	2.530410E-5	5.532874E-5
1.204880E2	2.547579E-5	5.528787E-5
1.205879E2	2.533641E-5	5.524726E-5
1.206879E2	2.523014E-5	5.524537E-5
1.207879E2	2.507383E-5	5.530171E-5
1.208879E2	2.468901E-5	5.525036E-5
1.209879E2	2.450889E-5	5.541769E-5
1.210879E2	2.438219E-5	5.559141E-5
1.211879E2	2.425095E-5	5.570599E-5
1.212879E2	2.400737E-5	5.572073E-5
1.213879E2	2.372784E-5	5.552344E-5
1.214879E2	2.368705E-5	5.554773E-5
1.215878E2	2.391535E-5	5.573473E-5
1.216878E2	2.401497E-5	5.546293E-5
1.217878E2	2.396499E-5	5.531102E-5
1.218878E2	2.341006E-5	5.533100E-5
1.219878E2	2.309871E-5	5.549163E-5
1.220878E2	2.322926E-5	5.554589E-5
1.221878E2	2.338137E-5	5.547820E-5
1.222878E2	2.349822E-5	5.527448E-5
1.223878E2	2.348963E-5	5.521932E-5
1.224878E2	2.320314E-5	5.507033E-5
1.225877E2	2.335481E-5	5.517539E-5
1.226877E2	2.339663E-5	5.553385E-5
1.227877E2	2.338752E-5	5.549633E-5
1.228877E2	2.322783E-5	5.553799E-5
1.229877E2	2.331013E-5	5.578064E-5
1.230877E2	2.327407E-5	5.584904E-5
1.231877E2	2.308430E-5	5.604224E-5
1.232877E2	2.321623E-5	5.623922E-5
1.233877E2	2.332826E-5	5.621135E-5
1.234877E2	2.336688E-5	5.624089E-5
1.235876E2	2.347441E-5	5.618065E-5
1.236876E2	2.348095E-5	5.610760E-5
1.237876E2	2.341039E-5	5.575772E-5
1.238876E2	2.353711E-5	5.564793E-5
1.239876E2	2.399489E-5	5.556781E-5
1.240876E2	2.390994E-5	5.571149E-5
1.241876E2	2.383664E-5	5.568662E-5
1.242876E2	2.373368E-5	5.560113E-5
1.243876E2	2.341774E-5	5.559376E-5
1.244876E2	2.356423E-5	5.569130E-5
1.245875E2	2.376068E-5	5.590606E-5
1.246875E2	2.375374E-5	5.611494E-5
1.247875E2	2.352714E-5	5.594909E-5
1.248875E2	2.329100E-5	5.583138E-5
1.249875E2	2.329682E-5	5.587503E-5
1.250875E2	2.313776E-5	5.580843E-5
1.251875E2	2.304183E-5	5.570321E-5
1.252875E2	2.303376E-5	5.566686E-5
1.253875E2	2.297914E-5	5.544423E-5
1.254875E2	2.307579E-5	5.547587E-5
1.255874E2	2.315397E-5	5.536938E-5
1.256874E2	2.293663E-5	5.516866E-5
1.257874E2	2.313398E-5	5.515621E-5
1.258874E2	2.335363E-5	5.499127E-5
1.259874E2	2.375332E-5	5.481545E-5
1.260874E2	2.377045E-5	5.484564E-5
1.261874E2	2.382420E-5	5.500295E-5
1.262874E2	2.397906E-5	5.500766E-5
1.263874E2	2.377737E-5	5.500286E-5
1.264874E2	2.383248E-5	5.458336E-5
1.265873E2	2.385704E-5	5.433988E-5
1.266873E2	2.407074E-5	5.433344E-5
1.267873E2	2.410526E-5	5.431420E-5
1.268873E2	2.422608E-5	5.432163E-5
1.269873E2	2.433618E-5	5.411568E-5
1.270873E2	2.439096E-5	5.416985E-5
1.271873E2	2.447589E-5	5.428399E-5
1.272873E2	2.424256E-5	5.438156E-5
1.273873E2	2.420021E-5	5.437869E-5
1.274873E2	2.422403E-5	5.413740E-5
1.275872E2	2.410851E-5	5.364097E-5
1.276872E2	2.377811E-5	5.371771E-5
1.277872E2	2.381003E-5	5.360693E-5
1.278872E2	2.394544E-5	5.359109E-5
1.279872E2	2.394056E-5	5.361353E-5
1.280872E2	2.404260E-5	5.363202E-5
1.281872E2	2.409921E-5	5.348761E-5
1.282872E2	2.404370E-5	5.319256E-5
1.283872E2	2.391810E-5	5.320417E-5
1.284872E2	2.394458E-5	5.343840E-5
1.285871E2	2.381398E-5	5.340408E-5
1.286871E2	2.377889E-5	5.323819E-5
1.287871E2	2.335641E-5	5.319538E-5
1.288871E2	2.326795E-5	5.298399E-5
1.289871E2	2.330312E-5	5.269156E-5
1.290871E2	2.312722E-5	5.257577E-5
1.291871E2	2.295511E-5	5.281732E-5
1.292871E2	2.287032E-5	5.270438E-5
1.293871E2	2.271125E-5	5.258454E-5
1.294871E2	2.262660E-5	5.271288E-5
1.295870E2	2.286611E-5	5.274899E-5
1.296870E2	2.289975E-5	5.274622E-5
1.297870E2	2.265769E-5	5.276649E-5
1.298870E2	2.269703E-5	5.300713E-5
1.299870E2	2.262976E-5	5.325463E-5
1.300870E2	2.249624E-5	5.334215E-5
1.301870E2	2.251513E-5	5.314569E-5
1.302870E2	2.238981E-5	5.290354E-5
1.303870E2	2.218695E-5	5.299990E-5
1.304870E2	2.201756E-5	5.304706E-5
1.305869E2	2.174164E-5	5.306468E-5
1.306869E2	2.198139E-5	5.324278E-5
1.307869E2	2.206072E-5	5.332359E-5
1.308869E2	2.204090E-5	5.333097E-5
1.309869E2	2.178732E-5	5.351667E-5
1.310869E2	2.192384E-5	5.349457E-5
1.311869E2	2.193845E-5	5.350815E-5
1.312869E2	2.162381E-5	5.362051E-5
1.313869E2	2.155089E-5	5.364030E-5
1.314869E2	2.135024E-5	5.377166E-5
1.315868E2	2.121657E-5	5.373202E-5
1.316868E2	2.106128E-5	5.373536E-5
1.317868E2	2.093944E-5	5.372455E-5
1.318868E2	2.108240E-5	5.347573E-5
1.319868E2	2.105552E-5	5.343671E-5
1.320868E2	2.133401E-5	5.363290E-5
1.321868E2	2.157726E-5	5.329744E-5
1.322868E2	2.134817E-5	5.314682E-5
1.323868E2	2.135340E-5	5.315453E-5
1.324868E2	2.140655E-5	5.341998E-5
1.325867E2	2.146194E-5	5.344770E-5
1.326867E2	2.147986E-5	5.333654E-5
1.327867E2	2.185899E-5	5.337336E-5
1.328867E2	2.207449E-5	5.329287E-5
1.329867E2	2.212902E-5	5.342463E-5
1.330867E2	2.222651E-5	5.334428E-5
1.331867E2	2.230406E-5	5.329194E-5
1.332867E2	2.269912E-5	5.322444E-5
1.333867E2	2.267457E-5	5.306154E-5
1.334867E2	2.275322E-5	5.297251E-5
1.335866E2	2.298503E-5	5.283146E-5
1.336866E2	2.299272E-5	5.280438E-5
1.337866E2	2.279463E-5	5.292582E-5
1.338866E2	2.275390E-5	5.285951E-5
1.339866E2	2.293585E-5	5.282024E-5
1.340866E2	2.307637E-5	5.296284E-5
1.341866E2	2.290363E-5	5.314357E-5
1.342866E2	2.281714E-5	5.296268E-5
1.343866E2	2.271900E-5	5.304542E-5
1.344866E2	2.248785E-5	5.324025E-5
1.345865E2	2.247090E-5	5.319660E-5
1.346865E2	2.237297E-5	5.338534E-5
1.347865E2	2.239639E-5	5.347860E-5
1.348865E2	2.223313E-5	5.337450E-5
1.349865E2	2.233154E-5	5.337268E-5
1.350865E2	2.235639E-5	5.322143E-5
1.351865E2	2.255899E-5	5.311676E-5
1.352865E2	2.257301E-5	5.303574E-5
1.353865E2	2.246697E-5	5.297560E-5
1.354865E2	2.244508E-5	5.329340E-5
1.355864E2	2.249681E-5	5.340038E-5
1.356864E2	2.239069E-5	5.322677E-5
1.357864E2	2.219422E-5	5.331928E-5
1.358864E2	2.227801E-5	5.357548E-5
1.359864E2	2.214114E-5	5.341907E-5
1.360864E2	2.202882E-5	5.338069E-5
1.361864E2	2.208870E-5	5.339048E-5
1.362864E2	2.191781E-5	5.332801E-5
1.363864E2	2.204616E-5	5.335863E-5
1.364864E2	2.223239E-5	5.339026E-5
1.365863E2	2.258913E-5	5.349931E-5
1.366863E2	2.267216E-5	5.342561E-5
1.367863E2	2.268918E-5	5.331780E-5
1.368863E2	2.261651E-5	5.337946E-5
1.369863E2	2.278462E-5	5.348204E-5
1.370863E2	2.284093E-5	5.340431E-5
1.371863E2	2.277105E-5	5.349818E-5
1.372863E2	2.278784E-5	5.365459E-5
1.373863E2	2.263199E-5	5.373298E-5
1.374863E2	2.249364E-5	5.384484E-5
1.375862E2	2.252464E-5	5.385005E-5
1.376862E2	2.247911E-5	5.386308E-5
1.377862E2	2.238251E-5	5.378991E-5
1.378862E2	2.220940E-5	5.384376E-5
1.379862E2	2.221484E-5	5.376359E-5
1.380862E2	2.239969E-5	5.389020E-5
1.381862E2	2.232231E-5	5.365620E-5
1.382862E2	2.222762E-5	5.355573E-5
1.383862E2	2.228819E-5	5.352676E-5
1.384862E2	2.228009E-5	5.359426E-5
1.385861E2	2.229188E-5	5.367161E-5
1.386861E2	2.223278E-5	5.373165E-5
1.387861E2	2.196749E-5	5.365698E-5
1.388861E2	2.207701E-5	5.388577E-5
1.389861E2	2.251544E-5	5.389150E-5
1.390861E2	2.256403E-5	5.379145E-5
1.391861E2	2.269876E-5	5.400601E-5
1.392861E2	2.272275E-5	5.420125E-5
1.393861E2	2.284641E-5	5.422707E-5
1.394861E2	2.263053E-5	5.408254E-5
1.395860E2	2.253045E-5	5.390083E-5
1.396860E2	2.263735E-5	5.392031E-5
1.397860E2	2.279216E-5	5.383659E-5
1.398860E2	2.262882E-5	5.364599E-5
1.399860E2	2.237495E-5	5.360969E-5
1.400860E2	2.212089E-5	5.356093E-5
1.401860E2	2.213849E-5	5.370213E-5
1.402860E2	2.203700E-5	5.398378E-5
1.403860E2	2.185333E-5	5.389818E-5
1.404860E2	2.192724E-5	5.404267E-5
1.405859E2	2.185385E-5	5.403266E-5
1.406859E2	2.182611E-5	5.390406E-5
1.407859E2	2.182386E-5	5.377003E-5
1.408859E2	2.200321E-5	5.359559E-5
1.409859E2	2.205326E-5	5.359573E-5
1.410859E2	2.205353E-5	5.372598E-5
1.411859E2	2.181499E-5	5.383167E-5
1.412859E2	2.185573E-5	5.396231E-5
1.413859E2	2.184713E-5	5.404258E-5
1.414859E2	2.197790E-5	5.394701E-5
1.415858E2	2.198263E-5	5.399679E-5
1.416858E2	2.205088E-5	5.401861E-5
1.417858E2	2.189711E-5	5.373010E-5
1.418858E2	2.169883E-5	5.351132E-5
1.419858E2	2.152526E-5	5.373087E-5
1.420858E2	2.154444E-5	5.385030E-5
1.421858E2	2.144403E-5	5.372206E-5
1.422858E2	2.134719E-5	5.376532E-5
1.423858E2	2.159407E-5	5.378079E-5
1.424858E2	2.157718E-5	5.400734E-5
1.425857E2	2.145347E-5	5.395477E-5
1.426857E2	2.129702E-5	5.415944E-5
1.427857E2	2.114007E-5	5.423012E-5
1.428857E2	2.134264E-5	5.441455E-5
1.429857E2	2.138031E-5	5.423980E-5
1.430857E2	2.128427E-5	5.401902E-5
1.431857E2	2.136766E-5	5.375831E-5
1.432857E2	2.142493E-5	5.356822E-5
1.433857E2	2.167928E-5	5.342688E-5
1.434857E2	2.194635E-5	5.322837E-5
1.435856E2	2.192216E-5	5.331596E-5
1.436856E2	2.172686E-5	5.334297E-5
1.437856E2	2.152633E-5	5.322573E-5
1.438856E2	2.139696E-5	5.316095E-5
1.439856E2	2.149888E-5	5.310448E-5
1.440856E2	2.182608E-5	5.272751E-5
1.441856E2	2.195692E-5	5.266661E-5
1.442856E2	2.193601E-5	5.263072E-5
1.443856E2	2.196875E-5	5.280779E-5
1.444856E2	2.206962E-5	5.250471E-5
1.445855E2	2.218365E-5	5.243160E-5
1.446855E2	2.226004E-5	5.229868E-5
1.447855E2	2.247158E-5	5.247157E-5
1.448855E2	2.269041E-5	5.244921E-5
1.449855E2	2.291717E-5	5.238358E-5
1.450855E2	2.276543E-5	5.239341E-5
1.451855E2	2.233719E-5	5.240572E-5
1.452855E2	2.230009E-5	5.235192E-5
1.453855E2	2.247535E-5	5.229196E-5
1.454855E2	2.274200E-5	5.200482E-5
1.455854E2	2.296616E-5	5.201062E-5
1.456854E2	2.306671E-5	5.219880E-5
1.457854E2	2.297047E-5	5.229300E-5
1.458854E2	2.301499E-5	5.226597E-5
1.459854E2	2.296713E-5	5.236228E-5
1.460854E2	2.300014E-5	5.236110E-5
1.461854E2	2.307289E-5	5.249609E-5
1.462854E2	2.317413E-5	5.241937E-5
1.463854E2	2.310122E-5	5.256425E-5
1.464854E2	2.303777E-5	5.266429E-5
1.465853E2	2.304052E-5	5.240163E-5
1.466853E2	2.290891E-5	5.197082E-5
1.467853E2	2.303737E-5	5.175800E-5
1.468853E2	2.320862E-5	5.143705E-5
1.469853E2	2.333184E-5	5.164761E-5
1.470853E2	2.324538E-5	5.160745E-5
1.471853E2	2.314314E-5	5.154306E-5
1.472853E2	2.322704E-5	5.165335E-5
1.473853E2	2.352582E-5	5.175618E-5
1.474853E2	2.345809E-5	5.177495E-5
1.475852E2	2.328158E-5	5.181313E-5
1.476852E2	2.320909E-5	5.185124E-5
1.477852E2	2.344958E-5	5.220623E-5
1.478852E2	2.357868E-5	5.249675E-5
1.479852E2	2.376780E-5	5.277701E-5
1.480852E2	2.393666E-5	5.278024E-5
1.481852E2	2.422063E-5	5.281555E-5
1.482852E2	2.447019E-5	5.262107E-5
1.483852E2	2.456699E-5	5.256074E-5
1.484852E2	2.467098E-5	5.272137E-5
1.485851E2	2.459723E-5	5.257839E-5
1.486851E2	2.444406E-5	5.246595E-5
1.487851E2	2.429560E-5	5.244913E-5
1.488851E2	2.447619E-5	5.233892E-5
1.489851E2	2.484369E-5	5.236360E-5
1.490851E2	2.522285E-5	5.246424E-5
1.491851E2	2.518728E-5	5.234731E-5
1.492851E2	2.540689E-5	5.219538E-5
1.493851E2	2.560628E-5	5.210195E-5
1.494851E2	2.574162E-5	5.228572E-5
1.495850E2	2.590027E-5	5.241703E-5
1.496850E2	2.592573E-5	5.245103E-5
1.497850E2	2.593459E-5	5.251899E-5
1.498850E2	2.599541E-5	5.255653E-5
1.499850E2	2.589594E-5	5.286958E-5
1.500850E2	2.585610E-5	5.279333E-5
1.501850E2	2.598417E-5	5.270760E-5
1.502850E2	2.596153E-5	5.265565E-5
1.503850E2	2.597245E-5	5.266232E-5
1.504850E2	2.604621E-5	5.281175E-5
1.505849E2	2.602885E-5	5.287088E-5
1.506849E2	2.609375E-5	5.295181E-5
1.507849E2	2.618465E-5	5.299906E-5
1.508849E2	2.592519E-5	5.305108E-5
1.509849E2	2.573413E-5	5.299023E-5
1.510849E2	2.597240E-5	5.301671E-5
1.511849E2	2.611800E-5	5.298714E-5
1.512849E2	2.627771E-5	5.288891E-5
1.513849E2	2.634193E-5	5.293660E-5
1.514849E2	2.621868E-5	5.296980E-5
1.515848E2	2.589948E-5	5.291119E-5
1.516848E2	2.564071E-5	5.296187E-5
1.517848E2	2.554428E-5	5.319189E-5
1.518848E2	2.527482E-5	5.329960E-5
1.519848E2	2.524864E-5	5.321536E-5
1.520848E2	2.534715E-5	5.304007E-5
1.521848E2	2.541429E-5	5.281678E-5
1.522848E2	2.544179E-5	5.267859E-5
1.523848E2	2.548992E-5	5.251471E-5
1.524848E2	2.553308E-5	5.258827E-5
1.525847E2	2.544189E-5	5.279475E-5
1.526847E2	2.531498E-5	5.280675E-5
1.527847E2	2.526564E-5	5.276375E-5
1.528847E2	2.530594E-5	5.275955E-5
1.529847E2	2.524444E-5	5.279363E-5
1.530847E2	2.539799E-5	5.258309E-5
1.531847E2	2.547095E-5	5.246498E-5
1.532847E2	2.541053E-5	5.225821E-5
1.533847E2	2.531574E-5	5.221063E-5
1.534847E2	2.513379E-5	5.221546E-5
1.535846E2	2.493619E-5	5.208887E-5
1.536846E2	2.500020E-5	5.186191E-5
1.537846E2	2.487737E-5	5.201167E-5
1.538846E2	2.468168E-5	5.211633E-5
1.539846E2	2.458428E-5	5.199861E-5
1.540846E2	2.455333E-5	5.207618E-5
1.541846E2	2.436277E-5	5.211483E-5
1.542846E2	2.426964E-5	5.215485E-5
1.543846E2	2.425125E-5	5.224406E-5
1.544846E2	2.411686E-5	5.211689E-5
1.545845E2	2.415539E-5	5.212378E-5
1.546845E2	2.394442E-5	5.185650E-5
1.547845E2	2.396094E-5	5.174025E-5
1.548845E2	2.401104E-5	5.168989E-5
1.549845E2	2.400002E-5	5.167813E-5
1.550845E2	2.398368E-5	5.155318E-5
1.551845E2	2.401776E-5	5.166011E-5
1.552845E2	2.394490E-5	5.180357E-5
1.553845E2	2.402791E-5	5.189185E-5
1.554845E2	2.391875E-5	5.184525E-5
1.555844E2	2.379227E-5	5.199739E-5
1.556844E2	2.399817E-5	5.209976E-5
1.557844E2	2.407140E-5	5.202372E-5
1.558844E2	2.399780E-5	5.204454E-5
1.559844E2	2.383377E-5	5.207802E-5
1.560844E2	2.365554E-5	5.207936E-5
1.561844E2	2.347988E-5	5.229407E-5
1.562844E2	2.365152E-5	5.257997E-5
1.563844E2	2.361792E-5	5.263828E-5
1.564844E2	2.359476E-5	5.254050E-5
1.565843E2	2.370522E-5	5.240460E-5
1.566843E2	2.358689E-5	5.251113E-5
1.567843E2	2.359385E-5	5.271021E-5
1.568843E2	2.354151E-5	5.246230E-5
1.569843E2	2.364072E-5	5.248729E-5
1.570843E2	2.348177E-5	5.245649E-5
1.571843E2	2.356289E-5	5.235377E-5
1.572843E2	2.371201E-5	5.232290E-5
1.573843E2	2.352738E-5	5.258840E-5
1.574843E2	2.325020E-5	5.248438E-5
1.575842E2	2.325042E-5	5.234145E-5
1.576842E2	2.335706E-5	5.256864E-5
1.577842E2	2.351646E-5	5.296699E-5
1.578842E2	2.373175E-5	5.286568E-5
1.579842E2	2.370068E-5	5.308366E-5
1.580842E2	2.374121E-5	5.341183E-5
1.581842E2	2.364511E-5	5.351758E-5
1.582842E2	2.344458E-5	5.363631E-5
