0.000000E0	-3.360934E-5	-1.162540E-5
9.999000E-2	-3.337417E-5	-1.163150E-5
1.999800E-1	-3.316558E-5	-1.192600E-5
2.999700E-1	-3.311858E-5	-1.200530E-5
3.999600E-1	-3.294906E-5	-1.220272E-5
4.999500E-1	-3.283899E-5	-1.257566E-5
5.999400E-1	-3.317474E-5	-1.255091E-5
6.999300E-1	-3.351380E-5	-1.251454E-5
7.999200E-1	-3.350922E-5	-1.282520E-5
8.999100E-1	-3.325256E-5	-1.270493E-5
9.999000E-1	-3.318915E-5	-1.275833E-5
1.099890E0	-3.322295E-5	-1.256390E-5
1.199880E0	-3.337344E-5	-1.239040E-5
1.299870E0	-3.366584E-5	-1.216038E-5
1.399860E0	-3.371210E-5	-1.206834E-5
1.499850E0	-3.393342E-5	-1.193825E-5
1.599840E0	-3.378671E-5	-1.172050E-5
1.699830E0	-3.342808E-5	-1.141536E-5
1.799820E0	-3.338798E-5	-1.163992E-5
1.899810E0	-3.337125E-5	-1.160037E-5
1.999800E0	-3.332163E-5	-1.154732E-5
2.099790E0	-3.313209E-5	-1.162444E-5
2.199780E0	-3.318021E-5	-1.180969E-5
2.299770E0	-3.296876E-5	-1.210969E-5
2.399760E0	-3.324737E-5	-1.226006E-5
2.499750E0	-3.350668E-5	-1.182498E-5
2.599740E0	-3.337996E-5	-1.164613E-5
2.699730E0	-3.345674E-5	-1.173966E-5
2.799720E0	-3.344801E-5	-1.166163E-5
2.899710E0	-3.313678E-5	-1.165920E-5
2.999700E0	-3.269873E-5	-1.164352E-5
3.099690E0	-3.256325E-5	-1.157627E-5
3.199680E0	-3.260310E-5	-1.163944E-5
3.299670E0	-3.240700E-5	-1.175412E-5
3.399660E0	-3.238069E-5	-1.171927E-5
3.499650E0	-3.231831E-5	-1.157181E-5
3.599640E0	-3.235411E-5	-1.144745E-5
3.699630E0	-3.233901E-5	-1.159253E-5
3.799620E0	-3.223460E-5	-1.177903E-5
3.899610E0	-3.218861E-5	-1.194308E-5
3.999600E0	-3.229459E-5	-1.208989E-5
4.099590E0	-3.246536E-5	-1.212092E-5
4.199580E0	-3.231862E-5	-1.223525E-5
4.299570E0	-3.247182E-5	-1.234576E-5
4.399560E0	-3.267043E-5	-1.251138E-5
4.499550E0	-3.246066E-5	-1.255907E-5
4.599540E0	-3.246518E-5	-1.260160E-5
4.699530E0	-3.272915E-5	-1.247909E-5
4.799520E0	-3.276664E-5	-1.232113E-5
4.899510E0	-3.282433E-5	-1.240436E-5
4.999500E0	-3.291562E-5	-1.246469E-5
5.099490E0	-3.283501E-5	-1.246976E-5
5.199480E0	-3.289410E-5	-1.252078E-5
5.299470E0	-3.271630E-5	-1.260977E-5
5.399460E0	-3.280068E-5	-1.270023E-5
5.499450E0	-3.278223E-5	-1.298365E-5
5.599440E0	-3.274961E-5	-1.301177E-5
5.699430E0	-3.281089E-5	-1.303454E-5
5.799420E0	-3.278697E-5	-1.311426E-5
5.899410E0	-3.289186E-5	-1.309730E-5
5.999400E0	-3.296400E-5	-1.332045E-5
6.099390E0	-3.295081E-5	-1.330821E-5
6.199380E0	-3.299705E-5	-1.344661E-5
6.299370E0	-3.300017E-5	-1.351949E-5
6.399360E0	-3.286685E-5	-1.351719E-5
6.499350E0	-3.288890E-5	-1.355235E-5
6.599340E0	-3.270249E-5	-1.332326E-5
6.699330E0	-3.272091E-5	-1.309654E-5
6.799320E0	-3.255740E-5	-1.319257E-5
6.899310E0	-3.239676E-5	-1.329550E-5
6.999300E0	-3.252852E-5	-1.344943E-5
7.099290E0	-3.273168E-5	-1.365535E-5
7.199280E0	-3.285408E-5	-1.381123E-5
7.299270E0	-3.273903E-5	-1.375562E-5
7.399260E0	-3.275191E-5	-1.389649E-5
7.499250E0	-3.304423E-5	-1.388091E-5
7.599240E0	-3.323721E-5	-1.403012E-5
7.699230E0	-3.309600E-5	-1.405176E-5
7.799220E0	-3.282164E-5	-1.407131E-5
7.899210E0	-3.266470E-5	-1.403177E-5
7.999200E0	-3.263608E-5	-1.388727E-5
8.099190E0	-3.268429E-5	-1.354997E-5
8.199180E0	-3.252805E-5	-1.349136E-5
8.299170E0	-3.220498E-5	-1.311423E-5
8.399160E0	-3.228720E-5	-1.276577E-5
8.499150E0	-3.223782E-5	-1.282764E-5
8.599140E0	-3.222480E-5	-1.279090E-5
8.699130E0	-3.230782E-5	-1.295272E-5
8.799120E0	-3.216701E-5	-1.300833E-5
8.899110E0	-3.221900E-5	-1.274700E-5
8.999100E0	-3.222019E-5	-1.278068E-5
9.099090E0	-3.247766E-5	-1.265206E-5
9.199080E0	-3.248188E-5	-1.276837E-5
9.299070E0	-3.260162E-5	-1.281328E-5
9.399060E0	-3.255411E-5	-1.286142E-5
9.499050E0	-3.250271E-5	-1.285414E-5
9.599040E0	-3.230327E-5	-1.277253E-5
9.699030E0	-3.221578E-5	-1.270233E-5
9.799020E0	-3.206245E-5	-1.288645E-5
9.899010E0	-3.169227E-5	-1.293387E-5
9.999000E0	-3.165084E-5	-1.322788E-5
1.009899E1	-3.185764E-5	-1.342546E-5
1.019898E1	-3.188823E-5	-1.341574E-5
1.029897E1	-3.185803E-5	-1.355620E-5
1.039896E1	-3.174549E-5	-1.359729E-5
1.049895E1	-3.191016E-5	-1.391752E-5
1.059894E1	-3.193709E-5	-1.395494E-5
1.069893E1	-3.186120E-5	-1.396120E-5
1.079892E1	-3.160315E-5	-1.411654E-5
1.089891E1	-3.115097E-5	-1.405876E-5
1.099890E1	-3.096853E-5	-1.408750E-5
1.109889E1	-3.070282E-5	-1.409949E-5
1.119888E1	-3.057618E-5	-1.412635E-5
1.129887E1	-3.081876E-5	-1.423266E-5
1.139886E1	-3.093653E-5	-1.421280E-5
1.149885E1	-3.094370E-5	-1.431654E-5
1.159884E1	-3.098418E-5	-1.437628E-5
1.169883E1	-3.104338E-5	-1.456232E-5
1.179882E1	-3.088945E-5	-1.477049E-5
1.189881E1	-3.102420E-5	-1.451271E-5
1.199880E1	-3.097884E-5	-1.430341E-5
1.209879E1	-3.117114E-5	-1.409662E-5
1.219878E1	-3.138718E-5	-1.411641E-5
1.229877E1	-3.160451E-5	-1.445104E-5
1.239876E1	-3.155898E-5	-1.452516E-5
1.249875E1	-3.163242E-5	-1.446114E-5
1.259874E1	-3.164661E-5	-1.448368E-5
1.269873E1	-3.166649E-5	-1.427214E-5
1.279872E1	-3.165015E-5	-1.396338E-5
1.289871E1	-3.143696E-5	-1.376876E-5
1.299870E1	-3.137137E-5	-1.375940E-5
1.309869E1	-3.166289E-5	-1.373328E-5
1.319868E1	-3.160914E-5	-1.373432E-5
1.329867E1	-3.146368E-5	-1.367881E-5
1.339866E1	-3.165400E-5	-1.379669E-5
1.349865E1	-3.160374E-5	-1.375575E-5
1.359864E1	-3.141949E-5	-1.359189E-5
1.369863E1	-3.141168E-5	-1.336769E-5
1.379862E1	-3.146400E-5	-1.332722E-5
1.389861E1	-3.177727E-5	-1.347065E-5
1.399860E1	-3.183811E-5	-1.349073E-5
1.409859E1	-3.193082E-5	-1.325331E-5
1.419858E1	-3.204777E-5	-1.340885E-5
1.429857E1	-3.168565E-5	-1.347922E-5
1.439856E1	-3.169441E-5	-1.335064E-5
1.449855E1	-3.181991E-5	-1.314370E-5
1.459854E1	-3.201335E-5	-1.283071E-5
1.469853E1	-3.193014E-5	-1.265319E-5
1.479852E1	-3.191596E-5	-1.261953E-5
1.489851E1	-3.180954E-5	-1.253369E-5
1.499850E1	-3.196424E-5	-1.249004E-5
1.509849E1	-3.208678E-5	-1.256886E-5
1.519848E1	-3.218740E-5	-1.282089E-5
1.529847E1	-3.220093E-5	-1.289177E-5
1.539846E1	-3.212844E-5	-1.273689E-5
1.549845E1	-3.196436E-5	-1.267417E-5
1.559844E1	-3.214015E-5	-1.295114E-5
1.569843E1	-3.191332E-5	-1.324175E-5
1.579842E1	-3.183206E-5	-1.313983E-5
1.589841E1	-3.193746E-5	-1.321550E-5
1.599840E1	-3.189088E-5	-1.333490E-5
1.609839E1	-3.211442E-5	-1.317378E-5
1.619838E1	-3.230416E-5	-1.328701E-5
1.629837E1	-3.212383E-5	-1.349271E-5
1.639836E1	-3.210858E-5	-1.359366E-5
1.649835E1	-3.210329E-5	-1.366759E-5
1.659834E1	-3.241228E-5	-1.384406E-5
1.669833E1	-3.234906E-5	-1.379097E-5
1.679832E1	-3.238500E-5	-1.378301E-5
1.689831E1	-3.227615E-5	-1.365364E-5
1.699830E1	-3.233811E-5	-1.350136E-5
1.709829E1	-3.252570E-5	-1.336003E-5
1.719828E1	-3.265034E-5	-1.333302E-5
1.729827E1	-3.266063E-5	-1.331304E-5
1.739826E1	-3.286992E-5	-1.319411E-5
1.749825E1	-3.285678E-5	-1.310066E-5
1.759824E1	-3.264257E-5	-1.312030E-5
1.769823E1	-3.248281E-5	-1.327241E-5
1.779822E1	-3.228533E-5	-1.328435E-5
1.789821E1	-3.209049E-5	-1.363382E-5
1.799820E1	-3.208175E-5	-1.373373E-5
1.809819E1	-3.212521E-5	-1.343188E-5
1.819818E1	-3.230133E-5	-1.321267E-5
1.829817E1	-3.214891E-5	-1.304041E-5
1.839816E1	-3.207102E-5	-1.294794E-5
1.849815E1	-3.198185E-5	-1.294594E-5
1.859814E1	-3.226641E-5	-1.299451E-5
1.869813E1	-3.227705E-5	-1.305174E-5
1.879812E1	-3.220022E-5	-1.292388E-5
1.889811E1	-3.233245E-5	-1.272426E-5
1.899810E1	-3.228202E-5	-1.283708E-5
1.909809E1	-3.216886E-5	-1.283450E-5
1.919808E1	-3.210915E-5	-1.297608E-5
1.929807E1	-3.213590E-5	-1.299342E-5
1.939806E1	-3.221290E-5	-1.285257E-5
1.949805E1	-3.223048E-5	-1.286365E-5
1.959804E1	-3.212770E-5	-1.283974E-5
1.969803E1	-3.192852E-5	-1.271788E-5
1.979802E1	-3.190075E-5	-1.257330E-5
1.989801E1	-3.198793E-5	-1.243899E-5
1.999800E1	-3.204343E-5	-1.228394E-5
2.009799E1	-3.187870E-5	-1.200387E-5
2.019798E1	-3.169616E-5	-1.186222E-5
2.029797E1	-3.178835E-5	-1.208037E-5
2.039796E1	-3.170967E-5	-1.190025E-5
2.049795E1	-3.146030E-5	-1.210185E-5
2.059794E1	-3.141524E-5	-1.227722E-5
2.069793E1	-3.149672E-5	-1.218485E-5
2.079792E1	-3.144468E-5	-1.232561E-5
2.089791E1	-3.145209E-5	-1.227463E-5
2.099790E1	-3.143048E-5	-1.221781E-5
2.109789E1	-3.129880E-5	-1.215283E-5
2.119788E1	-3.123630E-5	-1.218702E-5
2.129787E1	-3.153137E-5	-1.210153E-5
2.139786E1	-3.157073E-5	-1.199300E-5
2.149785E1	-3.148856E-5	-1.222677E-5
2.159784E1	-3.129728E-5	-1.229948E-5
2.169783E1	-3.119911E-5	-1.245134E-5
2.179782E1	-3.145903E-5	-1.242659E-5
2.189781E1	-3.142236E-5	-1.211802E-5
2.199780E1	-3.142792E-5	-1.202794E-5
2.209779E1	-3.144266E-5	-1.216951E-5
2.219778E1	-3.142182E-5	-1.224804E-5
2.229777E1	-3.137419E-5	-1.237580E-5
2.239776E1	-3.121897E-5	-1.254348E-5
2.249775E1	-3.097005E-5	-1.263974E-5
2.259774E1	-3.075396E-5	-1.255138E-5
2.269773E1	-3.093613E-5	-1.246412E-5
2.279772E1	-3.119296E-5	-1.236508E-5
2.289771E1	-3.107450E-5	-1.216657E-5
2.299770E1	-3.110981E-5	-1.213978E-5
2.309769E1	-3.123438E-5	-1.214495E-5
2.319768E1	-3.124273E-5	-1.207204E-5
2.329767E1	-3.116873E-5	-1.204952E-5
2.339766E1	-3.100739E-5	-1.182096E-5
2.349765E1	-3.121245E-5	-1.164267E-5
2.359764E1	-3.110073E-5	-1.161597E-5
2.369763E1	-3.108576E-5	-1.181332E-5
2.379762E1	-3.104894E-5	-1.200236E-5
2.389761E1	-3.100851E-5	-1.213186E-5
2.399760E1	-3.082555E-5	-1.234250E-5
2.409759E1	-3.067741E-5	-1.242774E-5
2.419758E1	-3.079516E-5	-1.244733E-5
2.429757E1	-3.080448E-5	-1.274081E-5
2.439756E1	-3.078198E-5	-1.277184E-5
2.449755E1	-3.075539E-5	-1.290155E-5
2.459754E1	-3.082106E-5	-1.272031E-5
2.469753E1	-3.082378E-5	-1.246842E-5
2.479752E1	-3.070726E-5	-1.214309E-5
2.489751E1	-3.067532E-5	-1.186961E-5
2.499750E1	-3.046384E-5	-1.167166E-5
2.509749E1	-3.046722E-5	-1.160022E-5
2.519748E1	-3.025147E-5	-1.154175E-5
2.529747E1	-3.035458E-5	-1.154990E-5
2.539746E1	-3.055732E-5	-1.150246E-5
2.549745E1	-3.055864E-5	-1.163245E-5
2.559744E1	-3.051758E-5	-1.137756E-5
2.569743E1	-3.048849E-5	-1.124492E-5
2.579742E1	-3.024687E-5	-1.118423E-5
2.589741E1	-3.022904E-5	-1.123113E-5
2.599740E1	-3.027959E-5	-1.111901E-5
2.609739E1	-3.014011E-5	-1.137954E-5
2.619738E1	-3.004842E-5	-1.153215E-5
2.629737E1	-2.996522E-5	-1.154807E-5
2.639736E1	-3.019036E-5	-1.145380E-5
2.649735E1	-3.026595E-5	-1.135011E-5
2.659734E1	-3.029375E-5	-1.127415E-5
2.669733E1	-3.022700E-5	-1.119240E-5
2.679732E1	-3.023781E-5	-1.140056E-5
2.689731E1	-3.017016E-5	-1.152503E-5
2.699730E1	-3.018893E-5	-1.148543E-5
2.709729E1	-3.003668E-5	-1.136790E-5
2.719728E1	-2.999940E-5	-1.117958E-5
2.729727E1	-3.016795E-5	-1.116539E-5
2.739726E1	-3.021612E-5	-1.105472E-5
2.749725E1	-3.015661E-5	-1.120202E-5
2.759724E1	-3.017963E-5	-1.102950E-5
2.769723E1	-3.047651E-5	-1.112872E-5
2.779722E1	-3.052578E-5	-1.138727E-5
2.789721E1	-3.056112E-5	-1.139854E-5
2.799720E1	-3.064688E-5	-1.131890E-5
2.809719E1	-3.050698E-5	-1.121567E-5
2.819718E1	-3.033885E-5	-1.134780E-5
2.829717E1	-3.019154E-5	-1.165295E-5
2.839716E1	-3.036051E-5	-1.167835E-5
2.849715E1	-3.057722E-5	-1.154991E-5
2.859714E1	-3.053014E-5	-1.164046E-5
2.869713E1	-3.043127E-5	-1.159314E-5
2.879712E1	-3.042941E-5	-1.157485E-5
2.889711E1	-3.030847E-5	-1.182349E-5
2.899710E1	-3.029905E-5	-1.168127E-5
2.909709E1	-3.018732E-5	-1.164165E-5
2.919708E1	-3.032948E-5	-1.160539E-5
2.929707E1	-3.028305E-5	-1.162365E-5
2.939706E1	-3.021129E-5	-1.130502E-5
2.949705E1	-2.998228E-5	-1.128388E-5
2.959704E1	-2.988106E-5	-1.090818E-5
2.969703E1	-2.976134E-5	-1.078763E-5
2.979702E1	-2.984839E-5	-1.068569E-5
2.989701E1	-2.987079E-5	-1.039752E-5
2.999700E1	-3.003511E-5	-1.038808E-5
3.009699E1	-2.999055E-5	-1.044296E-5
3.019698E1	-2.999617E-5	-1.022656E-5
3.029697E1	-3.007344E-5	-1.022044E-5
3.039696E1	-2.995341E-5	-1.023721E-5
3.049695E1	-2.997006E-5	-9.998650E-6
3.059694E1	-3.015566E-5	-9.663762E-6
3.069693E1	-3.015040E-5	-9.396543E-6
3.079692E1	-3.006766E-5	-9.296407E-6
3.089691E1	-2.985549E-5	-9.224338E-6
3.099690E1	-2.965362E-5	-8.970174E-6
3.109689E1	-2.973598E-5	-9.257629E-6
3.119688E1	-2.967393E-5	-9.482155E-6
3.129687E1	-2.960452E-5	-9.328987E-6
3.139686E1	-2.934857E-5	-9.224927E-6
3.149685E1	-2.912448E-5	-9.387026E-6
3.159684E1	-2.919645E-5	-9.404564E-6
3.169683E1	-2.923730E-5	-9.447935E-6
3.179682E1	-2.914394E-5	-9.173259E-6
3.189681E1	-2.907814E-5	-9.153683E-6
3.199680E1	-2.929464E-5	-9.152363E-6
3.209679E1	-2.930327E-5	-9.144886E-6
3.219678E1	-2.957011E-5	-8.956225E-6
3.229677E1	-2.972725E-5	-8.894888E-6
3.239676E1	-2.975213E-5	-9.079646E-6
3.249675E1	-2.979725E-5	-9.096018E-6
3.259674E1	-2.983526E-5	-8.947008E-6
3.269673E1	-3.017790E-5	-8.934282E-6
3.279672E1	-3.022960E-5	-8.986581E-6
3.289671E1	-3.033352E-5	-9.153879E-6
3.299670E1	-3.043590E-5	-9.223014E-6
3.309669E1	-3.032573E-5	-9.309811E-6
3.319668E1	-3.041072E-5	-9.491846E-6
3.329667E1	-3.069059E-5	-9.474268E-6
3.339666E1	-3.065401E-5	-9.191711E-6
3.349665E1	-3.068785E-5	-8.880607E-6
3.359664E1	-3.075926E-5	-8.566789E-6
3.369663E1	-3.067329E-5	-8.483354E-6
3.379662E1	-3.070331E-5	-8.366274E-6
3.389661E1	-3.055931E-5	-8.267460E-6
3.399660E1	-3.046593E-5	-8.225098E-6
3.409659E1	-3.044965E-5	-8.214498E-6
3.419658E1	-3.049102E-5	-8.224063E-6
3.429657E1	-3.030408E-5	-8.366254E-6
3.439656E1	-3.040991E-5	-8.406783E-6
3.449655E1	-3.018662E-5	-8.217229E-6
3.459654E1	-3.013052E-5	-8.037601E-6
3.469653E1	-2.990211E-5	-7.994655E-6
3.479652E1	-2.975663E-5	-8.280540E-6
3.489651E1	-2.962951E-5	-8.061589E-6
3.499650E1	-2.944228E-5	-8.027228E-6
3.509649E1	-2.957379E-5	-7.865943E-6
3.519648E1	-2.985126E-5	-7.978112E-6
3.529647E1	-2.974355E-5	-7.998211E-6
3.539646E1	-2.972612E-5	-8.094658E-6
3.549645E1	-2.978505E-5	-8.030447E-6
3.559644E1	-3.002324E-5	-7.840672E-6
3.569643E1	-3.027728E-5	-7.562073E-6
3.579642E1	-3.025350E-5	-7.575995E-6
3.589641E1	-3.028853E-5	-7.902598E-6
3.599640E1	-3.032667E-5	-7.866141E-6
3.609639E1	-3.023041E-5	-7.728945E-6
3.619638E1	-3.003900E-5	-7.505525E-6
3.629637E1	-3.015513E-5	-7.441887E-6
3.639636E1	-2.996881E-5	-7.405494E-6
3.649635E1	-2.992870E-5	-7.403010E-6
3.659634E1	-3.008593E-5	-7.524638E-6
3.669633E1	-3.011031E-5	-7.479449E-6
3.679632E1	-3.020985E-5	-7.192392E-6
3.689631E1	-3.026736E-5	-6.944100E-6
3.699630E1	-3.007003E-5	-7.082226E-6
3.709629E1	-2.985576E-5	-7.085204E-6
3.719628E1	-2.969427E-5	-6.996096E-6
3.729627E1	-2.954112E-5	-7.132338E-6
3.739626E1	-2.924352E-5	-7.129134E-6
3.749625E1	-2.925448E-5	-7.118655E-6
3.759624E1	-2.932355E-5	-7.112147E-6
3.769623E1	-2.940937E-5	-6.939610E-6
3.779622E1	-2.940105E-5	-6.903456E-6
3.789621E1	-2.954639E-5	-6.723720E-6
3.799620E1	-2.953307E-5	-6.539532E-6
3.809619E1	-2.956553E-5	-6.646557E-6
3.819618E1	-2.930193E-5	-6.855468E-6
3.829617E1	-2.921507E-5	-6.741746E-6
3.839616E1	-2.922466E-5	-6.839591E-6
3.849615E1	-2.913561E-5	-6.777112E-6
3.859614E1	-2.916634E-5	-6.636913E-6
3.869613E1	-2.918327E-5	-6.707190E-6
3.879612E1	-2.940535E-5	-6.617459E-6
3.889611E1	-2.933712E-5	-6.487226E-6
3.899610E1	-2.934139E-5	-6.303745E-6
3.909609E1	-2.915378E-5	-6.338919E-6
3.919608E1	-2.897795E-5	-6.381623E-6
3.929607E1	-2.886926E-5	-6.452354E-6
3.939606E1	-2.889161E-5	-6.420766E-6
3.949605E1	-2.893203E-5	-6.380664E-6
3.959604E1	-2.884552E-5	-6.389390E-6
3.969603E1	-2.865421E-5	-6.464537E-6
3.979602E1	-2.861198E-5	-6.548098E-6
3.989601E1	-2.855489E-5	-6.649672E-6
3.999600E1	-2.858030E-5	-6.646363E-6
4.009599E1	-2.863661E-5	-6.628757E-6
4.019598E1	-2.869512E-5	-6.752196E-6
4.029597E1	-2.855521E-5	-6.923829E-6
4.039596E1	-2.881247E-5	-6.942112E-6
4.049595E1	-2.887895E-5	-6.837950E-6
4.059594E1	-2.894115E-5	-6.823331E-6
4.069593E1	-2.895146E-5	-7.001675E-6
4.079592E1	-2.893081E-5	-6.990440E-6
4.089591E1	-2.887131E-5	-6.867267E-6
4.099590E1	-2.900909E-5	-7.038497E-6
4.109589E1	-2.895543E-5	-6.977181E-6
4.119588E1	-2.913025E-5	-7.011002E-6
4.129587E1	-2.902198E-5	-6.837352E-6
4.139586E1	-2.876993E-5	-6.865479E-6
4.149585E1	-2.899041E-5	-6.777921E-6
4.159584E1	-2.921248E-5	-6.604036E-6
4.169583E1	-2.925167E-5	-6.435161E-6
4.179582E1	-2.926216E-5	-6.419403E-6
4.189581E1	-2.910857E-5	-6.387663E-6
4.199580E1	-2.911300E-5	-6.122443E-6
4.209579E1	-2.937543E-5	-5.812817E-6
4.219578E1	-2.929192E-5	-5.833418E-6
4.229577E1	-2.923308E-5	-6.035955E-6
4.239576E1	-2.914265E-5	-6.117530E-6
4.249575E1	-2.915978E-5	-6.129513E-6
4.259574E1	-2.903483E-5	-6.159040E-6
4.269573E1	-2.902627E-5	-6.016987E-6
4.279572E1	-2.906531E-5	-5.701092E-6
4.289571E1	-2.903912E-5	-5.437505E-6
4.299570E1	-2.865100E-5	-5.496172E-6
4.309569E1	-2.839701E-5	-5.555927E-6
4.319568E1	-2.836925E-5	-5.504217E-6
4.329567E1	-2.856501E-5	-5.781300E-6
4.339566E1	-2.884357E-5	-6.071536E-6
4.349565E1	-2.912618E-5	-6.262819E-6
4.359564E1	-2.922942E-5	-6.332861E-6
4.369563E1	-2.917458E-5	-6.290879E-6
4.379562E1	-2.923937E-5	-6.270349E-6
4.389561E1	-2.931363E-5	-6.191086E-6
4.399560E1	-2.947800E-5	-6.164190E-6
4.409559E1	-2.960955E-5	-6.081278E-6
4.419558E1	-2.970996E-5	-5.972638E-6
4.429557E1	-2.981076E-5	-5.964775E-6
4.439556E1	-2.966418E-5	-5.955583E-6
4.449555E1	-2.972411E-5	-6.036931E-6
4.459554E1	-3.004245E-5	-6.237927E-6
4.469553E1	-2.996688E-5	-6.413054E-6
4.479552E1	-2.979797E-5	-6.568888E-6
4.489551E1	-2.967186E-5	-6.533296E-6
4.499550E1	-2.936835E-5	-6.307521E-6
4.509549E1	-2.949593E-5	-6.255863E-6
4.519548E1	-2.936618E-5	-6.342111E-6
4.529547E1	-2.910028E-5	-6.431970E-6
4.539546E1	-2.910209E-5	-6.262035E-6
4.549545E1	-2.918694E-5	-6.146716E-6
4.559544E1	-2.915421E-5	-6.223443E-6
4.569543E1	-2.892121E-5	-6.268044E-6
4.579542E1	-2.874700E-5	-6.526073E-6
4.589541E1	-2.848386E-5	-6.630306E-6
4.599540E1	-2.824759E-5	-6.443541E-6
4.609539E1	-2.792562E-5	-6.703693E-6
4.619538E1	-2.767893E-5	-6.850395E-6
4.629537E1	-2.750841E-5	-6.842184E-6
4.639536E1	-2.760575E-5	-6.827086E-6
4.649535E1	-2.763163E-5	-6.554171E-6
4.659534E1	-2.770897E-5	-6.512946E-6
4.669533E1	-2.800947E-5	-6.644945E-6
4.679532E1	-2.821199E-5	-6.859583E-6
4.689531E1	-2.833202E-5	-7.074975E-6
4.699530E1	-2.833014E-5	-7.305520E-6
4.709529E1	-2.802132E-5	-7.300562E-6
4.719528E1	-2.793965E-5	-7.196336E-6
4.729527E1	-2.794246E-5	-7.350922E-6
4.739526E1	-2.803025E-5	-7.140572E-6
4.749525E1	-2.789285E-5	-7.170991E-6
4.759524E1	-2.803214E-5	-7.289677E-6
4.769523E1	-2.811237E-5	-7.156736E-6
4.779522E1	-2.784392E-5	-7.300318E-6
4.789521E1	-2.769269E-5	-7.215763E-6
4.799520E1	-2.751219E-5	-7.440122E-6
4.809519E1	-2.737660E-5	-7.721141E-6
4.819518E1	-2.718848E-5	-7.593175E-6
4.829517E1	-2.697647E-5	-7.285935E-6
4.839516E1	-2.697833E-5	-6.962060E-6
4.849515E1	-2.698330E-5	-6.931968E-6
4.859514E1	-2.692042E-5	-6.838735E-6
4.869513E1	-2.690232E-5	-6.932096E-6
4.879512E1	-2.716185E-5	-6.997250E-6
4.889511E1	-2.735048E-5	-6.715387E-6
4.899510E1	-2.725027E-5	-6.399944E-6
4.909509E1	-2.708909E-5	-6.382076E-6
4.919508E1	-2.692669E-5	-6.566658E-6
4.929507E1	-2.714628E-5	-6.650282E-6
4.939506E1	-2.725019E-5	-6.560986E-6
4.949505E1	-2.733809E-5	-6.694927E-6
4.959504E1	-2.739486E-5	-6.571757E-6
4.969503E1	-2.727929E-5	-6.711463E-6
4.979502E1	-2.733150E-5	-6.873115E-6
4.989501E1	-2.731857E-5	-7.107008E-6
4.999500E1	-2.753335E-5	-7.115412E-6
5.009499E1	-2.753520E-5	-7.087243E-6
5.019498E1	-2.781446E-5	-6.895846E-6
5.029497E1	-2.809118E-5	-6.656511E-6
5.039496E1	-2.806716E-5	-6.762874E-6
5.049495E1	-2.818554E-5	-6.909670E-6
5.059494E1	-2.827826E-5	-6.782487E-6
5.069493E1	-2.848401E-5	-6.935210E-6
5.079492E1	-2.852562E-5	-6.847251E-6
5.089491E1	-2.873699E-5	-6.757570E-6
5.099490E1	-2.900312E-5	-6.535063E-6
5.109489E1	-2.905640E-5	-6.339236E-6
5.119488E1	-2.897872E-5	-6.208112E-6
5.129487E1	-2.913044E-5	-6.171851E-6
5.139486E1	-2.930676E-5	-6.134678E-6
5.149485E1	-2.902824E-5	-6.161772E-6
5.159484E1	-2.859244E-5	-6.467719E-6
5.169483E1	-2.851781E-5	-6.473397E-6
5.179482E1	-2.854103E-5	-6.399410E-6
5.189481E1	-2.852962E-5	-6.216230E-6
5.199480E1	-2.830431E-5	-6.315114E-6
5.209479E1	-2.813096E-5	-6.182462E-6
5.219478E1	-2.806830E-5	-6.442251E-6
5.229477E1	-2.809189E-5	-6.517536E-6
5.239476E1	-2.823342E-5	-6.483431E-6
5.249475E1	-2.805743E-5	-6.336714E-6
5.259474E1	-2.813652E-5	-5.964715E-6
5.269473E1	-2.773063E-5	-5.878721E-6
5.279472E1	-2.726706E-5	-5.810546E-6
5.289471E1	-2.729937E-5	-5.710138E-6
5.299470E1	-2.720503E-5	-5.588715E-6
5.309469E1	-2.707011E-5	-5.600002E-6
5.319468E1	-2.703527E-5	-5.623195E-6
5.329467E1	-2.722327E-5	-5.435543E-6
5.339466E1	-2.729351E-5	-5.256543E-6
5.349465E1	-2.733326E-5	-5.084665E-6
5.359464E1	-2.735680E-5	-5.063664E-6
5.369463E1	-2.734886E-5	-4.989677E-6
5.379462E1	-2.703300E-5	-5.044343E-6
5.389461E1	-2.681974E-5	-5.111314E-6
5.399460E1	-2.661542E-5	-4.863739E-6
5.409459E1	-2.638186E-5	-4.853265E-6
5.419458E1	-2.604570E-5	-5.011846E-6
5.429457E1	-2.618604E-5	-4.816706E-6
5.439456E1	-2.608837E-5	-4.686105E-6
5.449455E1	-2.579415E-5	-4.828786E-6
5.459454E1	-2.572871E-5	-5.033443E-6
5.469453E1	-2.570656E-5	-5.108529E-6
5.479452E1	-2.601457E-5	-5.106606E-6
5.489451E1	-2.603989E-5	-5.078118E-6
5.499450E1	-2.623375E-5	-5.036274E-6
5.509449E1	-2.619699E-5	-5.134798E-6
5.519448E1	-2.615776E-5	-4.956099E-6
5.529447E1	-2.614501E-5	-4.791032E-6
5.539446E1	-2.610040E-5	-4.859393E-6
5.549445E1	-2.610163E-5	-5.026863E-6
5.559444E1	-2.611914E-5	-5.189780E-6
5.569443E1	-2.611407E-5	-5.288046E-6
5.579442E1	-2.642452E-5	-5.262710E-6
5.589441E1	-2.664048E-5	-5.222633E-6
5.599440E1	-2.680953E-5	-5.141367E-6
5.609439E1	-2.692551E-5	-5.065617E-6
5.619438E1	-2.696160E-5	-4.852826E-6
5.629437E1	-2.683514E-5	-4.737960E-6
5.639436E1	-2.691776E-5	-4.802492E-6
5.649435E1	-2.694623E-5	-4.713254E-6
5.659434E1	-2.685590E-5	-4.339213E-6
5.669433E1	-2.667071E-5	-4.290706E-6
5.679432E1	-2.657553E-5	-4.483170E-6
5.689431E1	-2.641221E-5	-4.657611E-6
5.699430E1	-2.667048E-5	-4.721113E-6
5.709429E1	-2.683004E-5	-4.801141E-6
5.719428E1	-2.681446E-5	-4.958620E-6
5.729427E1	-2.659343E-5	-4.781473E-6
5.739426E1	-2.636955E-5	-4.561415E-6
5.749425E1	-2.620833E-5	-4.314497E-6
5.759424E1	-2.614550E-5	-4.240835E-6
5.769423E1	-2.639803E-5	-4.047121E-6
5.779422E1	-2.629741E-5	-4.249169E-6
5.789421E1	-2.626965E-5	-4.403774E-6
5.799420E1	-2.636661E-5	-4.426682E-6
5.809419E1	-2.632510E-5	-4.359739E-6
5.819418E1	-2.641806E-5	-4.405870E-6
5.829417E1	-2.623740E-5	-4.410765E-6
5.839416E1	-2.614667E-5	-4.317922E-6
5.849415E1	-2.619152E-5	-4.753900E-6
5.859414E1	-2.633065E-5	-4.504680E-6
5.869413E1	-2.604046E-5	-4.659861E-6
5.879412E1	-2.628314E-5	-4.883530E-6
5.889411E1	-2.604483E-5	-5.178674E-6
5.899410E1	-2.616999E-5	-5.258098E-6
5.909409E1	-2.630575E-5	-5.106315E-6
5.919408E1	-2.612850E-5	-5.007542E-6
5.929407E1	-2.615784E-5	-4.853260E-6
5.939406E1	-2.621282E-5	-5.031502E-6
5.949405E1	-2.642782E-5	-4.865366E-6
5.959404E1	-2.643676E-5	-4.805807E-6
5.969403E1	-2.653526E-5	-4.634366E-6
5.979402E1	-2.674933E-5	-4.515562E-6
5.989401E1	-2.698412E-5	-4.535501E-6
5.999400E1	-2.708720E-5	-4.607231E-6
6.009399E1	-2.687367E-5	-4.586441E-6
6.019398E1	-2.708005E-5	-4.494766E-6
6.029397E1	-2.691982E-5	-4.698323E-6
6.039396E1	-2.696324E-5	-4.596719E-6
6.049395E1	-2.671128E-5	-4.353528E-6
6.059394E1	-2.669647E-5	-4.148673E-6
6.069393E1	-2.681797E-5	-4.077824E-6
6.079392E1	-2.688078E-5	-3.910232E-6
6.089391E1	-2.692170E-5	-3.841604E-6
6.099390E1	-2.711783E-5	-3.882191E-6
6.109389E1	-2.722392E-5	-3.863264E-6
6.119388E1	-2.731482E-5	-4.069848E-6
6.129387E1	-2.732699E-5	-4.106759E-6
6.139386E1	-2.741147E-5	-4.286549E-6
6.149385E1	-2.717103E-5	-4.587280E-6
6.159384E1	-2.715901E-5	-4.654931E-6
6.169383E1	-2.735428E-5	-4.833995E-6
6.179382E1	-2.738324E-5	-5.400980E-6
6.189381E1	-2.742509E-5	-5.779077E-6
6.199380E1	-2.739550E-5	-6.019184E-6
6.209379E1	-2.736833E-5	-5.976186E-6
6.219378E1	-2.743912E-5	-6.100218E-6
6.229377E1	-2.754496E-5	-6.119003E-6
6.239376E1	-2.732653E-5	-6.176170E-6
6.249375E1	-2.730680E-5	-6.092213E-6
6.259374E1	-2.719525E-5	-6.296241E-6
6.269373E1	-2.721885E-5	-6.248015E-6
6.279372E1	-2.703042E-5	-6.110355E-6
6.289371E1	-2.681282E-5	-6.090896E-6
6.299370E1	-2.658203E-5	-6.010181E-6
6.309369E1	-2.626099E-5	-5.897073E-6
6.319368E1	-2.626615E-5	-6.016732E-6
6.329367E1	-2.604529E-5	-6.117315E-6
6.339366E1	-2.582930E-5	-6.108937E-6
6.349365E1	-2.586147E-5	-6.071758E-6
6.359364E1	-2.587645E-5	-6.023467E-6
6.369363E1	-2.575255E-5	-6.102667E-6
6.379362E1	-2.578480E-5	-6.017865E-6
6.389361E1	-2.573197E-5	-6.096900E-6
6.399360E1	-2.575336E-5	-6.063302E-6
6.409359E1	-2.580775E-5	-6.176595E-6
6.419358E1	-2.589430E-5	-6.097995E-6
6.429357E1	-2.600207E-5	-6.105282E-6
6.439356E1	-2.620650E-5	-6.259177E-6
6.449355E1	-2.629308E-5	-6.450054E-6
6.459354E1	-2.626763E-5	-6.273387E-6
6.469353E1	-2.629453E-5	-6.382717E-6
6.479352E1	-2.610299E-5	-6.464850E-6
6.489351E1	-2.602595E-5	-6.464411E-6
6.499350E1	-2.602584E-5	-6.264702E-6
6.509349E1	-2.603723E-5	-6.045661E-6
6.519348E1	-2.586083E-5	-5.946291E-6
6.529347E1	-2.575555E-5	-6.012472E-6
6.539346E1	-2.581028E-5	-6.247007E-6
6.549345E1	-2.591737E-5	-6.402684E-6
6.559344E1	-2.594503E-5	-6.125474E-6
6.569343E1	-2.611904E-5	-6.120020E-6
6.579342E1	-2.627185E-5	-6.122377E-6
6.589341E1	-2.628334E-5	-6.238719E-6
6.599340E1	-2.623107E-5	-6.047988E-6
6.609339E1	-2.628890E-5	-6.100838E-6
6.619338E1	-2.627961E-5	-6.146112E-6
6.629337E1	-2.653184E-5	-6.183940E-6
6.639336E1	-2.644903E-5	-6.196684E-6
6.649335E1	-2.645693E-5	-6.226665E-6
6.659334E1	-2.646578E-5	-6.395243E-6
6.669333E1	-2.648367E-5	-6.563238E-6
6.679332E1	-2.646515E-5	-6.718686E-6
6.689331E1	-2.652639E-5	-6.822398E-6
6.699330E1	-2.660814E-5	-6.964159E-6
6.709329E1	-2.661163E-5	-6.620010E-6
6.719328E1	-2.659048E-5	-6.526582E-6
6.729327E1	-2.683998E-5	-6.541428E-6
6.739326E1	-2.710844E-5	-6.562691E-6
6.749325E1	-2.727981E-5	-6.784007E-6
6.759324E1	-2.731976E-5	-6.974231E-6
6.769323E1	-2.738461E-5	-6.747596E-6
6.779322E1	-2.737796E-5	-6.831951E-6
6.789321E1	-2.758905E-5	-6.939084E-6
6.799320E1	-2.731618E-5	-6.835549E-6
6.809319E1	-2.731636E-5	-6.764260E-6
6.819318E1	-2.725853E-5	-6.747643E-6
6.829317E1	-2.747187E-5	-6.802141E-6
6.839316E1	-2.733299E-5	-6.773059E-6
6.849315E1	-2.701586E-5	-6.817506E-6
6.859314E1	-2.688433E-5	-6.903248E-6
6.869313E1	-2.716994E-5	-7.021690E-6
6.879312E1	-2.734605E-5	-6.909240E-6
6.889311E1	-2.734281E-5	-6.785684E-6
6.899310E1	-2.728448E-5	-6.866826E-6
6.909309E1	-2.718834E-5	-7.081560E-6
6.919308E1	-2.715192E-5	-7.076249E-6
6.929307E1	-2.719893E-5	-7.124276E-6
6.939306E1	-2.719773E-5	-7.163701E-6
6.949305E1	-2.725979E-5	-7.154419E-6
6.959304E1	-2.744528E-5	-7.222214E-6
6.969303E1	-2.747192E-5	-7.155740E-6
6.979302E1	-2.746689E-5	-7.180466E-6
6.989301E1	-2.725608E-5	-7.351019E-6
6.999300E1	-2.714531E-5	-7.588376E-6
7.009299E1	-2.711548E-5	-7.761850E-6
7.019298E1	-2.711832E-5	-7.862057E-6
7.029297E1	-2.716702E-5	-8.084934E-6
7.039296E1	-2.713627E-5	-8.179477E-6
7.049295E1	-2.717816E-5	-8.217569E-6
7.059294E1	-2.701306E-5	-8.228272E-6
7.069293E1	-2.667065E-5	-8.298101E-6
7.079292E1	-2.686385E-5	-8.547639E-6
7.089291E1	-2.672519E-5	-8.842085E-6
7.099290E1	-2.659978E-5	-8.885945E-6
7.109289E1	-2.668506E-5	-8.607036E-6
7.119288E1	-2.695933E-5	-8.324801E-6
7.129287E1	-2.698078E-5	-8.031829E-6
7.139286E1	-2.717760E-5	-7.888739E-6
7.149285E1	-2.761238E-5	-7.726290E-6
7.159284E1	-2.785779E-5	-7.832580E-6
7.169283E1	-2.780291E-5	-7.644192E-6
7.179282E1	-2.751940E-5	-7.613452E-6
7.189281E1	-2.733844E-5	-7.472392E-6
7.199280E1	-2.709943E-5	-7.345954E-6
7.209279E1	-2.695934E-5	-7.314489E-6
7.219278E1	-2.701092E-5	-7.543930E-6
7.229277E1	-2.703976E-5	-7.379655E-6
7.239276E1	-2.718466E-5	-7.293570E-6
7.249275E1	-2.736068E-5	-7.406046E-6
7.259274E1	-2.718677E-5	-7.353731E-6
7.269273E1	-2.716689E-5	-7.359680E-6
7.279272E1	-2.707393E-5	-7.381910E-6
7.289271E1	-2.700166E-5	-7.382364E-6
7.299270E1	-2.691478E-5	-7.334852E-6
7.309269E1	-2.681671E-5	-7.233192E-6
7.319268E1	-2.658594E-5	-7.304525E-6
7.329267E1	-2.676315E-5	-7.132898E-6
7.339266E1	-2.668980E-5	-7.164009E-6
7.349265E1	-2.672436E-5	-7.102658E-6
7.359264E1	-2.665160E-5	-7.120503E-6
7.369263E1	-2.675050E-5	-6.973154E-6
7.379262E1	-2.683419E-5	-6.880696E-6
7.389261E1	-2.675231E-5	-6.972112E-6
7.399260E1	-2.655665E-5	-6.801661E-6
7.409259E1	-2.653160E-5	-6.642114E-6
7.419258E1	-2.649926E-5	-6.747369E-6
7.429257E1	-2.663387E-5	-6.778203E-6
7.439256E1	-2.661304E-5	-6.719166E-6
7.449255E1	-2.634012E-5	-6.750192E-6
7.459254E1	-2.637342E-5	-6.908324E-6
7.469253E1	-2.608538E-5	-6.540238E-6
7.479252E1	-2.599550E-5	-6.155912E-6
7.489251E1	-2.594373E-5	-6.166242E-6
7.499250E1	-2.593899E-5	-6.559134E-6
7.509249E1	-2.626019E-5	-6.698305E-6
7.519248E1	-2.627924E-5	-6.417104E-6
7.529247E1	-2.630393E-5	-6.519269E-6
7.539246E1	-2.638706E-5	-6.571132E-6
7.549245E1	-2.634122E-5	-6.826016E-6
7.559244E1	-2.613641E-5	-6.803956E-6
7.569243E1	-2.630903E-5	-6.631399E-6
7.579242E1	-2.634272E-5	-6.687913E-6
7.589241E1	-2.655510E-5	-6.726432E-6
7.599240E1	-2.665211E-5	-6.585097E-6
7.609239E1	-2.662445E-5	-6.312562E-6
7.619238E1	-2.659762E-5	-6.393845E-6
7.629237E1	-2.644641E-5	-6.408537E-6
7.639236E1	-2.644535E-5	-6.430638E-6
7.649235E1	-2.655801E-5	-6.358963E-6
7.659234E1	-2.641791E-5	-6.462979E-6
7.669233E1	-2.637222E-5	-6.505415E-6
7.679232E1	-2.640129E-5	-6.377915E-6
7.689231E1	-2.655309E-5	-6.485120E-6
7.699230E1	-2.665530E-5	-6.413443E-6
7.709229E1	-2.682082E-5	-6.288818E-6
7.719228E1	-2.679333E-5	-6.161181E-6
7.729227E1	-2.688863E-5	-6.005552E-6
7.739226E1	-2.686276E-5	-6.007032E-6
7.749225E1	-2.686345E-5	-5.952529E-6
7.759224E1	-2.690045E-5	-6.004339E-6
7.769223E1	-2.686047E-5	-6.065698E-6
7.779222E1	-2.673987E-5	-6.068774E-6
7.789221E1	-2.667779E-5	-6.299911E-6
7.799220E1	-2.663961E-5	-6.346642E-6
7.809219E1	-2.643486E-5	-6.666975E-6
7.819218E1	-2.652360E-5	-6.769210E-6
7.829217E1	-2.650343E-5	-6.718098E-6
7.839216E1	-2.655335E-5	-6.722174E-6
7.849215E1	-2.666860E-5	-6.627373E-6
7.859214E1	-2.673291E-5	-6.670901E-6
7.869213E1	-2.658218E-5	-6.677563E-6
7.879212E1	-2.650442E-5	-6.966004E-6
7.889211E1	-2.655605E-5	-6.985567E-6
7.899210E1	-2.630646E-5	-7.159747E-6
7.909209E1	-2.634245E-5	-7.294793E-6
7.919208E1	-2.645549E-5	-7.393248E-6
7.929207E1	-2.650895E-5	-7.487830E-6
7.939206E1	-2.656716E-5	-7.560559E-6
7.949205E1	-2.656450E-5	-7.449477E-6
7.959204E1	-2.658918E-5	-7.481143E-6
7.969203E1	-2.668777E-5	-7.567086E-6
7.979202E1	-2.668803E-5	-7.550022E-6
7.989201E1	-2.660669E-5	-7.471821E-6
7.999200E1	-2.658336E-5	-7.556428E-6
8.009199E1	-2.649615E-5	-7.486984E-6
8.019198E1	-2.639236E-5	-7.503668E-6
8.029197E1	-2.628954E-5	-7.493953E-6
8.039196E1	-2.644615E-5	-7.564665E-6
8.049195E1	-2.663561E-5	-7.442185E-6
8.059194E1	-2.648994E-5	-7.700974E-6
8.069193E1	-2.649550E-5	-7.712587E-6
8.079192E1	-2.642079E-5	-7.562142E-6
8.089191E1	-2.647070E-5	-7.771199E-6
8.099190E1	-2.644493E-5	-7.716063E-6
8.109189E1	-2.645155E-5	-7.941058E-6
8.119188E1	-2.636080E-5	-7.802017E-6
8.129187E1	-2.643820E-5	-7.582943E-6
8.139186E1	-2.668869E-5	-7.731535E-6
8.149185E1	-2.675958E-5	-7.731775E-6
8.159184E1	-2.657460E-5	-7.186876E-6
8.169183E1	-2.647429E-5	-6.781028E-6
8.179182E1	-2.623387E-5	-6.798145E-6
8.189181E1	-2.637389E-5	-6.840049E-6
8.199180E1	-2.631223E-5	-7.013195E-6
8.209179E1	-2.636721E-5	-6.990401E-6
8.219178E1	-2.638407E-5	-7.033328E-6
8.229177E1	-2.633165E-5	-6.983460E-6
8.239176E1	-2.615343E-5	-7.009083E-6
8.249175E1	-2.632610E-5	-7.003625E-6
8.259174E1	-2.638026E-5	-6.676175E-6
8.269173E1	-2.630196E-5	-6.540264E-6
8.279172E1	-2.620344E-5	-6.745911E-6
8.289171E1	-2.616081E-5	-6.940108E-6
8.299170E1	-2.617638E-5	-7.224329E-6
8.309169E1	-2.613289E-5	-7.275618E-6
8.319168E1	-2.584323E-5	-7.203562E-6
8.329167E1	-2.572861E-5	-7.275088E-6
8.339166E1	-2.563873E-5	-7.284396E-6
8.349165E1	-2.554196E-5	-7.237831E-6
8.359164E1	-2.511844E-5	-7.189422E-6
8.369163E1	-2.495674E-5	-7.276685E-6
8.379162E1	-2.518317E-5	-7.353668E-6
8.389161E1	-2.551364E-5	-7.403278E-6
8.399160E1	-2.558278E-5	-7.473251E-6
8.409159E1	-2.522767E-5	-7.477473E-6
8.419158E1	-2.507440E-5	-7.464774E-6
8.429157E1	-2.503733E-5	-7.548611E-6
8.439156E1	-2.462566E-5	-7.600351E-6
8.449155E1	-2.452471E-5	-7.698023E-6
8.459154E1	-2.450204E-5	-7.557699E-6
8.469153E1	-2.472379E-5	-7.537271E-6
8.479152E1	-2.502727E-5	-7.538678E-6
8.489151E1	-2.531091E-5	-7.537923E-6
8.499150E1	-2.526266E-5	-7.360863E-6
8.509149E1	-2.540533E-5	-7.419284E-6
8.519148E1	-2.560084E-5	-7.467483E-6
8.529147E1	-2.574853E-5	-7.539946E-6
8.539146E1	-2.605433E-5	-7.352666E-6
8.549145E1	-2.620427E-5	-7.454459E-6
8.559144E1	-2.618345E-5	-7.561275E-6
8.569143E1	-2.619486E-5	-7.487235E-6
8.579142E1	-2.619529E-5	-7.386698E-6
8.589141E1	-2.617674E-5	-7.411659E-6
8.599140E1	-2.615415E-5	-7.447612E-6
8.609139E1	-2.610180E-5	-7.276102E-6
8.619138E1	-2.606678E-5	-7.272383E-6
8.629137E1	-2.595509E-5	-7.355113E-6
8.639136E1	-2.577339E-5	-7.258840E-6
8.649135E1	-2.577431E-5	-7.131168E-6
8.659134E1	-2.564326E-5	-7.175647E-6
8.669133E1	-2.545996E-5	-7.205795E-6
8.679132E1	-2.538449E-5	-7.099392E-6
8.689131E1	-2.542177E-5	-7.026796E-6
8.699130E1	-2.528923E-5	-7.052000E-6
8.709129E1	-2.536091E-5	-7.260708E-6
8.719128E1	-2.541458E-5	-7.266718E-6
8.729127E1	-2.544825E-5	-7.156364E-6
8.739126E1	-2.574304E-5	-7.135974E-6
8.749125E1	-2.570681E-5	-7.301150E-6
8.759124E1	-2.555818E-5	-7.209703E-6
8.769123E1	-2.530008E-5	-7.010458E-6
8.779122E1	-2.497708E-5	-6.787331E-6
8.789121E1	-2.493982E-5	-6.835237E-6
8.799120E1	-2.504781E-5	-6.895867E-6
8.809119E1	-2.525875E-5	-6.878895E-6
8.819118E1	-2.525864E-5	-6.960837E-6
8.829117E1	-2.536108E-5	-6.952896E-6
8.839116E1	-2.535803E-5	-7.237439E-6
8.849115E1	-2.543017E-5	-7.148779E-6
8.859114E1	-2.558619E-5	-7.153468E-6
8.869113E1	-2.537886E-5	-7.249911E-6
8.879112E1	-2.532557E-5	-7.293427E-6
8.889111E1	-2.550061E-5	-7.287057E-6
8.899110E1	-2.552216E-5	-7.234179E-6
8.909109E1	-2.517629E-5	-7.256981E-6
8.919108E1	-2.526995E-5	-7.151151E-6
8.929107E1	-2.526016E-5	-6.882378E-6
8.939106E1	-2.525407E-5	-6.757922E-6
8.949105E1	-2.517288E-5	-6.557410E-6
8.959104E1	-2.532089E-5	-6.373091E-6
8.969103E1	-2.514297E-5	-6.395433E-6
8.979102E1	-2.523263E-5	-6.587574E-6
8.989101E1	-2.525653E-5	-6.622431E-6
8.999100E1	-2.521347E-5	-6.386310E-6
9.009099E1	-2.531460E-5	-6.488346E-6
9.019098E1	-2.530875E-5	-6.626725E-6
9.029097E1	-2.529123E-5	-6.505174E-6
9.039096E1	-2.537848E-5	-6.371669E-6
9.049095E1	-2.542455E-5	-6.290624E-6
9.059094E1	-2.555063E-5	-6.376587E-6
9.069093E1	-2.565970E-5	-6.139008E-6
9.079092E1	-2.566073E-5	-6.213133E-6
9.089091E1	-2.582785E-5	-6.113359E-6
9.099090E1	-2.584880E-5	-6.006758E-6
9.109089E1	-2.604237E-5	-5.798490E-6
9.119088E1	-2.606269E-5	-5.839521E-6
9.129087E1	-2.587202E-5	-6.062457E-6
9.139086E1	-2.555698E-5	-5.991192E-6
9.149085E1	-2.524892E-5	-5.869261E-6
9.159084E1	-2.510838E-5	-5.756302E-6
9.169083E1	-2.504665E-5	-5.881100E-6
9.179082E1	-2.509012E-5	-6.002469E-6
9.189081E1	-2.525043E-5	-5.981516E-6
9.199080E1	-2.536439E-5	-6.235313E-6
9.209079E1	-2.521954E-5	-6.171036E-6
9.219078E1	-2.504466E-5	-6.207880E-6
9.229077E1	-2.504439E-5	-5.920561E-6
9.239076E1	-2.501339E-5	-5.697369E-6
9.249075E1	-2.503787E-5	-5.461896E-6
9.259074E1	-2.509456E-5	-5.320248E-6
9.269073E1	-2.522707E-5	-5.047146E-6
9.279072E1	-2.534661E-5	-4.847471E-6
9.289071E1	-2.538366E-5	-4.841925E-6
9.299070E1	-2.534491E-5	-4.872719E-6
9.309069E1	-2.524279E-5	-4.732674E-6
9.319068E1	-2.513768E-5	-4.709708E-6
9.329067E1	-2.499827E-5	-4.651800E-6
9.339066E1	-2.493608E-5	-4.578644E-6
9.349065E1	-2.500960E-5	-4.573949E-6
9.359064E1	-2.479949E-5	-4.545307E-6
9.369063E1	-2.481730E-5	-4.515465E-6
9.379062E1	-2.465496E-5	-4.229800E-6
9.389061E1	-2.436257E-5	-4.295077E-6
9.399060E1	-2.420594E-5	-4.304187E-6
9.409059E1	-2.396838E-5	-4.430046E-6
9.419058E1	-2.410748E-5	-4.361361E-6
9.429057E1	-2.392562E-5	-4.334298E-6
9.439056E1	-2.395784E-5	-4.374511E-6
9.449055E1	-2.406172E-5	-4.155947E-6
9.459054E1	-2.408418E-5	-4.014122E-6
9.469053E1	-2.384931E-5	-3.929892E-6
9.479052E1	-2.374551E-5	-3.997883E-6
9.489051E1	-2.370250E-5	-4.216120E-6
9.499050E1	-2.348930E-5	-4.172573E-6
9.509049E1	-2.336798E-5	-4.260036E-6
9.519048E1	-2.334843E-5	-4.115286E-6
9.529047E1	-2.354591E-5	-4.038388E-6
9.539046E1	-2.351689E-5	-3.944432E-6
9.549045E1	-2.347243E-5	-3.804830E-6
9.559044E1	-2.322046E-5	-3.670952E-6
9.569043E1	-2.295483E-5	-3.619649E-6
9.579042E1	-2.297885E-5	-3.708576E-6
9.589041E1	-2.297637E-5	-3.690273E-6
9.599040E1	-2.271258E-5	-3.649255E-6
9.609039E1	-2.252670E-5	-3.610743E-6
9.619038E1	-2.233688E-5	-3.551403E-6
9.629037E1	-2.213805E-5	-3.518557E-6
9.639036E1	-2.201588E-5	-3.459086E-6
9.649035E1	-2.185457E-5	-3.273225E-6
9.659034E1	-2.184091E-5	-3.243652E-6
9.669033E1	-2.176880E-5	-3.199780E-6
9.679032E1	-2.186861E-5	-3.045843E-6
9.689031E1	-2.189292E-5	-2.735511E-6
9.699030E1	-2.183797E-5	-3.007049E-6
9.709029E1	-2.173427E-5	-3.058147E-6
9.719028E1	-2.137139E-5	-2.847816E-6
9.729027E1	-2.137670E-5	-2.844703E-6
9.739026E1	-2.161106E-5	-2.842745E-6
9.749025E1	-2.178693E-5	-2.619703E-6
9.759024E1	-2.174272E-5	-2.590430E-6
9.769023E1	-2.143873E-5	-2.594972E-6
9.779022E1	-2.112349E-5	-2.708291E-6
9.789021E1	-2.086231E-5	-2.684691E-6
9.799020E1	-2.065441E-5	-2.581183E-6
9.809019E1	-2.067456E-5	-2.070205E-6
9.819018E1	-2.083899E-5	-1.750875E-6
9.829017E1	-2.090100E-5	-1.626903E-6
9.839016E1	-2.104795E-5	-1.631992E-6
9.849015E1	-2.108201E-5	-1.634008E-6
9.859014E1	-2.084358E-5	-1.582649E-6
9.869013E1	-2.085156E-5	-1.560907E-6
9.879012E1	-2.083984E-5	-1.406177E-6
9.889011E1	-2.074899E-5	-1.404976E-6
9.899010E1	-2.067013E-5	-1.406100E-6
9.909009E1	-2.065933E-5	-1.373921E-6
9.919008E1	-2.079882E-5	-1.246027E-6
9.929007E1	-2.072820E-5	-1.227636E-6
9.939006E1	-2.060039E-5	-1.292665E-6
9.949005E1	-2.063338E-5	-1.037238E-6
9.959004E1	-2.084076E-5	-8.518217E-7
9.969003E1	-2.082400E-5	-9.498761E-7
9.979002E1	-2.063192E-5	-8.568076E-7
9.989001E1	-2.063459E-5	-8.146033E-7
9.999000E1	-2.091820E-5	-7.303023E-7
1.000900E2	-2.133715E-5	-5.942042E-7
1.001900E2	-2.128366E-5	-5.045975E-7
1.002900E2	-2.141351E-5	-4.059509E-7
1.003900E2	-2.121974E-5	-4.412657E-7
1.004900E2	-2.101276E-5	-4.543324E-7
1.005899E2	-2.091448E-5	-3.126829E-7
1.006899E2	-2.097025E-5	5.923379E-8
1.007899E2	-2.118669E-5	1.467394E-7
1.008899E2	-2.139856E-5	1.166280E-7
1.009899E2	-2.139225E-5	2.465964E-7
1.010899E2	-2.147280E-5	2.642563E-7
1.011899E2	-2.148932E-5	4.544433E-7
1.012899E2	-2.141634E-5	6.446507E-7
1.013899E2	-2.143137E-5	4.999816E-7
1.014899E2	-2.130555E-5	4.049433E-7
1.015898E2	-2.105651E-5	6.348310E-7
1.016898E2	-2.089670E-5	7.258150E-7
1.017898E2	-2.079478E-5	9.153034E-7
1.018898E2	-2.081395E-5	9.439083E-7
1.019898E2	-2.079094E-5	1.143767E-6
1.020898E2	-2.072763E-5	1.219573E-6
1.021898E2	-2.054811E-5	1.285709E-6
1.022898E2	-2.034903E-5	1.439744E-6
1.023898E2	-2.036450E-5	1.478645E-6
1.024898E2	-2.033352E-5	1.428694E-6
1.025897E2	-2.042258E-5	1.558333E-6
1.026897E2	-2.059752E-5	1.672471E-6
1.027897E2	-2.039130E-5	1.682460E-6
1.028897E2	-2.043435E-5	1.750791E-6
1.029897E2	-2.016010E-5	1.927414E-6
1.030897E2	-1.999166E-5	1.869927E-6
1.031897E2	-2.008111E-5	2.117007E-6
1.032897E2	-2.009527E-5	2.317491E-6
1.033897E2	-2.034158E-5	2.509890E-6
1.034897E2	-2.043744E-5	2.735440E-6
1.035896E2	-2.058687E-5	2.561773E-6
1.036896E2	-2.084585E-5	2.686196E-6
1.037896E2	-2.096290E-5	2.832956E-6
1.038896E2	-2.075620E-5	2.702816E-6
1.039896E2	-2.061229E-5	2.508392E-6
1.040896E2	-2.046114E-5	2.424788E-6
1.041896E2	-2.026559E-5	2.354493E-6
1.042896E2	-2.021935E-5	2.337495E-6
1.043896E2	-2.054144E-5	2.321357E-6
1.044896E2	-2.065099E-5	2.040496E-6
1.045895E2	-2.047204E-5	1.872274E-6
1.046895E2	-2.042939E-5	1.876125E-6
1.047895E2	-2.055014E-5	1.909034E-6
1.048895E2	-2.064750E-5	2.034582E-6
1.049895E2	-2.063037E-5	2.308891E-6
1.050895E2	-2.047576E-5	1.905946E-6
1.051895E2	-2.025676E-5	1.988696E-6
1.052895E2	-2.028334E-5	2.204334E-6
1.053895E2	-2.021983E-5	2.224173E-6
1.054895E2	-2.022384E-5	2.255089E-6
1.055894E2	-2.014981E-5	2.328752E-6
1.056894E2	-2.006635E-5	2.343549E-6
1.057894E2	-1.998393E-5	2.329281E-6
1.058894E2	-2.004367E-5	2.300105E-6
1.059894E2	-1.982732E-5	2.335690E-6
1.060894E2	-1.956616E-5	2.381337E-6
1.061894E2	-1.952740E-5	2.360730E-6
1.062894E2	-1.953568E-5	2.259538E-6
1.063894E2	-1.957287E-5	2.149796E-6
1.064894E2	-1.933050E-5	2.071942E-6
1.065893E2	-1.909100E-5	2.097883E-6
1.066893E2	-1.914960E-5	1.991614E-6
1.067893E2	-1.922522E-5	1.874874E-6
1.068893E2	-1.932786E-5	1.965778E-6
1.069893E2	-1.918136E-5	2.132556E-6
1.070893E2	-1.934161E-5	2.061751E-6
1.071893E2	-1.942369E-5	2.162939E-6
1.072893E2	-1.933298E-5	2.122241E-6
1.073893E2	-1.940210E-5	2.297789E-6
1.074893E2	-1.953688E-5	2.295287E-6
1.075892E2	-1.964351E-5	2.365661E-6
1.076892E2	-1.964805E-5	2.386290E-6
1.077892E2	-1.942706E-5	2.429251E-6
1.078892E2	-1.930328E-5	2.710266E-6
1.079892E2	-1.903756E-5	2.933952E-6
1.080892E2	-1.890671E-5	3.012873E-6
1.081892E2	-1.908801E-5	2.947113E-6
1.082892E2	-1.915584E-5	3.014360E-6
1.083892E2	-1.899060E-5	3.062673E-6
1.084892E2	-1.899050E-5	3.006843E-6
1.085891E2	-1.897401E-5	3.037978E-6
1.086891E2	-1.876205E-5	3.152746E-6
1.087891E2	-1.881690E-5	3.069892E-6
1.088891E2	-1.882990E-5	3.057112E-6
1.089891E2	-1.884644E-5	2.908967E-6
1.090891E2	-1.885686E-5	2.837032E-6
1.091891E2	-1.889569E-5	2.829295E-6
1.092891E2	-1.866391E-5	3.013167E-6
1.093891E2	-1.863598E-5	3.099359E-6
1.094891E2	-1.866771E-5	3.239580E-6
1.095890E2	-1.886631E-5	3.231906E-6
1.096890E2	-1.887124E-5	3.474210E-6
1.097890E2	-1.887314E-5	3.810259E-6
1.098890E2	-1.890922E-5	4.122976E-6
1.099890E2	-1.892733E-5	4.261962E-6
1.100890E2	-1.881472E-5	4.091247E-6
1.101890E2	-1.881161E-5	3.843982E-6
1.102890E2	-1.867304E-5	3.850936E-6
1.103890E2	-1.866240E-5	3.920634E-6
1.104890E2	-1.846038E-5	4.116431E-6
1.105889E2	-1.816146E-5	4.128177E-6
1.106889E2	-1.805360E-5	4.204889E-6
1.107889E2	-1.780472E-5	4.283230E-6
1.108889E2	-1.762743E-5	4.200554E-6
1.109889E2	-1.784520E-5	4.566899E-6
1.110889E2	-1.791941E-5	4.583244E-6
1.111889E2	-1.776962E-5	4.305864E-6
1.112889E2	-1.770307E-5	3.867011E-6
1.113889E2	-1.768925E-5	3.695149E-6
1.114889E2	-1.766306E-5	3.752840E-6
1.115888E2	-1.771996E-5	4.069513E-6
1.116888E2	-1.775235E-5	4.119528E-6
1.117888E2	-1.780503E-5	4.064384E-6
1.118888E2	-1.755976E-5	3.986425E-6
1.119888E2	-1.750294E-5	3.792446E-6
1.120888E2	-1.750374E-5	3.444746E-6
1.121888E2	-1.747890E-5	3.026313E-6
1.122888E2	-1.738849E-5	2.849542E-6
1.123888E2	-1.735784E-5	2.695157E-6
1.124888E2	-1.737649E-5	2.585530E-6
1.125887E2	-1.745562E-5	2.487765E-6
1.126887E2	-1.747096E-5	2.518870E-6
1.127887E2	-1.771102E-5	2.611315E-6
1.128887E2	-1.772135E-5	2.639544E-6
1.129887E2	-1.771778E-5	2.893615E-6
1.130887E2	-1.745819E-5	2.916534E-6
1.131887E2	-1.723905E-5	3.092206E-6
1.132887E2	-1.731729E-5	3.424952E-6
1.133887E2	-1.715092E-5	3.443245E-6
1.134887E2	-1.738572E-5	3.523260E-6
1.135886E2	-1.765902E-5	3.624389E-6
1.136886E2	-1.769756E-5	3.928343E-6
1.137886E2	-1.762608E-5	3.912342E-6
1.138886E2	-1.740744E-5	3.721224E-6
1.139886E2	-1.743630E-5	3.703017E-6
1.140886E2	-1.748651E-5	3.776659E-6
1.141886E2	-1.768510E-5	4.033682E-6
1.142886E2	-1.791630E-5	4.381734E-6
1.143886E2	-1.794818E-5	4.236707E-6
1.144886E2	-1.780051E-5	4.242267E-6
1.145885E2	-1.797052E-5	4.254412E-6
1.146885E2	-1.811778E-5	4.138162E-6
1.147885E2	-1.793405E-5	4.120844E-6
1.148885E2	-1.779045E-5	4.085022E-6
1.149885E2	-1.754603E-5	4.104533E-6
1.150885E2	-1.773240E-5	4.088307E-6
1.151885E2	-1.766545E-5	3.933664E-6
1.152885E2	-1.769236E-5	3.796669E-6
1.153885E2	-1.754448E-5	3.958151E-6
1.154885E2	-1.755252E-5	3.838729E-6
1.155884E2	-1.745424E-5	3.618975E-6
1.156884E2	-1.736565E-5	3.301295E-6
1.157884E2	-1.726299E-5	3.274375E-6
1.158884E2	-1.719728E-5	3.547491E-6
1.159884E2	-1.711536E-5	3.448930E-6
1.160884E2	-1.695016E-5	3.453135E-6
1.161884E2	-1.673992E-5	3.246886E-6
1.162884E2	-1.656591E-5	3.220834E-6
1.163884E2	-1.640539E-5	3.363359E-6
1.164884E2	-1.631417E-5	3.300542E-6
1.165883E2	-1.628095E-5	3.341305E-6
1.166883E2	-1.625282E-5	3.290423E-6
1.167883E2	-1.613635E-5	3.198511E-6
1.168883E2	-1.611967E-5	3.423262E-6
1.169883E2	-1.603702E-5	3.303388E-6
1.170883E2	-1.572246E-5	3.256119E-6
1.171883E2	-1.586952E-5	3.276755E-6
1.172883E2	-1.587463E-5	2.914018E-6
1.173883E2	-1.593427E-5	2.960506E-6
1.174883E2	-1.594514E-5	2.906458E-6
1.175882E2	-1.585374E-5	2.769591E-6
1.176882E2	-1.609202E-5	2.855725E-6
1.177882E2	-1.642306E-5	3.005697E-6
1.178882E2	-1.635574E-5	2.947620E-6
1.179882E2	-1.656525E-5	3.019111E-6
1.180882E2	-1.643103E-5	2.977342E-6
1.181882E2	-1.630183E-5	2.973980E-6
1.182882E2	-1.628969E-5	2.924943E-6
1.183882E2	-1.639312E-5	2.896161E-6
1.184882E2	-1.640634E-5	3.067844E-6
1.185881E2	-1.623534E-5	3.075653E-6
1.186881E2	-1.592217E-5	3.029897E-6
1.187881E2	-1.565976E-5	2.861622E-6
1.188881E2	-1.586864E-5	2.903839E-6
1.189881E2	-1.623623E-5	3.064579E-6
1.190881E2	-1.649184E-5	3.087188E-6
1.191881E2	-1.651847E-5	3.343446E-6
1.192881E2	-1.663524E-5	3.164749E-6
1.193881E2	-1.666330E-5	3.377355E-6
1.194881E2	-1.669945E-5	3.664649E-6
1.195880E2	-1.667352E-5	3.866100E-6
1.196880E2	-1.637008E-5	3.963266E-6
1.197880E2	-1.620185E-5	3.808446E-6
1.198880E2	-1.624198E-5	3.980196E-6
1.199880E2	-1.639007E-5	3.850361E-6
1.200880E2	-1.640962E-5	3.757638E-6
1.201880E2	-1.604984E-5	4.026803E-6
1.202880E2	-1.610983E-5	4.068837E-6
1.203880E2	-1.606059E-5	3.832835E-6
1.204880E2	-1.587282E-5	3.812985E-6
1.205879E2	-1.559797E-5	3.999883E-6
1.206879E2	-1.567293E-5	4.049448E-6
1.207879E2	-1.552624E-5	4.084132E-6
1.208879E2	-1.553219E-5	3.964156E-6
1.209879E2	-1.562307E-5	3.811965E-6
1.210879E2	-1.549670E-5	3.597422E-6
1.211879E2	-1.552388E-5	3.478927E-6
1.212879E2	-1.544270E-5	3.390451E-6
1.213879E2	-1.532694E-5	3.255176E-6
1.214879E2	-1.501430E-5	3.284992E-6
1.215878E2	-1.500526E-5	2.911253E-6
1.216878E2	-1.507732E-5	2.744564E-6
1.217878E2	-1.520703E-5	3.026781E-6
1.218878E2	-1.526923E-5	3.274198E-6
1.219878E2	-1.536671E-5	3.419674E-6
1.220878E2	-1.534122E-5	3.504334E-6
1.221878E2	-1.541255E-5	3.493529E-6
1.222878E2	-1.520323E-5	3.254743E-6
1.223878E2	-1.518148E-5	3.408751E-6
1.224878E2	-1.531395E-5	3.425228E-6
1.225877E2	-1.514316E-5	3.016031E-6
1.226877E2	-1.522916E-5	2.783176E-6
1.227877E2	-1.532712E-5	2.852944E-6
1.228877E2	-1.535295E-5	3.096340E-6
1.229877E2	-1.538519E-5	3.338886E-6
1.230877E2	-1.535986E-5	3.296496E-6
1.231877E2	-1.532871E-5	3.356374E-6
1.232877E2	-1.532254E-5	3.424655E-6
1.233877E2	-1.539464E-5	3.544152E-6
1.234877E2	-1.526685E-5	3.359226E-6
1.235876E2	-1.505630E-5	3.314921E-6
1.236876E2	-1.518154E-5	3.424188E-6
1.237876E2	-1.500102E-5	3.194595E-6
1.238876E2	-1.503157E-5	3.245585E-6
1.239876E2	-1.479993E-5	3.193290E-6
1.240876E2	-1.482616E-5	3.243737E-6
1.241876E2	-1.487687E-5	2.960479E-6
1.242876E2	-1.481439E-5	2.702847E-6
1.243876E2	-1.471745E-5	2.554682E-6
1.244876E2	-1.455934E-5	2.613525E-6
1.245875E2	-1.448103E-5	2.481051E-6
1.246875E2	-1.456602E-5	2.645765E-6
1.247875E2	-1.459426E-5	2.680221E-6
1.248875E2	-1.458434E-5	2.614118E-6
1.249875E2	-1.458449E-5	2.617726E-6
1.250875E2	-1.462374E-5	2.619208E-6
1.251875E2	-1.455250E-5	2.463790E-6
1.252875E2	-1.466618E-5	2.588840E-6
1.253875E2	-1.499636E-5	2.278806E-6
1.254875E2	-1.516509E-5	1.985058E-6
1.255874E2	-1.528671E-5	2.206551E-6
1.256874E2	-1.518223E-5	2.200295E-6
1.257874E2	-1.516235E-5	2.289917E-6
1.258874E2	-1.518651E-5	2.457144E-6
1.259874E2	-1.539608E-5	2.467618E-6
1.260874E2	-1.524817E-5	2.583036E-6
1.261874E2	-1.524933E-5	2.580909E-6
1.262874E2	-1.544939E-5	2.550774E-6
1.263874E2	-1.586944E-5	2.433970E-6
1.264874E2	-1.615234E-5	2.443629E-6
1.265873E2	-1.639640E-5	2.362587E-6
1.266873E2	-1.663904E-5	2.522571E-6
1.267873E2	-1.672296E-5	2.743811E-6
1.268873E2	-1.671214E-5	2.838258E-6
1.269873E2	-1.666618E-5	3.098661E-6
1.270873E2	-1.672891E-5	3.128787E-6
1.271873E2	-1.664663E-5	2.967254E-6
1.272873E2	-1.671688E-5	2.792223E-6
1.273873E2	-1.671231E-5	2.543490E-6
1.274873E2	-1.640906E-5	2.491677E-6
1.275872E2	-1.627036E-5	2.502044E-6
1.276872E2	-1.628250E-5	2.519246E-6
1.277872E2	-1.647164E-5	2.653743E-6
1.278872E2	-1.672513E-5	2.720217E-6
1.279872E2	-1.662598E-5	2.884681E-6
1.280872E2	-1.665050E-5	3.129246E-6
1.281872E2	-1.652616E-5	3.158742E-6
1.282872E2	-1.645683E-5	2.938899E-6
1.283872E2	-1.636882E-5	3.205533E-6
1.284872E2	-1.632440E-5	3.388436E-6
1.285871E2	-1.647139E-5	3.322682E-6
1.286871E2	-1.653577E-5	3.373581E-6
1.287871E2	-1.677910E-5	3.403662E-6
1.288871E2	-1.682633E-5	3.340787E-6
1.289871E2	-1.651874E-5	2.995109E-6
1.290871E2	-1.651786E-5	3.019578E-6
1.291871E2	-1.654133E-5	3.350191E-6
1.292871E2	-1.648579E-5	3.338835E-6
1.293871E2	-1.659653E-5	3.309695E-6
1.294871E2	-1.649099E-5	3.438040E-6
1.295870E2	-1.630381E-5	3.415343E-6
1.296870E2	-1.644190E-5	3.367344E-6
1.297870E2	-1.650250E-5	3.479021E-6
1.298870E2	-1.663878E-5	3.286151E-6
1.299870E2	-1.686184E-5	3.039287E-6
1.300870E2	-1.676730E-5	2.964343E-6
1.301870E2	-1.689363E-5	3.285915E-6
1.302870E2	-1.679512E-5	3.266449E-6
1.303870E2	-1.701248E-5	3.416073E-6
1.304870E2	-1.687899E-5	3.381672E-6
1.305869E2	-1.665913E-5	3.413569E-6
1.306869E2	-1.685782E-5	3.436364E-6
1.307869E2	-1.679638E-5	3.303538E-6
1.308869E2	-1.701826E-5	3.086716E-6
1.309869E2	-1.684800E-5	2.883569E-6
1.310869E2	-1.669993E-5	2.706593E-6
1.311869E2	-1.670859E-5	2.638108E-6
1.312869E2	-1.675538E-5	2.453985E-6
1.313869E2	-1.694548E-5	2.257663E-6
1.314869E2	-1.694083E-5	2.242669E-6
1.315868E2	-1.688777E-5	2.107755E-6
1.316868E2	-1.700902E-5	2.113308E-6
1.317868E2	-1.735021E-5	2.478951E-6
1.318868E2	-1.722147E-5	2.583738E-6
1.319868E2	-1.691188E-5	2.728957E-6
1.320868E2	-1.663218E-5	2.674156E-6
1.321868E2	-1.653849E-5	2.516840E-6
1.322868E2	-1.658352E-5	2.619348E-6
1.323868E2	-1.653828E-5	2.517590E-6
1.324868E2	-1.659710E-5	2.523249E-6
1.325867E2	-1.684936E-5	2.476557E-6
1.326867E2	-1.714700E-5	2.317215E-6
1.327867E2	-1.754165E-5	2.514891E-6
1.328867E2	-1.787374E-5	2.671887E-6
1.329867E2	-1.791212E-5	2.651869E-6
1.330867E2	-1.791277E-5	3.003938E-6
1.331867E2	-1.819674E-5	2.970491E-6
1.332867E2	-1.853704E-5	2.858316E-6
1.333867E2	-1.862707E-5	2.785326E-6
1.334867E2	-1.866720E-5	3.040555E-6
1.335866E2	-1.852621E-5	3.164235E-6
1.336866E2	-1.885535E-5	3.118163E-6
1.337866E2	-1.877434E-5	3.127848E-6
1.338866E2	-1.872832E-5	3.159569E-6
1.339866E2	-1.870214E-5	3.155000E-6
1.340866E2	-1.861475E-5	3.062515E-6
1.341866E2	-1.893269E-5	2.930648E-6
1.342866E2	-1.886290E-5	2.847916E-6
1.343866E2	-1.936009E-5	2.824796E-6
1.344866E2	-1.961237E-5	2.648465E-6
1.345865E2	-1.985132E-5	2.827650E-6
1.346865E2	-2.004866E-5	2.641386E-6
1.347865E2	-1.998665E-5	2.732180E-6
1.348865E2	-1.987626E-5	3.031052E-6
1.349865E2	-1.974229E-5	3.282674E-6
1.350865E2	-1.980274E-5	3.182131E-6
1.351865E2	-1.981288E-5	3.059990E-6
1.352865E2	-1.962576E-5	2.989010E-6
1.353865E2	-1.971323E-5	3.338766E-6
1.354865E2	-1.958752E-5	3.290151E-6
1.355864E2	-1.931897E-5	3.291500E-6
1.356864E2	-1.915418E-5	3.250965E-6
1.357864E2	-1.932995E-5	3.034860E-6
1.358864E2	-1.970978E-5	2.711822E-6
1.359864E2	-2.012062E-5	2.780875E-6
1.360864E2	-2.038323E-5	3.002727E-6
1.361864E2	-2.059789E-5	3.201589E-6
1.362864E2	-2.076131E-5	3.166278E-6
1.363864E2	-2.076344E-5	2.999503E-6
1.364864E2	-2.082126E-5	3.123988E-6
1.365863E2	-2.078930E-5	2.992882E-6
1.366863E2	-2.055105E-5	2.945315E-6
1.367863E2	-2.036597E-5	2.981625E-6
1.368863E2	-2.048469E-5	2.769941E-6
1.369863E2	-2.087106E-5	2.746482E-6
1.370863E2	-2.111145E-5	2.680934E-6
1.371863E2	-2.111390E-5	2.902641E-6
1.372863E2	-2.113960E-5	3.032711E-6
1.373863E2	-2.111741E-5	3.161050E-6
1.374863E2	-2.093287E-5	3.517508E-6
1.375862E2	-2.067206E-5	3.666817E-6
1.376862E2	-2.059760E-5	3.900219E-6
1.377862E2	-2.056859E-5	3.922646E-6
1.378862E2	-2.063734E-5	3.791313E-6
1.379862E2	-2.074984E-5	4.095341E-6
1.380862E2	-2.089459E-5	4.115022E-6
1.381862E2	-2.118878E-5	3.888855E-6
1.382862E2	-2.120608E-5	4.080012E-6
1.383862E2	-2.134201E-5	3.841085E-6
1.384862E2	-2.150913E-5	3.409955E-6
1.385861E2	-2.154270E-5	3.033274E-6
1.386861E2	-2.129576E-5	2.763330E-6
1.387861E2	-2.127461E-5	2.756574E-6
1.388861E2	-2.125200E-5	2.865944E-6
1.389861E2	-2.126310E-5	2.904976E-6
1.390861E2	-2.122847E-5	2.863545E-6
1.391861E2	-2.134616E-5	3.037867E-6
1.392861E2	-2.136773E-5	3.109592E-6
1.393861E2	-2.160763E-5	3.425881E-6
1.394861E2	-2.168988E-5	3.685486E-6
1.395860E2	-2.169190E-5	3.799715E-6
1.396860E2	-2.158908E-5	3.834821E-6
1.397860E2	-2.169457E-5	4.037524E-6
1.398860E2	-2.183017E-5	4.290176E-6
1.399860E2	-2.167162E-5	4.365287E-6
1.400860E2	-2.144018E-5	4.263818E-6
1.401860E2	-2.117584E-5	4.378756E-6
1.402860E2	-2.096121E-5	4.123181E-6
1.403860E2	-2.101601E-5	4.017681E-6
1.404860E2	-2.092125E-5	4.000531E-6
1.405859E2	-2.127836E-5	3.823248E-6
1.406859E2	-2.126506E-5	3.691770E-6
1.407859E2	-2.102634E-5	3.787553E-6
1.408859E2	-2.091594E-5	3.870107E-6
1.409859E2	-2.077815E-5	4.118747E-6
1.410859E2	-2.067655E-5	4.165952E-6
1.411859E2	-2.064089E-5	3.997278E-6
1.412859E2	-2.069160E-5	3.944279E-6
1.413859E2	-2.060852E-5	3.773629E-6
1.414859E2	-2.062457E-5	3.626679E-6
1.415858E2	-2.060671E-5	3.579741E-6
1.416858E2	-2.049979E-5	3.638766E-6
1.417858E2	-2.014379E-5	3.571960E-6
1.418858E2	-2.012271E-5	3.530582E-6
1.419858E2	-2.018385E-5	3.470726E-6
1.420858E2	-2.034812E-5	3.462589E-6
1.421858E2	-2.026276E-5	3.495292E-6
1.422858E2	-2.030311E-5	3.488927E-6
1.423858E2	-2.030691E-5	3.438781E-6
1.424858E2	-2.022482E-5	3.418238E-6
1.425857E2	-2.011424E-5	3.445848E-6
1.426857E2	-1.997961E-5	3.374623E-6
1.427857E2	-1.981202E-5	3.144509E-6
1.428857E2	-1.979573E-5	2.776046E-6
1.429857E2	-1.980891E-5	2.625205E-6
1.430857E2	-1.966609E-5	2.596410E-6
1.431857E2	-1.966327E-5	2.862064E-6
1.432857E2	-1.999101E-5	2.869724E-6
1.433857E2	-1.988451E-5	2.991731E-6
1.434857E2	-1.983109E-5	3.222836E-6
1.435856E2	-1.974865E-5	2.984080E-6
1.436856E2	-1.969855E-5	2.857934E-6
1.437856E2	-1.985124E-5	2.641794E-6
1.438856E2	-2.008263E-5	2.650288E-6
1.439856E2	-1.982612E-5	2.544731E-6
1.440856E2	-1.970471E-5	2.466205E-6
1.441856E2	-1.983366E-5	2.275136E-6
1.442856E2	-1.981749E-5	2.334677E-6
1.443856E2	-2.002459E-5	2.317554E-6
1.444856E2	-2.007290E-5	2.403816E-6
1.445855E2	-2.048329E-5	2.535960E-6
1.446855E2	-2.068557E-5	2.541774E-6
1.447855E2	-2.076523E-5	2.446139E-6
1.448855E2	-2.069192E-5	2.375824E-6
1.449855E2	-2.064495E-5	2.565497E-6
1.450855E2	-2.067592E-5	2.505051E-6
1.451855E2	-2.089964E-5	2.223729E-6
1.452855E2	-2.099149E-5	2.033985E-6
1.453855E2	-2.108420E-5	2.256021E-6
1.454855E2	-2.092932E-5	2.375635E-6
1.455854E2	-2.110028E-5	2.204503E-6
1.456854E2	-2.107520E-5	2.015243E-6
1.457854E2	-2.108233E-5	1.898748E-6
1.458854E2	-2.094782E-5	2.120644E-6
1.459854E2	-2.094844E-5	2.025665E-6
1.460854E2	-2.076572E-5	1.901839E-6
1.461854E2	-2.098722E-5	1.863156E-6
1.462854E2	-2.126531E-5	1.860007E-6
1.463854E2	-2.126308E-5	1.938390E-6
1.464854E2	-2.135605E-5	1.755625E-6
1.465853E2	-2.144513E-5	1.546120E-6
1.466853E2	-2.167603E-5	1.466227E-6
1.467853E2	-2.185460E-5	1.297939E-6
1.468853E2	-2.222152E-5	1.337702E-6
1.469853E2	-2.222503E-5	1.390707E-6
1.470853E2	-2.203242E-5	1.775030E-6
1.471853E2	-2.179172E-5	1.761143E-6
1.472853E2	-2.192054E-5	1.666324E-6
1.473853E2	-2.200690E-5	1.929261E-6
1.474853E2	-2.189551E-5	1.896385E-6
1.475852E2	-2.178955E-5	1.632353E-6
1.476852E2	-2.161453E-5	1.517459E-6
1.477852E2	-2.141059E-5	1.299999E-6
1.478852E2	-2.149456E-5	1.402082E-6
1.479852E2	-2.142812E-5	1.424779E-6
1.480852E2	-2.143848E-5	1.409672E-6
1.481852E2	-2.159974E-5	1.454922E-6
1.482852E2	-2.126296E-5	1.458220E-6
1.483852E2	-2.101328E-5	1.427504E-6
1.484852E2	-2.100482E-5	1.343307E-6
1.485851E2	-2.091716E-5	1.157735E-6
1.486851E2	-2.084110E-5	1.222394E-6
1.487851E2	-2.090540E-5	1.249186E-6
1.488851E2	-2.078592E-5	1.191799E-6
1.489851E2	-2.080313E-5	1.009484E-6
1.490851E2	-2.077959E-5	1.134196E-6
1.491851E2	-2.106494E-5	1.481339E-6
1.492851E2	-2.132504E-5	1.537738E-6
1.493851E2	-2.135870E-5	1.978014E-6
1.494851E2	-2.127751E-5	1.874994E-6
1.495850E2	-2.124388E-5	1.552934E-6
1.496850E2	-2.118127E-5	1.447179E-6
1.497850E2	-2.124705E-5	1.149747E-6
1.498850E2	-2.106036E-5	9.441131E-7
1.499850E2	-2.089714E-5	8.372269E-7
1.500850E2	-2.067860E-5	7.791493E-7
1.501850E2	-2.061007E-5	7.142038E-7
1.502850E2	-2.056735E-5	7.768171E-7
1.503850E2	-2.031730E-5	9.482392E-7
1.504850E2	-2.033914E-5	1.014057E-6
1.505849E2	-2.049633E-5	1.401379E-6
1.506849E2	-2.044494E-5	1.491332E-6
1.507849E2	-2.037199E-5	1.175822E-6
1.508849E2	-2.048132E-5	7.778634E-7
1.509849E2	-2.062408E-5	7.470293E-7
1.510849E2	-2.045419E-5	7.802808E-7
1.511849E2	-2.070720E-5	6.957489E-7
1.512849E2	-2.094899E-5	4.468030E-7
1.513849E2	-2.110005E-5	3.908356E-7
1.514849E2	-2.121734E-5	3.490245E-7
1.515848E2	-2.142771E-5	4.267169E-7
1.516848E2	-2.118598E-5	6.352054E-7
1.517848E2	-2.119540E-5	5.673360E-7
1.518848E2	-2.109272E-5	1.199286E-7
1.519848E2	-2.109058E-5	3.144614E-7
1.520848E2	-2.131828E-5	4.085428E-7
1.521848E2	-2.136746E-5	3.629932E-7
1.522848E2	-2.158235E-5	2.816981E-7
1.523848E2	-2.149709E-5	1.687871E-7
1.524848E2	-2.126201E-5	1.972814E-8
1.525847E2	-2.134814E-5	1.930597E-8
1.526847E2	-2.138197E-5	2.730815E-7
1.527847E2	-2.116090E-5	4.627761E-7
1.528847E2	-2.114277E-5	5.762686E-7
1.529847E2	-2.092466E-5	3.538932E-7
1.530847E2	-2.086271E-5	3.013626E-7
1.531847E2	-2.095881E-5	3.819058E-7
1.532847E2	-2.106928E-5	3.274675E-7
1.533847E2	-2.130528E-5	2.646605E-7
1.534847E2	-2.148946E-5	2.881629E-7
1.535846E2	-2.176992E-5	6.491849E-7
1.536846E2	-2.166712E-5	8.658165E-7
1.537846E2	-2.161815E-5	7.087935E-7
1.538846E2	-2.181585E-5	6.560278E-7
1.539846E2	-2.180978E-5	7.153896E-7
1.540846E2	-2.169832E-5	6.895138E-7
1.541846E2	-2.182060E-5	4.832345E-7
1.542846E2	-2.198330E-5	3.020804E-7
1.543846E2	-2.215784E-5	5.064085E-7
1.544846E2	-2.228648E-5	6.733735E-7
1.545845E2	-2.231663E-5	5.885421E-7
1.546845E2	-2.226671E-5	6.379626E-7
1.547845E2	-2.216864E-5	6.155895E-7
1.548845E2	-2.174781E-5	5.858230E-7
1.549845E2	-2.172224E-5	6.428570E-7
1.550845E2	-2.156423E-5	5.601942E-7
1.551845E2	-2.160515E-5	8.074082E-7
1.552845E2	-2.165316E-5	9.195450E-7
1.553845E2	-2.150977E-5	7.832908E-7
1.554845E2	-2.125854E-5	8.300396E-7
1.555844E2	-2.121458E-5	8.660236E-7
1.556844E2	-2.142965E-5	6.023301E-7
1.557844E2	-2.149474E-5	7.206217E-7
1.558844E2	-2.161460E-5	1.145378E-6
1.559844E2	-2.174439E-5	1.230689E-6
1.560844E2	-2.213363E-5	1.157805E-6
1.561844E2	-2.201382E-5	1.117484E-6
1.562844E2	-2.189847E-5	7.100478E-7
1.563844E2	-2.187277E-5	6.024747E-7
1.564844E2	-2.177433E-5	8.650588E-7
1.565843E2	-2.159885E-5	8.937330E-7
1.566843E2	-2.183898E-5	9.124805E-7
1.567843E2	-2.197044E-5	8.102309E-7
1.568843E2	-2.189864E-5	8.210867E-7
1.569843E2	-2.192308E-5	6.530432E-7
1.570843E2	-2.207686E-5	6.821037E-7
1.571843E2	-2.211321E-5	7.758463E-7
1.572843E2	-2.208327E-5	7.288939E-7
1.573843E2	-2.202166E-5	8.550701E-7
1.574843E2	-2.205420E-5	8.088214E-7
1.575842E2	-2.211999E-5	6.735301E-7
1.576842E2	-2.220739E-5	7.104820E-7
1.577842E2	-2.221424E-5	5.459463E-7
1.578842E2	-2.232193E-5	5.215003E-7
1.579842E2	-2.235827E-5	6.814803E-7
1.580842E2	-2.246236E-5	1.006896E-6
1.581842E2	-2.262543E-5	1.276886E-6
1.582842E2	-2.253909E-5	1.382670E-6
