0.000000E0	2.831829E-6	2.980873E-5
9.999000E-2	2.732937E-6	3.001742E-5
1.999800E-1	2.667077E-6	3.000172E-5
2.999700E-1	2.601279E-6	2.999134E-5
3.999600E-1	2.464771E-6	3.000679E-5
4.999500E-1	2.592783E-6	3.001443E-5
5.999400E-1	2.552805E-6	2.977653E-5
6.999300E-1	2.460129E-6	2.976543E-5
7.999200E-1	2.333102E-6	2.979479E-5
8.999100E-1	2.249339E-6	2.971828E-5
9.999000E-1	2.205767E-6	2.959121E-5
1.099890E0	2.217956E-6	2.956428E-5
1.199880E0	2.163962E-6	2.953773E-5
1.299870E0	2.082331E-6	2.941617E-5
1.399860E0	2.144011E-6	2.951762E-5
1.499850E0	2.194174E-6	2.934587E-5
1.599840E0	2.365889E-6	2.916719E-5
1.699830E0	2.396001E-6	2.911619E-5
1.799820E0	2.414292E-6	2.907564E-5
1.899810E0	2.438730E-6	2.899879E-5
1.999800E0	2.312243E-6	2.917246E-5
2.099790E0	2.354686E-6	2.948235E-5
2.199780E0	2.391771E-6	2.963325E-5
2.299770E0	2.512980E-6	2.937912E-5
2.399760E0	2.593346E-6	2.954053E-5
2.499750E0	2.509692E-6	2.970501E-5
2.599740E0	2.532435E-6	2.969726E-5
2.699730E0	2.583754E-6	2.974555E-5
2.799720E0	2.844390E-6	2.983169E-5
2.899710E0	2.858534E-6	3.010964E-5
2.999700E0	2.893486E-6	3.017331E-5
3.099690E0	2.738651E-6	3.011843E-5
3.199680E0	2.575745E-6	3.013928E-5
3.299670E0	2.610061E-6	3.026715E-5
3.399660E0	2.783747E-6	3.044990E-5
3.499650E0	2.771902E-6	3.032642E-5
3.599640E0	2.590467E-6	3.033125E-5
3.699630E0	2.498770E-6	3.033355E-5
3.799620E0	2.590552E-6	3.011462E-5
3.899610E0	2.635176E-6	3.005860E-5
3.999600E0	2.749020E-6	2.991660E-5
4.099590E0	2.870404E-6	2.994758E-5
4.199580E0	2.704375E-6	2.998478E-5
4.299570E0	2.590273E-6	2.978044E-5
4.399560E0	2.333468E-6	2.979036E-5
4.499550E0	2.088137E-6	2.971307E-5
4.599540E0	1.889796E-6	2.983696E-5
4.699530E0	1.714119E-6	2.963571E-5
4.799520E0	1.677441E-6	2.944072E-5
4.899510E0	1.726600E-6	2.934211E-5
4.999500E0	1.807365E-6	2.941762E-5
5.099490E0	1.655325E-6	2.938545E-5
5.199480E0	1.579812E-6	2.920854E-5
5.299470E0	1.557583E-6	2.909947E-5
5.399460E0	1.578768E-6	2.915236E-5
5.499450E0	1.621778E-6	2.931035E-5
5.599440E0	1.982229E-6	2.916956E-5
5.699430E0	2.130472E-6	2.928656E-5
5.799420E0	2.179128E-6	2.940434E-5
5.899410E0	2.121107E-6	2.951593E-5
5.999400E0	2.002685E-6	2.958018E-5
6.099390E0	1.890764E-6	2.985861E-5
6.199380E0	1.774888E-6	3.002085E-5
6.299370E0	1.864861E-6	3.015931E-5
6.399360E0	1.925976E-6	3.016857E-5
6.499350E0	1.775266E-6	3.014494E-5
6.599340E0	1.686456E-6	2.993295E-5
6.699330E0	1.796275E-6	2.963214E-5
6.799320E0	1.838090E-6	2.955609E-5
6.899310E0	1.970059E-6	2.963028E-5
6.999300E0	2.119625E-6	2.976678E-5
7.099290E0	2.095717E-6	2.964752E-5
7.199280E0	2.046222E-6	2.960275E-5
7.299270E0	1.957078E-6	2.964658E-5
7.399260E0	1.956159E-6	2.967238E-5
7.499250E0	1.792161E-6	2.965349E-5
7.599240E0	1.711174E-6	2.973415E-5
7.699230E0	1.996428E-6	2.990058E-5
7.799220E0	2.080720E-6	2.993711E-5
7.899210E0	2.032475E-6	2.975135E-5
7.999200E0	2.015504E-6	2.972599E-5
8.099190E0	1.994321E-6	2.963784E-5
8.199180E0	1.983201E-6	2.979964E-5
8.299170E0	2.005717E-6	2.990443E-5
8.399160E0	1.915188E-6	3.001742E-5
8.499150E0	1.784670E-6	3.024426E-5
8.599140E0	1.818163E-6	3.029371E-5
8.699130E0	2.141019E-6	3.032797E-5
8.799120E0	2.322552E-6	3.049686E-5
8.899110E0	2.327354E-6	3.051791E-5
8.999100E0	2.373312E-6	3.050366E-5
9.099090E0	2.745068E-6	2.981491E-5
9.199080E0	2.860546E-6	2.957010E-5
9.299070E0	2.755235E-6	2.956245E-5
9.399060E0	2.783239E-6	2.954904E-5
9.499050E0	2.545901E-6	2.956080E-5
9.599040E0	2.591579E-6	2.960209E-5
9.699030E0	2.566943E-6	2.960943E-5
9.799020E0	2.559262E-6	2.944207E-5
9.899010E0	2.500865E-6	2.950560E-5
9.999000E0	2.604477E-6	2.942751E-5
1.009899E1	2.346407E-6	2.944392E-5
1.019898E1	2.357723E-6	2.946930E-5
1.029897E1	2.509709E-6	2.953041E-5
1.039896E1	2.264819E-6	2.951353E-5
1.049895E1	2.246344E-6	2.948394E-5
1.059894E1	2.343883E-6	2.943843E-5
1.069893E1	2.557399E-6	2.941003E-5
1.079892E1	2.760774E-6	2.936097E-5
1.089891E1	2.990560E-6	2.951409E-5
1.099890E1	3.010829E-6	2.974628E-5
1.109889E1	3.049836E-6	2.980661E-5
1.119888E1	3.361136E-6	2.983119E-5
1.129887E1	3.415989E-6	2.975870E-5
1.139886E1	3.412922E-6	2.980401E-5
1.149885E1	3.263369E-6	2.989136E-5
1.159884E1	3.314903E-6	3.008980E-5
1.169883E1	3.187765E-6	2.984801E-5
1.179882E1	3.366278E-6	2.988470E-5
1.189881E1	3.144013E-6	2.990284E-5
1.199880E1	3.032729E-6	2.993079E-5
1.209879E1	3.119151E-6	2.982256E-5
1.219878E1	2.980522E-6	2.982530E-5
1.229877E1	3.192063E-6	2.987407E-5
1.239876E1	3.120337E-6	2.977738E-5
1.249875E1	2.781836E-6	2.989848E-5
1.259874E1	2.554118E-6	3.006525E-5
1.269873E1	2.626289E-6	2.985010E-5
1.279872E1	2.686879E-6	2.997012E-5
1.289871E1	2.500659E-6	2.993834E-5
1.299870E1	2.344488E-6	2.981791E-5
1.309869E1	2.188245E-6	2.999868E-5
1.319868E1	1.874725E-6	3.021933E-5
1.329867E1	1.861093E-6	3.049819E-5
1.339866E1	1.939758E-6	3.028487E-5
1.349865E1	2.029897E-6	3.010582E-5
1.359864E1	2.065654E-6	2.985015E-5
1.369863E1	2.060248E-6	2.975004E-5
1.379862E1	1.961395E-6	2.988401E-5
1.389861E1	2.239273E-6	3.015486E-5
1.399860E1	2.324372E-6	3.026277E-5
1.409859E1	2.504488E-6	3.025347E-5
1.419858E1	2.523150E-6	3.049431E-5
1.429857E1	2.757497E-6	3.064921E-5
1.439856E1	2.716897E-6	3.089042E-5
1.449855E1	2.574927E-6	3.099006E-5
1.459854E1	2.474444E-6	3.112327E-5
1.469853E1	2.461997E-6	3.120531E-5
1.479852E1	2.448006E-6	3.117335E-5
1.489851E1	2.097149E-6	3.108781E-5
1.499850E1	2.038765E-6	3.086550E-5
1.509849E1	1.989945E-6	3.077411E-5
1.519848E1	2.072141E-6	3.081665E-5
1.529847E1	1.973053E-6	3.073414E-5
1.539846E1	1.575072E-6	3.057974E-5
1.549845E1	1.493262E-6	3.034253E-5
1.559844E1	1.617401E-6	3.031168E-5
1.569843E1	1.647636E-6	3.029268E-5
1.579842E1	1.631740E-6	3.029109E-5
1.589841E1	1.589599E-6	3.025653E-5
1.599840E1	1.605451E-6	3.015093E-5
1.609839E1	1.516574E-6	3.007933E-5
1.619838E1	1.227100E-6	3.015717E-5
1.629837E1	1.371376E-6	3.027692E-5
1.639836E1	1.777575E-6	3.004074E-5
1.649835E1	1.871952E-6	2.973270E-5
1.659834E1	1.801195E-6	2.958492E-5
1.669833E1	1.836539E-6	2.942871E-5
1.679832E1	1.979875E-6	2.930285E-5
1.689831E1	1.777879E-6	2.919715E-5
1.699830E1	2.020513E-6	2.906951E-5
1.709829E1	2.156624E-6	2.902326E-5
1.719828E1	2.000608E-6	2.893432E-5
1.729827E1	2.003072E-6	2.884449E-5
1.739826E1	2.195509E-6	2.867208E-5
1.749825E1	2.379531E-6	2.834065E-5
1.759824E1	2.625448E-6	2.846825E-5
1.769823E1	2.725583E-6	2.836418E-5
1.779822E1	2.828091E-6	2.832716E-5
1.789821E1	2.920168E-6	2.846189E-5
1.799820E1	2.655301E-6	2.825325E-5
1.809819E1	2.597774E-6	2.823041E-5
1.819818E1	2.730097E-6	2.823792E-5
1.829817E1	2.828670E-6	2.834858E-5
1.839816E1	2.821738E-6	2.825367E-5
1.849815E1	2.802141E-6	2.812300E-5
1.859814E1	2.880619E-6	2.827358E-5
1.869813E1	2.686867E-6	2.809899E-5
1.879812E1	2.573880E-6	2.767400E-5
1.889811E1	2.637293E-6	2.748394E-5
1.899810E1	2.842919E-6	2.757416E-5
1.909809E1	3.041801E-6	2.768963E-5
1.919808E1	3.254572E-6	2.802285E-5
1.929807E1	3.400736E-6	2.835915E-5
1.939806E1	3.102003E-6	2.861164E-5
1.949805E1	2.894512E-6	2.895795E-5
1.959804E1	2.828260E-6	2.899002E-5
1.969803E1	2.792388E-6	2.878018E-5
1.979802E1	2.890601E-6	2.865631E-5
1.989801E1	3.280245E-6	2.881654E-5
1.999800E1	3.088187E-6	2.896417E-5
2.009799E1	2.999901E-6	2.926577E-5
2.019798E1	3.302201E-6	2.938267E-5
2.029797E1	3.689273E-6	2.917328E-5
2.039796E1	3.816618E-6	2.910720E-5
2.049795E1	3.742387E-6	2.896280E-5
2.059794E1	3.790596E-6	2.887786E-5
2.069793E1	4.044903E-6	2.901278E-5
2.079792E1	3.972089E-6	2.895506E-5
2.089791E1	4.050433E-6	2.874433E-5
2.099790E1	4.223561E-6	2.886019E-5
2.109789E1	4.291646E-6	2.911697E-5
2.119788E1	4.054525E-6	2.949973E-5
2.129787E1	4.077920E-6	2.973217E-5
2.139786E1	4.033828E-6	2.974767E-5
2.149785E1	3.989101E-6	2.977366E-5
2.159784E1	3.989745E-6	3.000193E-5
2.169783E1	4.272794E-6	3.025474E-5
2.179782E1	4.343325E-6	3.058704E-5
2.189781E1	4.408134E-6	3.071535E-5
2.199780E1	4.346267E-6	3.077326E-5
2.209779E1	4.402887E-6	3.064281E-5
2.219778E1	4.464906E-6	3.078889E-5
2.229777E1	4.036331E-6	3.074487E-5
2.239776E1	3.754896E-6	3.095998E-5
2.249775E1	3.656767E-6	3.115332E-5
2.259774E1	3.541382E-6	3.105864E-5
2.269773E1	3.681252E-6	3.080317E-5
2.279772E1	4.027712E-6	3.080042E-5
2.289771E1	4.062933E-6	3.060224E-5
2.299770E1	3.774034E-6	3.066630E-5
2.309769E1	3.555551E-6	3.097321E-5
2.319768E1	3.700245E-6	3.124481E-5
2.329767E1	3.677809E-6	3.156786E-5
2.339766E1	3.684294E-6	3.146486E-5
2.349765E1	3.939472E-6	3.155818E-5
2.359764E1	3.954413E-6	3.142550E-5
2.369763E1	3.892831E-6	3.135838E-5
2.379762E1	3.765825E-6	3.149119E-5
2.389761E1	3.804197E-6	3.141177E-5
2.399760E1	4.026496E-6	3.114330E-5
2.409759E1	4.301260E-6	3.116626E-5
2.419758E1	4.307119E-6	3.117068E-5
2.429757E1	4.125197E-6	3.102715E-5
2.439756E1	4.224623E-6	3.110985E-5
2.449755E1	4.135249E-6	3.130587E-5
2.459754E1	3.891150E-6	3.126108E-5
2.469753E1	4.022781E-6	3.125648E-5
2.479752E1	4.395656E-6	3.153528E-5
2.489751E1	4.409483E-6	3.163286E-5
2.499750E1	4.399517E-6	3.166268E-5
2.509749E1	4.659046E-6	3.158536E-5
2.519748E1	4.942929E-6	3.141408E-5
2.529747E1	5.144469E-6	3.120146E-5
2.539746E1	4.964205E-6	3.120358E-5
2.549745E1	5.093487E-6	3.114241E-5
2.559744E1	5.034032E-6	3.139728E-5
2.569743E1	4.998972E-6	3.149605E-5
2.579742E1	4.948198E-6	3.145242E-5
2.589741E1	4.746075E-6	3.147404E-5
2.599740E1	4.423990E-6	3.131143E-5
2.609739E1	4.251041E-6	3.139982E-5
2.619738E1	4.297375E-6	3.154560E-5
2.629737E1	4.138524E-6	3.159325E-5
2.639736E1	3.908413E-6	3.139245E-5
2.649735E1	4.048053E-6	3.154648E-5
2.659734E1	4.281879E-6	3.155692E-5
2.669733E1	4.288518E-6	3.175414E-5
2.679732E1	4.306613E-6	3.206843E-5
2.689731E1	4.577372E-6	3.235467E-5
2.699730E1	4.487659E-6	3.228285E-5
2.709729E1	4.587949E-6	3.214846E-5
2.719728E1	4.727773E-6	3.221426E-5
2.729727E1	4.876529E-6	3.251480E-5
2.739726E1	4.784923E-6	3.260913E-5
2.749725E1	5.018307E-6	3.267398E-5
2.759724E1	4.897469E-6	3.264950E-5
2.769723E1	4.752719E-6	3.276944E-5
2.779722E1	4.815971E-6	3.287220E-5
2.789721E1	5.120855E-6	3.295293E-5
2.799720E1	5.283935E-6	3.279727E-5
2.809719E1	5.520419E-6	3.275047E-5
2.819718E1	5.663938E-6	3.304949E-5
2.829717E1	5.715304E-6	3.312915E-5
2.839716E1	5.553414E-6	3.333467E-5
2.849715E1	5.778879E-6	3.336767E-5
2.859714E1	5.707651E-6	3.335619E-5
2.869713E1	5.725111E-6	3.343224E-5
2.879712E1	5.699896E-6	3.345313E-5
2.889711E1	5.542163E-6	3.363918E-5
2.899710E1	5.686276E-6	3.366504E-5
2.909709E1	5.756890E-6	3.364151E-5
2.919708E1	5.672776E-6	3.377392E-5
2.929707E1	5.718884E-6	3.381023E-5
2.939706E1	5.629109E-6	3.383538E-5
2.949705E1	5.693137E-6	3.370290E-5
2.959704E1	5.715156E-6	3.390626E-5
2.969703E1	5.605134E-6	3.413397E-5
2.979702E1	5.300079E-6	3.398274E-5
2.989701E1	5.403945E-6	3.378498E-5
2.999700E1	5.413190E-6	3.374457E-5
3.009699E1	5.517915E-6	3.372189E-5
3.019698E1	5.689579E-6	3.359277E-5
3.029697E1	5.711406E-6	3.354958E-5
3.039696E1	5.992667E-6	3.389399E-5
3.049695E1	6.109750E-6	3.373634E-5
3.059694E1	6.304805E-6	3.377115E-5
3.069693E1	6.420310E-6	3.369568E-5
3.079692E1	6.675707E-6	3.347296E-5
3.089691E1	6.676230E-6	3.338838E-5
3.099690E1	6.480983E-6	3.344003E-5
3.109689E1	6.250296E-6	3.356933E-5
3.119688E1	6.071338E-6	3.304477E-5
3.129687E1	6.135491E-6	3.304957E-5
3.139686E1	6.124300E-6	3.308608E-5
3.149685E1	6.359103E-6	3.310803E-5
3.159684E1	6.320966E-6	3.297228E-5
3.169683E1	6.400602E-6	3.303624E-5
3.179682E1	6.398013E-6	3.290994E-5
3.189681E1	6.490228E-6	3.292817E-5
3.199680E1	6.649145E-6	3.297951E-5
3.209679E1	6.738412E-6	3.311890E-5
3.219678E1	6.666248E-6	3.306055E-5
3.229677E1	6.554151E-6	3.279324E-5
3.239676E1	6.633954E-6	3.272346E-5
3.249675E1	6.839839E-6	3.281881E-5
3.259674E1	7.062252E-6	3.263847E-5
3.269673E1	7.133635E-6	3.239588E-5
3.279672E1	7.225307E-6	3.232640E-5
3.289671E1	6.974729E-6	3.274490E-5
3.299670E1	7.250920E-6	3.287792E-5
3.309669E1	7.413116E-6	3.305823E-5
3.319668E1	7.475061E-6	3.308183E-5
3.329667E1	7.718382E-6	3.284999E-5
3.339666E1	7.716692E-6	3.294545E-5
3.349665E1	7.692214E-6	3.302779E-5
3.359664E1	7.722100E-6	3.307083E-5
3.369663E1	7.494818E-6	3.294116E-5
3.379662E1	7.182331E-6	3.302597E-5
3.389661E1	7.113213E-6	3.354713E-5
3.399660E1	7.407575E-6	3.361022E-5
3.409659E1	7.462845E-6	3.339854E-5
3.419658E1	7.472516E-6	3.344997E-5
3.429657E1	7.203116E-6	3.372274E-5
3.439656E1	7.164473E-6	3.376654E-5
3.449655E1	7.200340E-6	3.374659E-5
3.459654E1	7.384624E-6	3.390036E-5
3.469653E1	7.310671E-6	3.386681E-5
3.479652E1	6.977766E-6	3.390037E-5
3.489651E1	7.159761E-6	3.385621E-5
3.499650E1	7.285782E-6	3.391016E-5
3.509649E1	7.394306E-6	3.389526E-5
3.519648E1	7.600677E-6	3.366793E-5
3.529647E1	7.563378E-6	3.365830E-5
3.539646E1	7.723117E-6	3.355775E-5
3.549645E1	7.677306E-6	3.374443E-5
3.559644E1	7.812402E-6	3.416001E-5
3.569643E1	8.178329E-6	3.436129E-5
3.579642E1	8.437237E-6	3.412758E-5
3.589641E1	8.617049E-6	3.428952E-5
3.599640E1	8.609766E-6	3.456191E-5
3.609639E1	8.795410E-6	3.444144E-5
3.619638E1	8.507081E-6	3.479744E-5
3.629637E1	8.741251E-6	3.470606E-5
3.639636E1	8.935493E-6	3.457893E-5
3.649635E1	9.222626E-6	3.478735E-5
3.659634E1	9.453205E-6	3.481270E-5
3.669633E1	9.498558E-6	3.479423E-5
3.679632E1	9.681979E-6	3.496572E-5
3.689631E1	9.724712E-6	3.497069E-5
3.699630E1	9.662954E-6	3.523844E-5
3.709629E1	9.565673E-6	3.521572E-5
3.719628E1	9.728658E-6	3.550825E-5
3.729627E1	9.648642E-6	3.571045E-5
3.739626E1	9.574752E-6	3.582490E-5
3.749625E1	9.492583E-6	3.579635E-5
3.759624E1	9.338890E-6	3.574904E-5
3.769623E1	9.173314E-6	3.566875E-5
3.779622E1	8.878747E-6	3.542898E-5
3.789621E1	8.781465E-6	3.553588E-5
3.799620E1	8.988959E-6	3.576420E-5
3.809619E1	9.306531E-6	3.594317E-5
3.819618E1	9.202202E-6	3.603579E-5
3.829617E1	9.044729E-6	3.590499E-5
3.839616E1	8.632238E-6	3.593711E-5
3.849615E1	8.344242E-6	3.611432E-5
3.859614E1	8.634965E-6	3.626731E-5
3.869613E1	8.600587E-6	3.604864E-5
3.879612E1	8.610032E-6	3.616007E-5
3.889611E1	8.372089E-6	3.644561E-5
3.899610E1	8.089076E-6	3.661516E-5
3.909609E1	8.070228E-6	3.674895E-5
3.919608E1	7.718252E-6	3.683992E-5
3.929607E1	7.585544E-6	3.685458E-5
3.939606E1	7.554445E-6	3.695890E-5
3.949605E1	7.295617E-6	3.695046E-5
3.959604E1	7.230336E-6	3.709087E-5
3.969603E1	7.278331E-6	3.692574E-5
3.979602E1	7.031478E-6	3.724299E-5
3.989601E1	6.792279E-6	3.731481E-5
3.999600E1	6.933288E-6	3.738646E-5
4.009599E1	6.981385E-6	3.769549E-5
4.019598E1	6.931815E-6	3.780514E-5
4.029597E1	6.879343E-6	3.772794E-5
4.039596E1	6.762397E-6	3.776388E-5
4.049595E1	6.656984E-6	3.792355E-5
4.059594E1	6.613790E-6	3.777349E-5
4.069593E1	6.659735E-6	3.764841E-5
4.079592E1	6.572278E-6	3.765150E-5
4.089591E1	6.529777E-6	3.752421E-5
4.099590E1	6.573638E-6	3.773775E-5
4.109589E1	6.453554E-6	3.796842E-5
4.119588E1	6.094316E-6	3.806444E-5
4.129587E1	6.260396E-6	3.821192E-5
4.139586E1	6.409188E-6	3.831171E-5
4.149585E1	6.162900E-6	3.855845E-5
4.159584E1	6.207705E-6	3.846700E-5
4.169583E1	6.182598E-6	3.856453E-5
4.179582E1	6.343451E-6	3.849488E-5
4.189581E1	6.455109E-6	3.869490E-5
4.199580E1	6.301637E-6	3.894944E-5
4.209579E1	6.260317E-6	3.934189E-5
4.219578E1	6.170475E-6	3.929864E-5
4.229577E1	6.270384E-6	3.935767E-5
4.239576E1	6.194370E-6	3.904133E-5
4.249575E1	6.148729E-6	3.882115E-5
4.259574E1	6.013336E-6	3.892080E-5
4.269573E1	5.999355E-6	3.900623E-5
4.279572E1	5.872467E-6	3.916413E-5
4.289571E1	5.956984E-6	3.915790E-5
4.299570E1	6.160168E-6	3.896431E-5
4.309569E1	5.956585E-6	3.929067E-5
4.319568E1	5.734180E-6	3.926460E-5
4.329567E1	5.925951E-6	3.918499E-5
4.339566E1	5.928710E-6	3.937655E-5
4.349565E1	5.788570E-6	3.936088E-5
4.359564E1	5.943523E-6	3.942531E-5
4.369563E1	6.203956E-6	3.935891E-5
4.379562E1	6.244446E-6	3.947618E-5
4.389561E1	6.179912E-6	3.952863E-5
4.399560E1	6.026632E-6	3.965527E-5
4.409559E1	5.817523E-6	3.955050E-5
4.419558E1	5.892317E-6	3.927889E-5
4.429557E1	5.940713E-6	3.924399E-5
4.439556E1	5.725984E-6	3.908372E-5
4.449555E1	5.601481E-6	3.911172E-5
4.459554E1	5.500628E-6	3.931903E-5
4.469553E1	5.720827E-6	3.940202E-5
4.479552E1	5.724019E-6	3.939903E-5
4.489551E1	5.675587E-6	3.971068E-5
4.499550E1	5.611753E-6	3.973381E-5
4.509549E1	5.414309E-6	3.970689E-5
4.519548E1	5.381821E-6	3.959795E-5
4.529547E1	5.409639E-6	3.951342E-5
4.539546E1	5.337630E-6	3.948653E-5
4.549545E1	5.607035E-6	3.908393E-5
4.559544E1	5.514523E-6	3.912643E-5
4.569543E1	5.345280E-6	3.905428E-5
4.579542E1	5.108159E-6	3.877317E-5
4.589541E1	5.020929E-6	3.876184E-5
4.599540E1	5.102606E-6	3.884688E-5
4.609539E1	4.999319E-6	3.883112E-5
4.619538E1	4.899534E-6	3.873925E-5
4.629537E1	4.895816E-6	3.857208E-5
4.639536E1	4.849103E-6	3.867479E-5
4.649535E1	4.959753E-6	3.893511E-5
4.659534E1	4.955661E-6	3.920261E-5
4.669533E1	5.173533E-6	3.931847E-5
4.679532E1	5.610731E-6	3.930055E-5
4.689531E1	5.699921E-6	3.937054E-5
4.699530E1	5.606131E-6	3.937734E-5
4.709529E1	5.657838E-6	3.934690E-5
4.719528E1	5.568312E-6	3.924382E-5
4.729527E1	5.445150E-6	3.932084E-5
4.739526E1	5.455836E-6	3.942661E-5
4.749525E1	5.241088E-6	3.931229E-5
4.759524E1	5.244776E-6	3.916598E-5
4.769523E1	5.238888E-6	3.892537E-5
4.779522E1	5.155390E-6	3.907600E-5
4.789521E1	5.356539E-6	3.922600E-5
4.799520E1	5.399741E-6	3.927336E-5
4.809519E1	5.355934E-6	3.929365E-5
4.819518E1	4.960125E-6	3.942801E-5
4.829517E1	5.010359E-6	3.950288E-5
4.839516E1	5.227902E-6	3.956610E-5
4.849515E1	5.289691E-6	3.952843E-5
4.859514E1	5.506891E-6	3.951201E-5
4.869513E1	5.565090E-6	3.968610E-5
4.879512E1	5.395356E-6	3.976145E-5
4.889511E1	5.529497E-6	3.994844E-5
4.899510E1	5.322005E-6	4.013198E-5
4.909509E1	5.127934E-6	4.013807E-5
4.919508E1	4.936771E-6	4.026034E-5
4.929507E1	5.091480E-6	4.018432E-5
4.939506E1	5.264556E-6	4.000145E-5
4.949505E1	5.565938E-6	3.994651E-5
4.959504E1	5.535937E-6	3.986134E-5
4.969503E1	5.396099E-6	3.967889E-5
4.979502E1	5.323038E-6	3.969542E-5
4.989501E1	5.215523E-6	3.958480E-5
4.999500E1	4.976524E-6	3.946890E-5
5.009499E1	4.875641E-6	3.954482E-5
5.019498E1	4.570188E-6	3.929379E-5
5.029497E1	4.623792E-6	3.927113E-5
5.039496E1	4.976633E-6	3.951633E-5
5.049495E1	4.990350E-6	3.954639E-5
5.059494E1	4.871700E-6	3.965887E-5
5.069493E1	4.732831E-6	3.978540E-5
5.079492E1	4.542792E-6	3.990033E-5
5.089491E1	4.407570E-6	3.979886E-5
5.099490E1	4.401905E-6	3.976985E-5
5.109489E1	4.557324E-6	3.979074E-5
5.119488E1	4.743615E-6	3.965807E-5
5.129487E1	4.796688E-6	3.950040E-5
5.139486E1	4.750228E-6	3.941897E-5
5.149485E1	4.859388E-6	3.936956E-5
5.159484E1	4.822683E-6	3.944250E-5
5.169483E1	4.671307E-6	3.939066E-5
5.179482E1	4.667248E-6	3.932501E-5
5.189481E1	4.920969E-6	3.946419E-5
5.199480E1	4.805000E-6	3.936406E-5
5.209479E1	4.950882E-6	3.911939E-5
5.219478E1	4.767502E-6	3.915817E-5
5.229477E1	4.752450E-6	3.938501E-5
5.239476E1	4.754344E-6	3.932936E-5
5.249475E1	4.638610E-6	3.947413E-5
5.259474E1	4.775675E-6	3.949888E-5
5.269473E1	4.860722E-6	3.943043E-5
5.279472E1	4.965021E-6	3.943761E-5
5.289471E1	4.853112E-6	3.934344E-5
5.299470E1	4.835659E-6	3.921417E-5
5.309469E1	5.044905E-6	3.916847E-5
5.319468E1	5.217163E-6	3.892850E-5
5.329467E1	5.361231E-6	3.867273E-5
5.339466E1	5.220083E-6	3.849668E-5
5.349465E1	4.861531E-6	3.838122E-5
5.359464E1	4.919908E-6	3.853519E-5
5.369463E1	4.901311E-6	3.835984E-5
5.379462E1	4.781199E-6	3.824086E-5
5.389461E1	4.673279E-6	3.846602E-5
5.399460E1	4.576851E-6	3.835380E-5
5.409459E1	4.260264E-6	3.831755E-5
5.419458E1	4.286952E-6	3.811633E-5
5.429457E1	4.408636E-6	3.823873E-5
5.439456E1	4.582759E-6	3.820687E-5
5.449455E1	4.559376E-6	3.824411E-5
5.459454E1	4.754086E-6	3.836003E-5
5.469453E1	5.003622E-6	3.855275E-5
5.479452E1	5.124176E-6	3.859803E-5
5.489451E1	5.562732E-6	3.859000E-5
5.499450E1	5.602307E-6	3.849586E-5
5.509449E1	5.592225E-6	3.862058E-5
5.519448E1	5.492535E-6	3.878946E-5
5.529447E1	5.375469E-6	3.859612E-5
5.539446E1	5.481664E-6	3.853477E-5
5.549445E1	5.355985E-6	3.849973E-5
5.559444E1	5.296444E-6	3.859257E-5
5.569443E1	5.266591E-6	3.884599E-5
5.579442E1	5.036993E-6	3.890336E-5
5.589441E1	5.153986E-6	3.888419E-5
5.599440E1	5.064994E-6	3.906667E-5
5.609439E1	5.098805E-6	3.912082E-5
5.619438E1	5.308692E-6	3.913729E-5
5.629437E1	5.381433E-6	3.926679E-5
5.639436E1	5.334837E-6	3.925634E-5
5.649435E1	5.330197E-6	3.927663E-5
5.659434E1	5.306788E-6	3.925936E-5
5.669433E1	5.134429E-6	3.916356E-5
5.679432E1	5.014305E-6	3.906779E-5
5.689431E1	4.994412E-6	3.897529E-5
5.699430E1	5.168585E-6	3.891811E-5
5.709429E1	5.277227E-6	3.887064E-5
5.719428E1	5.340513E-6	3.893044E-5
5.729427E1	5.503219E-6	3.900132E-5
5.739426E1	5.469177E-6	3.896150E-5
5.749425E1	5.286217E-6	3.905043E-5
5.759424E1	5.186945E-6	3.923507E-5
5.769423E1	5.283826E-6	3.934629E-5
5.779422E1	5.343755E-6	3.935148E-5
5.789421E1	5.330575E-6	3.928755E-5
5.799420E1	5.055403E-6	3.948636E-5
5.809419E1	4.881787E-6	3.957044E-5
5.819418E1	4.827033E-6	3.956168E-5
5.829417E1	4.826714E-6	3.963923E-5
5.839416E1	5.024977E-6	3.979443E-5
5.849415E1	5.148069E-6	3.965509E-5
5.859414E1	5.102735E-6	3.967178E-5
5.869413E1	4.841105E-6	3.948843E-5
5.879412E1	4.740015E-6	3.937432E-5
5.889411E1	4.613280E-6	3.955447E-5
5.899410E1	4.444979E-6	3.962538E-5
5.909409E1	4.341492E-6	3.970069E-5
5.919408E1	4.359670E-6	3.992041E-5
5.929407E1	4.093640E-6	4.016360E-5
5.939406E1	3.940289E-6	4.022658E-5
5.949405E1	3.874913E-6	4.031491E-5
5.959404E1	3.874427E-6	4.021295E-5
5.969403E1	3.898851E-6	4.001826E-5
5.979402E1	3.640997E-6	3.976111E-5
5.989401E1	3.662270E-6	3.971533E-5
5.999400E1	3.785677E-6	3.972581E-5
6.009399E1	3.819931E-6	4.000243E-5
6.019398E1	3.694523E-6	4.014313E-5
6.029397E1	3.621463E-6	4.025120E-5
6.039396E1	3.246508E-6	4.023545E-5
6.049395E1	3.169684E-6	4.044920E-5
6.059394E1	3.292050E-6	4.078704E-5
6.069393E1	3.391637E-6	4.090386E-5
6.079392E1	3.576734E-6	4.098547E-5
6.089391E1	3.566450E-6	4.090934E-5
6.099390E1	3.747306E-6	4.106245E-5
6.109389E1	3.795771E-6	4.108556E-5
6.119388E1	3.794193E-6	4.112864E-5
6.129387E1	3.853781E-6	4.118599E-5
6.139386E1	3.687738E-6	4.123556E-5
6.149385E1	3.656828E-6	4.124320E-5
6.159384E1	3.584222E-6	4.156933E-5
6.169383E1	3.586146E-6	4.165331E-5
6.179382E1	3.684195E-6	4.165683E-5
6.189381E1	3.744014E-6	4.178392E-5
6.199380E1	3.884880E-6	4.182015E-5
6.209379E1	3.869333E-6	4.165845E-5
6.219378E1	3.849650E-6	4.150221E-5
6.229377E1	3.905297E-6	4.166606E-5
6.239376E1	4.290842E-6	4.164906E-5
6.249375E1	4.466275E-6	4.172452E-5
6.259374E1	4.119556E-6	4.151094E-5
6.269373E1	3.877378E-6	4.159923E-5
6.279372E1	3.771275E-6	4.155609E-5
6.289371E1	3.705916E-6	4.154069E-5
6.299370E1	3.782770E-6	4.173862E-5
6.309369E1	3.981970E-6	4.187474E-5
6.319368E1	3.838958E-6	4.186601E-5
6.329367E1	3.825237E-6	4.201133E-5
6.339366E1	3.929334E-6	4.196911E-5
6.349365E1	4.079860E-6	4.200485E-5
6.359364E1	4.060308E-6	4.214929E-5
6.369363E1	3.862915E-6	4.221927E-5
6.379362E1	3.856958E-6	4.210634E-5
6.389361E1	3.748198E-6	4.193684E-5
6.399360E1	3.759881E-6	4.162018E-5
6.409359E1	3.692776E-6	4.184939E-5
6.419358E1	3.826941E-6	4.174113E-5
6.429357E1	4.023671E-6	4.160257E-5
6.439356E1	4.031604E-6	4.166343E-5
6.449355E1	3.902667E-6	4.195047E-5
6.459354E1	3.752078E-6	4.204970E-5
6.469353E1	3.702366E-6	4.199657E-5
6.479352E1	3.915115E-6	4.193581E-5
6.489351E1	3.908854E-6	4.185226E-5
6.499350E1	3.800056E-6	4.188852E-5
6.509349E1	3.826215E-6	4.211121E-5
6.519348E1	3.627965E-6	4.223811E-5
6.529347E1	3.600615E-6	4.227557E-5
6.539346E1	3.620879E-6	4.201441E-5
6.549345E1	3.544189E-6	4.208578E-5
6.559344E1	3.722549E-6	4.202671E-5
6.569343E1	4.084531E-6	4.173185E-5
6.579342E1	4.101679E-6	4.166675E-5
6.589341E1	4.038398E-6	4.176709E-5
6.599340E1	3.897151E-6	4.190083E-5
6.609339E1	3.753116E-6	4.176197E-5
6.619338E1	3.579474E-6	4.164778E-5
6.629337E1	3.511386E-6	4.163344E-5
6.639336E1	3.522288E-6	4.165902E-5
6.649335E1	3.521828E-6	4.160254E-5
6.659334E1	3.832258E-6	4.158317E-5
6.669333E1	3.766711E-6	4.168950E-5
6.679332E1	3.596429E-6	4.122052E-5
6.689331E1	3.538721E-6	4.121421E-5
6.699330E1	3.761299E-6	4.126874E-5
6.709329E1	4.060848E-6	4.142912E-5
6.719328E1	3.996423E-6	4.132264E-5
6.729327E1	3.995162E-6	4.135704E-5
6.739326E1	4.172193E-6	4.136889E-5
6.749325E1	4.203616E-6	4.144093E-5
6.759324E1	4.178853E-6	4.161201E-5
6.769323E1	3.902591E-6	4.146438E-5
6.779322E1	3.740597E-6	4.167591E-5
6.789321E1	3.760845E-6	4.167242E-5
6.799320E1	3.696834E-6	4.171721E-5
6.809319E1	3.610990E-6	4.174187E-5
6.819318E1	3.300896E-6	4.166910E-5
6.829317E1	3.533106E-6	4.151799E-5
6.839316E1	3.569122E-6	4.136959E-5
6.849315E1	3.422484E-6	4.145347E-5
6.859314E1	3.566744E-6	4.175340E-5
6.869313E1	3.405924E-6	4.153998E-5
6.879312E1	3.398337E-6	4.161937E-5
6.889311E1	3.380810E-6	4.177666E-5
6.899310E1	3.393710E-6	4.175673E-5
6.909309E1	3.598933E-6	4.188218E-5
6.919308E1	3.822905E-6	4.186762E-5
6.929307E1	4.028677E-6	4.190016E-5
6.939306E1	4.104967E-6	4.182931E-5
6.949305E1	4.244329E-6	4.188502E-5
6.959304E1	4.248602E-6	4.143726E-5
6.969303E1	4.160305E-6	4.139484E-5
6.979302E1	4.094777E-6	4.134557E-5
6.989301E1	3.939853E-6	4.150930E-5
6.999300E1	4.128889E-6	4.127565E-5
7.009299E1	4.100582E-6	4.094148E-5
7.019298E1	3.917650E-6	4.112487E-5
7.029297E1	3.756816E-6	4.120512E-5
7.039296E1	3.463920E-6	4.104450E-5
7.049295E1	3.315193E-6	4.083678E-5
7.059294E1	3.091306E-6	4.101882E-5
7.069293E1	2.935670E-6	4.097770E-5
7.079292E1	2.865772E-6	4.101692E-5
7.089291E1	2.984179E-6	4.112594E-5
7.099290E1	2.943842E-6	4.104413E-5
7.109289E1	2.746053E-6	4.085877E-5
7.119288E1	2.711360E-6	4.095113E-5
7.129287E1	2.524251E-6	4.083274E-5
7.139286E1	2.563684E-6	4.088534E-5
7.149285E1	2.918976E-6	4.115446E-5
7.159284E1	2.860496E-6	4.116905E-5
7.169283E1	2.784661E-6	4.136465E-5
7.179282E1	2.686798E-6	4.118469E-5
7.189281E1	2.712783E-6	4.108584E-5
7.199280E1	2.513950E-6	4.086351E-5
7.209279E1	2.634610E-6	4.070894E-5
7.219278E1	2.694465E-6	4.080806E-5
7.229277E1	2.671728E-6	4.080930E-5
7.239276E1	2.726821E-6	4.084929E-5
7.249275E1	2.689444E-6	4.062771E-5
7.259274E1	2.862714E-6	4.060741E-5
7.269273E1	2.991537E-6	4.074367E-5
7.279272E1	2.888238E-6	4.063374E-5
7.289271E1	2.988722E-6	4.057930E-5
7.299270E1	3.015325E-6	4.051270E-5
7.309269E1	3.075151E-6	4.035398E-5
7.319268E1	3.233436E-6	4.038889E-5
7.329267E1	3.154866E-6	4.019528E-5
7.339266E1	3.072967E-6	4.000796E-5
7.349265E1	2.853188E-6	4.003156E-5
7.359264E1	2.924904E-6	3.989290E-5
7.369263E1	2.979073E-6	3.972824E-5
7.379262E1	2.964531E-6	3.999815E-5
7.389261E1	2.935160E-6	4.019101E-5
7.399260E1	2.807401E-6	4.055926E-5
7.409259E1	2.891924E-6	4.071622E-5
7.419258E1	2.957612E-6	4.084168E-5
7.429257E1	2.884766E-6	4.095492E-5
7.439256E1	2.848398E-6	4.116189E-5
7.449255E1	2.852448E-6	4.124050E-5
7.459254E1	2.523342E-6	4.104850E-5
7.469253E1	2.360450E-6	4.136276E-5
7.479252E1	2.471979E-6	4.180056E-5
7.489251E1	2.670796E-6	4.189781E-5
7.499250E1	2.687382E-6	4.223552E-5
7.509249E1	2.551129E-6	4.223916E-5
7.519248E1	2.627569E-6	4.234793E-5
7.529247E1	2.363465E-6	4.238039E-5
7.539246E1	2.444892E-6	4.258842E-5
7.549245E1	2.403650E-6	4.277638E-5
7.559244E1	2.287259E-6	4.286699E-5
7.569243E1	2.046906E-6	4.308437E-5
7.579242E1	1.946885E-6	4.299340E-5
7.589241E1	2.081339E-6	4.253397E-5
7.599240E1	1.957071E-6	4.245553E-5
7.609239E1	1.835483E-6	4.242644E-5
7.619238E1	1.658838E-6	4.224442E-5
7.629237E1	1.448516E-6	4.211130E-5
7.639236E1	1.390098E-6	4.210124E-5
7.649235E1	1.465537E-6	4.170198E-5
7.659234E1	1.298707E-6	4.137199E-5
7.669233E1	1.126746E-6	4.130864E-5
7.679232E1	1.226128E-6	4.133886E-5
7.689231E1	1.436613E-6	4.107187E-5
7.699230E1	1.370929E-6	4.094653E-5
7.709229E1	1.213231E-6	4.100163E-5
7.719228E1	1.085922E-6	4.110848E-5
7.729227E1	7.470029E-7	4.111746E-5
7.739226E1	7.640522E-7	4.144354E-5
7.749225E1	5.798649E-7	4.168294E-5
7.759224E1	5.896845E-7	4.167276E-5
7.769223E1	9.285665E-7	4.142966E-5
7.779222E1	1.138477E-6	4.137235E-5
7.789221E1	1.003411E-6	4.138825E-5
7.799220E1	8.253591E-7	4.128431E-5
7.809219E1	8.152115E-7	4.087105E-5
7.819218E1	7.245753E-7	4.088497E-5
7.829217E1	7.427933E-7	4.106683E-5
7.839216E1	9.530659E-7	4.120137E-5
7.849215E1	1.136707E-6	4.157141E-5
7.859214E1	1.107114E-6	4.158769E-5
7.869213E1	9.238560E-7	4.154428E-5
7.879212E1	7.063358E-7	4.160009E-5
7.889211E1	6.347306E-7	4.177320E-5
7.899210E1	2.810658E-7	4.189036E-5
7.909209E1	2.564447E-7	4.207114E-5
7.919208E1	3.829954E-7	4.208206E-5
7.929207E1	5.330349E-7	4.216651E-5
7.939206E1	5.374938E-7	4.202743E-5
7.949205E1	3.369300E-7	4.215719E-5
7.959204E1	2.296744E-7	4.204544E-5
7.969203E1	-8.700360E-8	4.212957E-5
7.979202E1	-4.197011E-7	4.197390E-5
7.989201E1	-4.611494E-7	4.202170E-5
7.999200E1	-6.831109E-8	4.200514E-5
8.009199E1	2.719209E-8	4.218109E-5
8.019198E1	-7.938498E-8	4.224389E-5
8.029197E1	-2.974523E-7	4.238470E-5
8.039196E1	-5.485951E-8	4.240017E-5
8.049195E1	-2.673650E-7	4.236821E-5
8.059194E1	-6.850131E-7	4.239484E-5
8.069193E1	-9.556172E-7	4.242756E-5
8.079192E1	-9.575284E-7	4.253726E-5
8.089191E1	-7.182726E-7	4.279593E-5
8.099190E1	-6.658224E-7	4.289125E-5
8.109189E1	-3.960260E-7	4.303215E-5
8.119188E1	-4.310275E-7	4.303059E-5
8.129187E1	-4.125302E-7	4.300746E-5
8.139186E1	-4.704828E-7	4.311796E-5
8.149185E1	-6.555181E-7	4.313214E-5
8.159184E1	-8.518409E-7	4.312102E-5
8.169183E1	-1.068441E-6	4.294237E-5
8.179182E1	-1.242131E-6	4.292847E-5
8.189181E1	-1.407558E-6	4.271730E-5
8.199180E1	-1.508533E-6	4.238766E-5
8.209179E1	-1.595267E-6	4.218962E-5
8.219178E1	-1.559549E-6	4.216900E-5
8.229177E1	-1.720367E-6	4.227164E-5
8.239176E1	-1.968034E-6	4.255217E-5
8.249175E1	-2.121512E-6	4.250908E-5
8.259174E1	-2.216412E-6	4.265995E-5
8.269173E1	-2.157106E-6	4.256820E-5
8.279172E1	-2.140308E-6	4.261258E-5
8.289171E1	-2.200366E-6	4.274683E-5
8.299170E1	-2.445290E-6	4.280710E-5
8.309169E1	-2.292825E-6	4.266790E-5
8.319168E1	-2.015289E-6	4.283185E-5
8.329167E1	-2.058851E-6	4.305340E-5
8.339166E1	-2.323247E-6	4.294597E-5
8.349165E1	-2.493930E-6	4.297499E-5
8.359164E1	-2.564185E-6	4.302604E-5
8.369163E1	-2.705437E-6	4.287994E-5
8.379162E1	-2.811381E-6	4.274084E-5
8.389161E1	-2.735086E-6	4.269501E-5
8.399160E1	-2.955954E-6	4.265695E-5
8.409159E1	-3.204697E-6	4.271918E-5
8.419158E1	-3.369366E-6	4.255236E-5
8.429157E1	-3.630167E-6	4.259544E-5
8.439156E1	-3.646857E-6	4.263268E-5
8.449155E1	-3.622929E-6	4.253007E-5
8.459154E1	-3.703743E-6	4.245375E-5
8.469153E1	-3.471423E-6	4.233971E-5
8.479152E1	-3.503386E-6	4.214995E-5
8.489151E1	-3.775569E-6	4.197908E-5
8.499150E1	-3.970458E-6	4.201798E-5
8.509149E1	-3.941951E-6	4.208721E-5
8.519148E1	-3.970856E-6	4.220454E-5
8.529147E1	-4.107717E-6	4.203116E-5
8.539146E1	-4.216020E-6	4.195609E-5
8.549145E1	-4.305913E-6	4.197827E-5
8.559144E1	-4.202379E-6	4.191337E-5
8.569143E1	-4.074803E-6	4.183007E-5
8.579142E1	-3.704804E-6	4.191299E-5
8.589141E1	-3.698561E-6	4.187198E-5
8.599140E1	-4.163377E-6	4.197927E-5
8.609139E1	-4.202993E-6	4.220153E-5
8.619138E1	-4.188491E-6	4.261721E-5
8.629137E1	-4.157625E-6	4.269284E-5
8.639136E1	-4.238070E-6	4.249445E-5
8.649135E1	-4.240524E-6	4.255467E-5
8.659134E1	-4.174483E-6	4.263404E-5
8.669133E1	-4.145529E-6	4.259759E-5
8.679132E1	-3.865936E-6	4.255453E-5
8.689131E1	-3.631762E-6	4.250307E-5
8.699130E1	-3.817672E-6	4.240234E-5
8.709129E1	-3.960493E-6	4.226098E-5
8.719128E1	-3.670928E-6	4.199157E-5
8.729127E1	-3.694862E-6	4.207002E-5
8.739126E1	-3.655362E-6	4.224101E-5
8.749125E1	-3.663807E-6	4.218678E-5
8.759124E1	-3.790722E-6	4.223943E-5
8.769123E1	-3.661634E-6	4.207322E-5
8.779122E1	-3.665697E-6	4.205017E-5
8.789121E1	-3.876091E-6	4.188814E-5
8.799120E1	-3.721441E-6	4.209180E-5
8.809119E1	-3.566280E-6	4.195275E-5
8.819118E1	-3.434914E-6	4.204775E-5
8.829117E1	-3.248015E-6	4.203371E-5
8.839116E1	-3.089067E-6	4.210614E-5
8.849115E1	-3.107851E-6	4.216877E-5
8.859114E1	-3.107223E-6	4.206318E-5
8.869113E1	-3.251002E-6	4.202814E-5
8.879112E1	-3.375733E-6	4.187684E-5
8.889111E1	-3.440916E-6	4.165242E-5
8.899110E1	-3.427962E-6	4.160422E-5
8.909109E1	-3.571455E-6	4.184914E-5
8.919108E1	-3.623780E-6	4.195049E-5
8.929107E1	-3.800802E-6	4.235451E-5
8.939106E1	-3.726905E-6	4.241004E-5
8.949105E1	-3.425180E-6	4.242410E-5
8.959104E1	-3.493287E-6	4.256072E-5
8.969103E1	-3.285150E-6	4.271598E-5
8.979102E1	-3.284977E-6	4.283597E-5
8.989101E1	-3.271014E-6	4.275538E-5
8.999100E1	-3.144908E-6	4.279849E-5
9.009099E1	-3.279242E-6	4.263427E-5
9.019098E1	-3.319914E-6	4.267447E-5
9.029097E1	-3.277091E-6	4.266022E-5
9.039096E1	-3.088941E-6	4.253939E-5
9.049095E1	-3.236359E-6	4.267558E-5
9.059094E1	-3.349406E-6	4.300350E-5
9.069093E1	-3.538788E-6	4.282914E-5
9.079092E1	-3.347166E-6	4.279370E-5
9.089091E1	-3.228546E-6	4.280121E-5
9.099090E1	-3.236715E-6	4.258428E-5
9.109089E1	-2.979476E-6	4.234952E-5
9.119088E1	-3.016146E-6	4.212736E-5
9.129087E1	-2.936640E-6	4.182657E-5
9.139086E1	-2.871023E-6	4.183587E-5
9.149085E1	-3.139329E-6	4.212138E-5
9.159084E1	-3.188897E-6	4.218497E-5
9.169083E1	-3.354157E-6	4.233564E-5
9.179082E1	-3.357007E-6	4.241109E-5
9.189081E1	-3.569720E-6	4.250348E-5
9.199080E1	-3.542886E-6	4.254945E-5
9.209079E1	-3.367725E-6	4.251101E-5
9.219078E1	-3.373941E-6	4.247697E-5
9.229077E1	-3.139087E-6	4.270192E-5
9.239076E1	-3.367986E-6	4.257456E-5
9.249075E1	-3.547754E-6	4.259841E-5
9.259074E1	-3.628889E-6	4.268719E-5
9.269073E1	-3.621499E-6	4.290602E-5
9.279072E1	-3.955362E-6	4.308351E-5
9.289071E1	-3.891732E-6	4.301784E-5
9.299070E1	-3.796024E-6	4.310157E-5
9.309069E1	-3.857355E-6	4.319942E-5
9.319068E1	-3.917772E-6	4.304288E-5
9.329067E1	-3.767326E-6	4.297597E-5
9.339066E1	-3.769137E-6	4.304470E-5
9.349065E1	-3.805186E-6	4.316624E-5
9.359064E1	-4.054570E-6	4.327189E-5
9.369063E1	-4.079218E-6	4.307839E-5
9.379062E1	-4.094422E-6	4.306551E-5
9.389061E1	-4.234549E-6	4.326964E-5
9.399060E1	-4.108022E-6	4.328998E-5
9.409059E1	-4.113964E-6	4.327392E-5
9.419058E1	-4.109523E-6	4.333961E-5
9.429057E1	-3.783855E-6	4.357184E-5
9.439056E1	-3.700377E-6	4.367483E-5
9.449055E1	-3.444535E-6	4.351891E-5
9.459054E1	-3.320127E-6	4.351190E-5
9.469053E1	-3.413866E-6	4.368912E-5
9.479052E1	-3.361451E-6	4.395306E-5
9.489051E1	-3.103300E-6	4.390842E-5
9.499050E1	-3.245329E-6	4.391985E-5
9.509049E1	-3.208248E-6	4.396737E-5
9.519048E1	-3.193329E-6	4.397437E-5
9.529047E1	-2.932419E-6	4.398304E-5
9.539046E1	-2.552040E-6	4.392541E-5
9.549045E1	-2.453483E-6	4.391967E-5
9.559044E1	-2.466831E-6	4.407435E-5
9.569043E1	-2.667202E-6	4.424934E-5
9.579042E1	-2.340544E-6	4.427727E-5
9.589041E1	-1.977551E-6	4.427420E-5
9.599040E1	-2.052959E-6	4.437630E-5
9.609039E1	-1.847543E-6	4.461226E-5
9.619038E1	-1.631669E-6	4.466624E-5
9.629037E1	-1.650110E-6	4.493321E-5
9.639036E1	-1.686190E-6	4.487647E-5
9.649035E1	-1.435063E-6	4.489267E-5
9.659034E1	-1.129601E-6	4.512206E-5
9.669033E1	-1.155000E-6	4.515892E-5
9.679032E1	-1.550491E-6	4.524344E-5
9.689031E1	-1.766193E-6	4.538523E-5
9.699030E1	-1.959920E-6	4.528797E-5
9.709029E1	-2.109510E-6	4.523302E-5
9.719028E1	-2.184760E-6	4.504277E-5
9.729027E1	-2.475569E-6	4.532243E-5
9.739026E1	-2.375302E-6	4.550707E-5
9.749025E1	-2.127101E-6	4.537790E-5
9.759024E1	-1.942355E-6	4.537531E-5
9.769023E1	-1.963238E-6	4.536355E-5
9.779022E1	-2.181424E-6	4.565012E-5
9.789021E1	-2.558480E-6	4.572515E-5
9.799020E1	-2.632444E-6	4.566569E-5
9.809019E1	-2.497689E-6	4.577553E-5
9.819018E1	-2.209291E-6	4.571313E-5
9.829017E1	-2.286080E-6	4.564255E-5
9.839016E1	-2.354447E-6	4.576950E-5
9.849015E1	-2.264319E-6	4.569098E-5
9.859014E1	-1.984921E-6	4.568051E-5
9.869013E1	-1.952732E-6	4.583026E-5
9.879012E1	-1.893854E-6	4.601388E-5
9.889011E1	-1.981375E-6	4.603328E-5
9.899010E1	-1.995441E-6	4.621719E-5
9.909009E1	-2.030605E-6	4.639843E-5
9.919008E1	-2.003999E-6	4.661872E-5
9.929007E1	-2.196502E-6	4.675542E-5
9.939006E1	-2.323695E-6	4.664661E-5
9.949005E1	-2.152963E-6	4.673595E-5
9.959004E1	-1.957455E-6	4.663243E-5
9.969003E1	-2.050835E-6	4.673007E-5
9.979002E1	-1.996509E-6	4.661732E-5
9.989001E1	-2.023418E-6	4.663195E-5
9.999000E1	-2.119829E-6	4.674015E-5
1.000900E2	-1.930833E-6	4.664588E-5
1.001900E2	-1.617825E-6	4.649804E-5
1.002900E2	-1.682227E-6	4.681600E-5
1.003900E2	-1.765870E-6	4.673660E-5
1.004900E2	-1.919911E-6	4.675132E-5
1.005899E2	-1.986691E-6	4.716976E-5
1.006899E2	-2.053756E-6	4.739939E-5
1.007899E2	-2.127774E-6	4.748931E-5
1.008899E2	-2.162500E-6	4.749488E-5
1.009899E2	-2.325083E-6	4.746225E-5
1.010899E2	-2.434044E-6	4.748737E-5
1.011899E2	-2.501287E-6	4.729850E-5
1.012899E2	-2.406032E-6	4.728375E-5
1.013899E2	-2.465028E-6	4.710016E-5
1.014899E2	-2.517126E-6	4.708995E-5
1.015898E2	-2.552589E-6	4.732720E-5
1.016898E2	-2.486805E-6	4.737638E-5
1.017898E2	-2.390844E-6	4.733879E-5
1.018898E2	-2.593912E-6	4.751858E-5
1.019898E2	-2.350198E-6	4.775801E-5
1.020898E2	-2.233515E-6	4.778366E-5
1.021898E2	-2.211962E-6	4.768035E-5
1.022898E2	-1.833573E-6	4.755204E-5
1.023898E2	-1.806833E-6	4.737910E-5
1.024898E2	-2.146223E-6	4.726596E-5
1.025897E2	-1.875467E-6	4.724392E-5
1.026897E2	-1.538346E-6	4.723051E-5
1.027897E2	-1.653145E-6	4.738004E-5
1.028897E2	-1.510085E-6	4.752563E-5
1.029897E2	-1.457442E-6	4.770612E-5
1.030897E2	-1.330631E-6	4.763606E-5
1.031897E2	-1.632672E-6	4.762709E-5
1.032897E2	-1.771110E-6	4.760081E-5
1.033897E2	-1.783334E-6	4.740232E-5
1.034897E2	-1.928666E-6	4.709078E-5
1.035896E2	-2.001004E-6	4.722747E-5
1.036896E2	-1.803317E-6	4.715826E-5
1.037896E2	-1.601498E-6	4.710268E-5
1.038896E2	-1.496064E-6	4.715168E-5
1.039896E2	-1.390281E-6	4.728461E-5
1.040896E2	-1.212158E-6	4.712639E-5
1.041896E2	-1.225507E-6	4.700644E-5
1.042896E2	-1.095671E-6	4.709978E-5
1.043896E2	-1.151334E-6	4.713879E-5
1.044896E2	-1.009888E-6	4.691304E-5
1.045895E2	-9.625592E-7	4.692671E-5
1.046895E2	-9.178579E-7	4.702531E-5
1.047895E2	-1.000649E-6	4.739602E-5
1.048895E2	-1.254773E-6	4.740038E-5
1.049895E2	-1.441266E-6	4.730287E-5
1.050895E2	-1.301494E-6	4.730298E-5
1.051895E2	-1.047192E-6	4.738791E-5
1.052895E2	-8.150135E-7	4.744044E-5
1.053895E2	-8.075677E-7	4.760118E-5
1.054895E2	-7.935452E-7	4.745521E-5
1.055894E2	-1.018431E-6	4.772959E-5
1.056894E2	-1.161784E-6	4.791164E-5
1.057894E2	-1.034966E-6	4.794868E-5
1.058894E2	-1.154469E-6	4.819366E-5
1.059894E2	-1.154552E-6	4.832137E-5
1.060894E2	-1.108144E-6	4.828032E-5
1.061894E2	-1.317741E-6	4.817734E-5
1.062894E2	-1.697642E-6	4.803826E-5
1.063894E2	-1.770023E-6	4.818816E-5
1.064894E2	-1.729390E-6	4.836638E-5
1.065893E2	-1.797986E-6	4.856873E-5
1.066893E2	-1.965420E-6	4.822104E-5
1.067893E2	-1.880945E-6	4.820749E-5
1.068893E2	-2.176101E-6	4.838425E-5
1.069893E2	-2.246529E-6	4.842997E-5
1.070893E2	-2.135140E-6	4.830609E-5
1.071893E2	-2.212020E-6	4.815713E-5
1.072893E2	-2.397028E-6	4.830418E-5
1.073893E2	-2.443131E-6	4.854885E-5
1.074893E2	-2.602602E-6	4.893719E-5
1.075892E2	-2.704057E-6	4.905814E-5
1.076892E2	-2.908706E-6	4.906933E-5
1.077892E2	-2.965921E-6	4.876413E-5
1.078892E2	-2.746262E-6	4.856743E-5
1.079892E2	-2.675472E-6	4.831701E-5
1.080892E2	-2.479028E-6	4.818025E-5
1.081892E2	-2.309638E-6	4.792395E-5
1.082892E2	-2.186471E-6	4.804163E-5
1.083892E2	-2.126833E-6	4.813921E-5
1.084892E2	-2.438321E-6	4.827900E-5
1.085891E2	-2.772591E-6	4.815940E-5
1.086891E2	-3.009796E-6	4.811194E-5
1.087891E2	-3.079806E-6	4.802307E-5
1.088891E2	-2.951677E-6	4.800120E-5
1.089891E2	-2.669911E-6	4.794518E-5
1.090891E2	-2.455470E-6	4.768227E-5
1.091891E2	-2.241854E-6	4.771211E-5
1.092891E2	-2.012447E-6	4.774412E-5
1.093891E2	-2.000000E-6	4.758277E-5
1.094891E2	-1.957719E-6	4.737801E-5
1.095890E2	-2.167119E-6	4.713340E-5
1.096890E2	-2.137486E-6	4.728786E-5
1.097890E2	-2.021646E-6	4.710391E-5
1.098890E2	-1.992428E-6	4.712642E-5
1.099890E2	-1.887653E-6	4.729926E-5
1.100890E2	-1.517510E-6	4.724615E-5
1.101890E2	-1.565180E-6	4.718330E-5
1.102890E2	-1.536578E-6	4.718360E-5
1.103890E2	-1.558327E-6	4.720124E-5
1.104890E2	-1.631991E-6	4.741377E-5
1.105889E2	-1.676100E-6	4.748912E-5
1.106889E2	-1.780571E-6	4.726157E-5
1.107889E2	-1.653236E-6	4.726900E-5
1.108889E2	-1.414515E-6	4.744587E-5
1.109889E2	-1.540105E-6	4.778376E-5
1.110889E2	-1.472651E-6	4.796472E-5
1.111889E2	-1.459858E-6	4.790797E-5
1.112889E2	-1.419199E-6	4.787935E-5
1.113889E2	-1.342605E-6	4.783048E-5
1.114889E2	-1.285520E-6	4.781263E-5
1.115888E2	-1.264179E-6	4.779666E-5
1.116888E2	-1.177486E-6	4.799558E-5
1.117888E2	-1.051275E-6	4.795406E-5
1.118888E2	-8.302210E-7	4.790097E-5
1.119888E2	-7.618902E-7	4.797104E-5
1.120888E2	-4.997480E-7	4.818738E-5
1.121888E2	-5.818675E-7	4.826933E-5
1.122888E2	-6.082281E-7	4.822794E-5
1.123888E2	-6.949025E-7	4.834570E-5
1.124888E2	-1.007503E-6	4.815495E-5
1.125887E2	-1.359069E-6	4.815250E-5
1.126887E2	-1.488765E-6	4.826460E-5
1.127887E2	-1.466757E-6	4.801766E-5
1.128887E2	-1.465920E-6	4.793672E-5
1.129887E2	-1.508846E-6	4.803186E-5
1.130887E2	-1.513369E-6	4.795847E-5
1.131887E2	-1.721428E-6	4.805294E-5
1.132887E2	-1.796166E-6	4.815277E-5
1.133887E2	-1.819546E-6	4.815017E-5
1.134887E2	-1.974345E-6	4.825843E-5
1.135886E2	-1.799460E-6	4.844891E-5
1.136886E2	-1.538181E-6	4.864611E-5
1.137886E2	-1.554129E-6	4.895248E-5
1.138886E2	-1.406950E-6	4.905683E-5
1.139886E2	-1.172229E-6	4.908468E-5
1.140886E2	-9.733954E-7	4.911927E-5
1.141886E2	-1.047822E-6	4.935205E-5
1.142886E2	-1.171365E-6	4.937536E-5
1.143886E2	-1.172746E-6	4.911328E-5
1.144886E2	-1.209857E-6	4.890036E-5
1.145885E2	-1.019689E-6	4.890180E-5
1.146885E2	-1.190732E-6	4.891159E-5
1.147885E2	-1.098824E-6	4.889473E-5
1.148885E2	-1.106923E-6	4.890974E-5
1.149885E2	-1.315591E-6	4.890923E-5
1.150885E2	-1.371256E-6	4.894870E-5
1.151885E2	-1.422559E-6	4.862964E-5
1.152885E2	-1.265088E-6	4.867744E-5
1.153885E2	-1.175318E-6	4.864890E-5
1.154885E2	-1.272113E-6	4.895332E-5
1.155884E2	-1.447263E-6	4.890244E-5
1.156884E2	-1.495002E-6	4.872082E-5
1.157884E2	-1.408972E-6	4.873061E-5
1.158884E2	-1.324772E-6	4.895848E-5
1.159884E2	-1.359961E-6	4.936080E-5
1.160884E2	-1.266559E-6	4.962085E-5
1.161884E2	-1.611450E-6	4.985329E-5
1.162884E2	-1.725238E-6	4.988542E-5
1.163884E2	-1.752743E-6	4.966289E-5
1.164884E2	-1.607792E-6	4.974396E-5
1.165883E2	-1.355679E-6	4.988984E-5
1.166883E2	-1.393049E-6	5.004785E-5
1.167883E2	-1.273597E-6	5.030322E-5
1.168883E2	-1.351285E-6	5.039076E-5
1.169883E2	-1.059770E-6	5.038558E-5
1.170883E2	-1.602521E-6	5.066172E-5
1.171883E2	-1.764712E-6	5.082186E-5
1.172883E2	-1.830317E-6	5.096735E-5
1.173883E2	-1.824634E-6	5.085775E-5
1.174883E2	-1.645625E-6	5.077166E-5
1.175882E2	-1.326092E-6	5.104477E-5
1.176882E2	-1.484990E-6	5.118306E-5
1.177882E2	-1.487352E-6	5.122085E-5
1.178882E2	-1.458283E-6	5.114129E-5
1.179882E2	-1.323687E-6	5.103749E-5
1.180882E2	-1.561699E-6	5.091789E-5
1.181882E2	-1.948993E-6	5.095091E-5
1.182882E2	-1.861387E-6	5.097752E-5
1.183882E2	-1.955740E-6	5.118670E-5
1.184882E2	-2.060390E-6	5.123090E-5
1.185881E2	-1.946077E-6	5.105381E-5
1.186881E2	-2.100765E-6	5.117388E-5
1.187881E2	-2.315617E-6	5.157071E-5
1.188881E2	-2.453222E-6	5.160486E-5
1.189881E2	-2.209012E-6	5.138243E-5
1.190881E2	-2.496367E-6	5.134250E-5
1.191881E2	-2.805578E-6	5.145450E-5
1.192881E2	-2.698378E-6	5.150007E-5
1.193881E2	-2.801003E-6	5.176225E-5
1.194881E2	-2.717397E-6	5.155074E-5
1.195880E2	-2.470528E-6	5.142403E-5
1.196880E2	-2.317522E-6	5.121570E-5
1.197880E2	-2.319407E-6	5.105887E-5
1.198880E2	-2.424714E-6	5.094907E-5
1.199880E2	-2.489712E-6	5.100963E-5
1.200880E2	-2.335776E-6	5.086194E-5
1.201880E2	-2.676384E-6	5.065325E-5
1.202880E2	-2.929464E-6	5.050119E-5
1.203880E2	-2.630946E-6	5.023909E-5
1.204880E2	-2.606239E-6	5.026483E-5
1.205879E2	-2.369622E-6	5.015442E-5
1.206879E2	-2.514542E-6	5.006085E-5
1.207879E2	-2.828528E-6	5.002242E-5
1.208879E2	-3.031425E-6	5.000152E-5
1.209879E2	-3.203396E-6	4.968263E-5
1.210879E2	-3.364725E-6	4.965666E-5
1.211879E2	-3.247237E-6	4.974716E-5
1.212879E2	-3.400511E-6	4.993350E-5
1.213879E2	-3.459751E-6	5.015285E-5
1.214879E2	-3.232347E-6	5.012157E-5
1.215878E2	-3.466836E-6	5.015963E-5
1.216878E2	-3.679067E-6	5.029872E-5
1.217878E2	-3.837805E-6	5.034196E-5
1.218878E2	-3.906142E-6	5.029092E-5
1.219878E2	-3.967620E-6	5.054528E-5
1.220878E2	-3.911213E-6	5.058106E-5
1.221878E2	-3.740986E-6	5.076681E-5
1.222878E2	-3.627388E-6	5.077607E-5
1.223878E2	-3.194685E-6	5.083524E-5
1.224878E2	-3.147182E-6	5.108165E-5
1.225877E2	-3.402523E-6	5.105072E-5
1.226877E2	-3.692860E-6	5.120275E-5
1.227877E2	-3.894721E-6	5.142734E-5
1.228877E2	-3.899642E-6	5.137519E-5
1.229877E2	-3.940989E-6	5.120753E-5
1.230877E2	-3.941645E-6	5.140289E-5
1.231877E2	-4.219357E-6	5.133206E-5
1.232877E2	-3.960686E-6	5.108425E-5
1.233877E2	-3.913997E-6	5.133385E-5
1.234877E2	-3.696751E-6	5.151315E-5
1.235876E2	-3.731211E-6	5.161039E-5
1.236876E2	-3.549509E-6	5.168872E-5
1.237876E2	-3.677474E-6	5.135143E-5
1.238876E2	-3.381927E-6	5.111500E-5
1.239876E2	-3.426852E-6	5.110361E-5
1.240876E2	-3.476701E-6	5.078895E-5
1.241876E2	-3.414931E-6	5.066224E-5
1.242876E2	-3.335373E-6	5.053354E-5
1.243876E2	-3.262371E-6	5.045899E-5
1.244876E2	-2.964710E-6	5.055793E-5
1.245875E2	-2.992411E-6	5.049364E-5
1.246875E2	-3.045098E-6	5.045968E-5
1.247875E2	-3.062846E-6	5.027230E-5
1.248875E2	-3.171944E-6	5.017783E-5
1.249875E2	-3.400632E-6	5.035661E-5
1.250875E2	-3.914466E-6	5.026809E-5
1.251875E2	-4.053751E-6	5.018922E-5
1.252875E2	-4.013755E-6	5.020987E-5
1.253875E2	-4.170211E-6	5.011628E-5
1.254875E2	-4.288640E-6	5.014999E-5
1.255874E2	-4.479328E-6	5.001459E-5
1.256874E2	-4.740708E-6	4.995541E-5
1.257874E2	-5.301578E-6	4.979420E-5
1.258874E2	-5.377969E-6	4.973201E-5
1.259874E2	-5.337151E-6	4.975589E-5
1.260874E2	-5.349927E-6	4.985027E-5
1.261874E2	-5.230388E-6	5.005607E-5
1.262874E2	-5.277840E-6	5.004159E-5
1.263874E2	-5.372275E-6	4.976370E-5
1.264874E2	-5.478922E-6	4.955309E-5
1.265873E2	-5.305913E-6	4.940770E-5
1.266873E2	-5.185774E-6	4.927911E-5
1.267873E2	-5.426949E-6	4.933694E-5
1.268873E2	-5.516034E-6	4.919849E-5
1.269873E2	-5.446173E-6	4.898173E-5
1.270873E2	-5.350700E-6	4.913159E-5
1.271873E2	-5.473228E-6	4.944995E-5
1.272873E2	-5.376375E-6	4.962154E-5
1.273873E2	-5.091732E-6	4.941649E-5
1.274873E2	-5.229980E-6	4.928985E-5
1.275872E2	-5.153599E-6	4.934408E-5
1.276872E2	-4.737390E-6	4.908032E-5
1.277872E2	-4.737972E-6	4.915821E-5
1.278872E2	-4.857408E-6	4.892972E-5
1.279872E2	-4.870130E-6	4.867808E-5
1.280872E2	-4.907875E-6	4.854816E-5
1.281872E2	-4.792712E-6	4.831713E-5
1.282872E2	-4.863181E-6	4.816192E-5
1.283872E2	-4.996040E-6	4.817983E-5
1.284872E2	-4.903951E-6	4.849355E-5
1.285871E2	-4.783100E-6	4.866029E-5
1.286871E2	-4.817929E-6	4.873450E-5
1.287871E2	-4.908734E-6	4.882910E-5
1.288871E2	-4.707273E-6	4.880091E-5
1.289871E2	-4.573330E-6	4.885901E-5
1.290871E2	-4.349901E-6	4.860372E-5
1.291871E2	-4.455349E-6	4.842335E-5
1.292871E2	-4.368127E-6	4.824618E-5
1.293871E2	-4.263380E-6	4.840432E-5
1.294871E2	-4.401208E-6	4.851574E-5
1.295870E2	-4.475808E-6	4.858314E-5
1.296870E2	-4.615881E-6	4.880081E-5
1.297870E2	-4.430285E-6	4.868471E-5
1.298870E2	-4.370750E-6	4.854851E-5
1.299870E2	-4.162729E-6	4.872125E-5
1.300870E2	-3.991766E-6	4.849323E-5
1.301870E2	-3.737359E-6	4.839770E-5
1.302870E2	-3.591765E-6	4.851039E-5
1.303870E2	-3.555606E-6	4.879320E-5
1.304870E2	-3.756994E-6	4.877103E-5
1.305869E2	-3.757438E-6	4.898381E-5
1.306869E2	-3.652635E-6	4.903105E-5
1.307869E2	-3.690591E-6	4.894334E-5
1.308869E2	-3.687436E-6	4.877012E-5
1.309869E2	-3.511425E-6	4.878218E-5
1.310869E2	-3.612825E-6	4.865327E-5
1.311869E2	-3.706165E-6	4.851293E-5
1.312869E2	-3.665890E-6	4.870314E-5
1.313869E2	-3.461513E-6	4.860769E-5
1.314869E2	-3.155051E-6	4.822682E-5
1.315868E2	-3.195639E-6	4.817982E-5
1.316868E2	-3.213288E-6	4.817581E-5
1.317868E2	-3.418213E-6	4.818060E-5
1.318868E2	-3.456670E-6	4.810022E-5
1.319868E2	-3.368577E-6	4.805772E-5
1.320868E2	-3.241353E-6	4.832202E-5
1.321868E2	-3.321120E-6	4.851849E-5
1.322868E2	-3.348197E-6	4.868868E-5
1.323868E2	-3.274025E-6	4.865428E-5
1.324868E2	-3.355404E-6	4.845208E-5
1.325867E2	-3.560073E-6	4.850284E-5
1.326867E2	-3.720283E-6	4.889850E-5
1.327867E2	-3.730271E-6	4.894897E-5
1.328867E2	-3.887335E-6	4.872470E-5
1.329867E2	-3.898899E-6	4.877452E-5
1.330867E2	-3.900573E-6	4.880679E-5
1.331867E2	-4.023005E-6	4.906916E-5
1.332867E2	-4.075092E-6	4.916858E-5
1.333867E2	-4.113629E-6	4.947184E-5
1.334867E2	-4.003299E-6	4.947102E-5
1.335866E2	-4.151946E-6	4.937228E-5
1.336866E2	-4.213109E-6	4.956608E-5
1.337866E2	-4.521687E-6	4.945650E-5
1.338866E2	-4.617605E-6	4.927517E-5
1.339866E2	-4.544161E-6	4.905969E-5
1.340866E2	-4.765579E-6	4.909123E-5
1.341866E2	-4.954093E-6	4.919927E-5
1.342866E2	-4.909623E-6	4.910588E-5
1.343866E2	-5.040578E-6	4.925534E-5
1.344866E2	-5.159021E-6	4.930439E-5
1.345865E2	-4.958591E-6	4.919248E-5
1.346865E2	-5.063532E-6	4.921508E-5
1.347865E2	-5.209900E-6	4.913913E-5
1.348865E2	-5.392128E-6	4.902888E-5
1.349865E2	-5.361949E-6	4.890763E-5
1.350865E2	-5.292235E-6	4.910689E-5
1.351865E2	-5.463659E-6	4.914020E-5
1.352865E2	-5.641809E-6	4.925777E-5
1.353865E2	-5.709934E-6	4.930542E-5
1.354865E2	-5.559076E-6	4.923209E-5
1.355864E2	-5.508709E-6	4.924065E-5
1.356864E2	-5.453642E-6	4.907224E-5
1.357864E2	-5.578446E-6	4.906569E-5
1.358864E2	-5.717603E-6	4.930437E-5
1.359864E2	-5.661853E-6	4.935731E-5
1.360864E2	-5.830170E-6	4.950306E-5
1.361864E2	-5.764106E-6	4.932342E-5
1.362864E2	-5.557554E-6	4.911759E-5
1.363864E2	-5.357611E-6	4.900692E-5
1.364864E2	-5.374546E-6	4.932959E-5
1.365863E2	-5.541630E-6	4.927471E-5
1.366863E2	-5.746335E-6	4.919581E-5
1.367863E2	-5.692067E-6	4.921645E-5
1.368863E2	-5.957011E-6	4.930782E-5
1.369863E2	-6.332595E-6	4.942850E-5
1.370863E2	-6.143970E-6	4.937475E-5
1.371863E2	-6.066452E-6	4.923172E-5
1.372863E2	-6.111028E-6	4.888301E-5
1.373863E2	-6.303920E-6	4.884557E-5
1.374863E2	-6.375686E-6	4.876168E-5
1.375862E2	-6.103233E-6	4.865184E-5
1.376862E2	-6.138437E-6	4.894264E-5
1.377862E2	-6.230949E-6	4.896574E-5
1.378862E2	-6.291417E-6	4.881073E-5
1.379862E2	-6.206908E-6	4.850734E-5
1.380862E2	-6.087669E-6	4.816651E-5
1.381862E2	-5.978542E-6	4.825397E-5
1.382862E2	-5.802333E-6	4.845155E-5
1.383862E2	-5.802786E-6	4.869473E-5
1.384862E2	-5.994501E-6	4.841813E-5
1.385861E2	-6.099590E-6	4.839272E-5
1.386861E2	-6.112035E-6	4.820801E-5
1.387861E2	-5.904449E-6	4.834630E-5
1.388861E2	-5.691004E-6	4.838020E-5
1.389861E2	-5.496951E-6	4.851187E-5
1.390861E2	-5.178160E-6	4.849762E-5
1.391861E2	-5.075071E-6	4.849259E-5
1.392861E2	-5.266390E-6	4.868874E-5
1.393861E2	-5.272041E-6	4.862565E-5
1.394861E2	-5.275962E-6	4.884299E-5
1.395860E2	-5.467342E-6	4.912097E-5
1.396860E2	-5.776309E-6	4.941835E-5
1.397860E2	-5.651559E-6	4.978065E-5
1.398860E2	-5.516569E-6	4.966393E-5
1.399860E2	-5.741235E-6	4.965479E-5
1.400860E2	-5.580500E-6	4.991627E-5
1.401860E2	-5.572548E-6	5.001586E-5
1.402860E2	-5.339890E-6	4.994715E-5
1.403860E2	-5.291945E-6	4.983612E-5
1.404860E2	-5.553943E-6	4.989788E-5
1.405859E2	-5.583678E-6	4.968096E-5
1.406859E2	-5.588228E-6	4.981557E-5
1.407859E2	-5.566368E-6	4.992681E-5
1.408859E2	-5.587041E-6	4.987702E-5
1.409859E2	-5.534076E-6	5.009529E-5
1.410859E2	-5.492125E-6	5.011515E-5
1.411859E2	-5.709313E-6	5.012086E-5
1.412859E2	-5.713096E-6	5.033694E-5
1.413859E2	-5.629896E-6	5.030995E-5
1.414859E2	-5.680645E-6	5.019904E-5
1.415858E2	-5.739267E-6	5.032373E-5
1.416858E2	-5.835002E-6	5.054207E-5
1.417858E2	-5.958718E-6	5.049629E-5
1.418858E2	-5.957488E-6	5.036199E-5
1.419858E2	-6.030772E-6	5.028151E-5
1.420858E2	-6.114542E-6	5.028897E-5
1.421858E2	-6.175424E-6	5.047113E-5
1.422858E2	-6.094333E-6	5.026619E-5
1.423858E2	-6.266358E-6	5.034542E-5
1.424858E2	-6.277998E-6	5.034309E-5
1.425857E2	-6.479076E-6	5.031671E-5
1.426857E2	-6.562480E-6	5.039003E-5
1.427857E2	-6.659723E-6	5.051605E-5
1.428857E2	-6.636654E-6	5.049173E-5
1.429857E2	-6.456320E-6	5.033084E-5
1.430857E2	-6.489776E-6	5.009658E-5
1.431857E2	-6.630873E-6	4.987669E-5
1.432857E2	-6.627379E-6	4.982608E-5
1.433857E2	-6.663896E-6	4.983482E-5
1.434857E2	-7.077397E-6	4.984879E-5
1.435856E2	-7.230661E-6	5.006772E-5
1.436856E2	-7.534166E-6	4.990154E-5
1.437856E2	-7.307274E-6	5.000043E-5
1.438856E2	-7.075894E-6	5.032872E-5
1.439856E2	-7.045267E-6	5.037674E-5
1.440856E2	-6.982225E-6	4.984842E-5
1.441856E2	-7.180936E-6	4.948818E-5
1.442856E2	-7.326937E-6	4.959184E-5
1.443856E2	-7.436166E-6	4.944840E-5
1.444856E2	-7.280761E-6	4.932232E-5
1.445855E2	-7.417181E-6	4.953569E-5
1.446855E2	-7.511114E-6	4.937619E-5
1.447855E2	-7.344651E-6	4.906252E-5
1.448855E2	-7.328738E-6	4.887371E-5
1.449855E2	-7.069094E-6	4.910419E-5
1.450855E2	-6.911784E-6	4.910588E-5
1.451855E2	-7.008723E-6	4.931476E-5
1.452855E2	-6.997184E-6	4.944833E-5
1.453855E2	-6.658027E-6	4.930832E-5
1.454855E2	-6.568329E-6	4.922390E-5
1.455854E2	-6.752934E-6	4.939255E-5
1.456854E2	-6.900402E-6	4.945641E-5
1.457854E2	-6.973218E-6	4.919194E-5
1.458854E2	-6.965995E-6	4.924841E-5
1.459854E2	-7.007503E-6	4.922740E-5
1.460854E2	-6.702997E-6	4.922674E-5
1.461854E2	-6.592389E-6	4.908252E-5
1.462854E2	-6.785980E-6	4.904177E-5
1.463854E2	-7.006329E-6	4.911207E-5
1.464854E2	-6.924694E-6	4.930536E-5
1.465853E2	-6.889637E-6	4.938354E-5
1.466853E2	-6.727494E-6	4.943826E-5
1.467853E2	-6.647828E-6	4.919730E-5
1.468853E2	-6.942169E-6	4.897888E-5
1.469853E2	-7.088424E-6	4.887088E-5
1.470853E2	-7.117377E-6	4.880766E-5
1.471853E2	-7.090964E-6	4.865349E-5
1.472853E2	-6.867470E-6	4.839555E-5
1.473853E2	-6.867991E-6	4.829564E-5
1.474853E2	-6.903699E-6	4.821523E-5
1.475852E2	-6.810911E-6	4.806100E-5
1.476852E2	-6.766011E-6	4.771318E-5
1.477852E2	-6.744042E-6	4.756125E-5
1.478852E2	-6.687289E-6	4.746330E-5
1.479852E2	-6.677488E-6	4.730212E-5
1.480852E2	-6.649959E-6	4.719194E-5
1.481852E2	-6.422993E-6	4.745944E-5
1.482852E2	-6.532906E-6	4.741659E-5
1.483852E2	-6.696780E-6	4.747182E-5
1.484852E2	-6.852940E-6	4.725329E-5
1.485851E2	-6.739055E-6	4.729300E-5
1.486851E2	-6.654521E-6	4.735722E-5
1.487851E2	-6.515929E-6	4.755774E-5
1.488851E2	-6.302283E-6	4.779812E-5
1.489851E2	-6.395307E-6	4.780795E-5
1.490851E2	-6.611993E-6	4.793273E-5
1.491851E2	-6.633535E-6	4.809237E-5
1.492851E2	-6.852440E-6	4.847113E-5
1.493851E2	-6.899866E-6	4.847188E-5
1.494851E2	-6.826021E-6	4.851282E-5
1.495850E2	-6.989448E-6	4.831555E-5
1.496850E2	-6.995617E-6	4.818458E-5
1.497850E2	-6.905332E-6	4.802436E-5
1.498850E2	-7.055727E-6	4.802960E-5
1.499850E2	-7.354682E-6	4.810027E-5
1.500850E2	-7.371507E-6	4.798305E-5
1.501850E2	-7.481993E-6	4.776340E-5
1.502850E2	-7.473696E-6	4.787639E-5
1.503850E2	-7.326862E-6	4.813781E-5
1.504850E2	-7.344852E-6	4.812399E-5
1.505849E2	-7.410352E-6	4.812552E-5
1.506849E2	-7.232384E-6	4.810924E-5
1.507849E2	-7.082183E-6	4.822461E-5
1.508849E2	-7.134180E-6	4.834834E-5
1.509849E2	-7.282058E-6	4.834836E-5
1.510849E2	-7.124534E-6	4.845675E-5
1.511849E2	-7.137403E-6	4.864975E-5
1.512849E2	-6.884454E-6	4.869652E-5
1.513849E2	-6.534182E-6	4.876102E-5
1.514849E2	-6.480163E-6	4.886988E-5
1.515848E2	-6.530403E-6	4.903531E-5
1.516848E2	-6.581179E-6	4.892342E-5
1.517848E2	-6.419621E-6	4.885950E-5
1.518848E2	-6.660341E-6	4.880366E-5
1.519848E2	-6.572021E-6	4.899149E-5
1.520848E2	-6.481486E-6	4.901479E-5
1.521848E2	-6.823647E-6	4.911579E-5
1.522848E2	-6.872476E-6	4.947754E-5
1.523848E2	-6.780187E-6	4.969679E-5
1.524848E2	-6.910261E-6	4.995142E-5
1.525847E2	-6.913307E-6	5.004859E-5
1.526847E2	-6.864700E-6	5.028895E-5
1.527847E2	-6.846242E-6	5.051007E-5
1.528847E2	-6.850834E-6	5.032727E-5
1.529847E2	-6.562027E-6	5.078591E-5
1.530847E2	-6.352922E-6	5.090834E-5
1.531847E2	-6.139940E-6	5.096227E-5
1.532847E2	-6.050182E-6	5.095440E-5
1.533847E2	-5.948307E-6	5.103858E-5
1.534847E2	-5.896464E-6	5.105495E-5
1.535846E2	-5.764050E-6	5.084578E-5
1.536846E2	-5.919970E-6	5.084571E-5
1.537846E2	-5.798941E-6	5.082127E-5
1.538846E2	-5.813774E-6	5.066719E-5
1.539846E2	-5.709469E-6	5.044311E-5
1.540846E2	-5.760983E-6	5.055376E-5
1.541846E2	-5.242869E-6	5.036448E-5
1.542846E2	-5.100190E-6	5.012362E-5
1.543846E2	-4.939752E-6	5.001410E-5
1.544846E2	-4.866847E-6	4.993607E-5
1.545845E2	-4.758688E-6	5.035467E-5
1.546845E2	-5.034016E-6	5.021627E-5
1.547845E2	-4.903762E-6	5.027773E-5
1.548845E2	-4.631160E-6	5.012224E-5
1.549845E2	-4.896406E-6	5.048642E-5
1.550845E2	-4.887723E-6	5.075350E-5
1.551845E2	-4.686311E-6	5.072902E-5
1.552845E2	-4.711016E-6	5.059701E-5
1.553845E2	-4.632588E-6	5.070615E-5
1.554845E2	-4.502641E-6	5.076428E-5
1.555844E2	-4.742681E-6	5.091486E-5
1.556844E2	-4.866192E-6	5.074091E-5
1.557844E2	-4.901837E-6	5.043764E-5
1.558844E2	-4.875801E-6	5.059227E-5
1.559844E2	-4.985380E-6	5.043552E-5
1.560844E2	-4.878779E-6	5.034507E-5
1.561844E2	-4.688230E-6	5.018691E-5
1.562844E2	-4.466449E-6	5.016892E-5
1.563844E2	-4.569607E-6	4.983856E-5
1.564844E2	-4.673037E-6	5.010923E-5
1.565843E2	-4.957456E-6	5.018431E-5
1.566843E2	-5.109870E-6	5.012667E-5
1.567843E2	-4.973687E-6	5.035876E-5
1.568843E2	-5.070576E-6	5.023968E-5
1.569843E2	-5.323771E-6	4.990835E-5
1.570843E2	-5.139261E-6	4.986471E-5
1.571843E2	-5.014850E-6	4.986597E-5
1.572843E2	-5.197655E-6	5.003861E-5
1.573843E2	-5.254534E-6	4.983159E-5
1.574843E2	-4.952393E-6	4.960715E-5
1.575842E2	-4.491386E-6	4.946594E-5
1.576842E2	-4.650340E-6	4.947721E-5
1.577842E2	-4.858274E-6	4.949789E-5
1.578842E2	-4.919698E-6	4.944250E-5
1.579842E2	-4.929615E-6	4.960408E-5
1.580842E2	-5.006861E-6	4.959748E-5
1.581842E2	-5.243981E-6	4.951095E-5
1.582842E2	-5.196232E-6	4.934493E-5
