0.000000E0	-6.706963E-7	-5.574232E-5
9.999000E-2	-4.655983E-7	-5.565953E-5
1.999800E-1	-8.967067E-9	-5.532159E-5
2.999700E-1	6.091755E-8	-5.505179E-5
3.999600E-1	1.072241E-7	-5.491764E-5
4.999500E-1	2.007287E-7	-5.480732E-5
5.999400E-1	-2.341278E-8	-5.473233E-5
6.999300E-1	-2.007345E-7	-5.478593E-5
7.999200E-1	7.031859E-8	-5.477281E-5
8.999100E-1	2.085719E-7	-5.488262E-5
9.999000E-1	1.495708E-7	-5.461763E-5
1.099890E0	-6.821818E-8	-5.457130E-5
1.199880E0	7.761861E-8	-5.451103E-5
1.299870E0	-2.303494E-8	-5.470655E-5
1.399860E0	-6.038104E-8	-5.482233E-5
1.499850E0	2.178732E-7	-5.475841E-5
1.599840E0	4.678225E-7	-5.451498E-5
1.699830E0	8.995098E-7	-5.429593E-5
1.799820E0	1.143515E-6	-5.423790E-5
1.899810E0	1.444202E-6	-5.421292E-5
1.999800E0	1.077700E-6	-5.430989E-5
2.099790E0	1.107035E-6	-5.427739E-5
2.199780E0	1.272865E-6	-5.417385E-5
2.299770E0	1.324974E-6	-5.399660E-5
2.399760E0	1.603332E-6	-5.402086E-5
2.499750E0	1.697812E-6	-5.403165E-5
2.599740E0	1.770748E-6	-5.410768E-5
2.699730E0	1.753400E-6	-5.418382E-5
2.799720E0	1.504437E-6	-5.411324E-5
2.899710E0	1.399764E-6	-5.413887E-5
2.999700E0	1.677017E-6	-5.403459E-5
3.099690E0	1.993990E-6	-5.408192E-5
3.199680E0	2.203259E-6	-5.411363E-5
3.299670E0	2.441616E-6	-5.427674E-5
3.399660E0	2.485700E-6	-5.423028E-5
3.499650E0	2.335091E-6	-5.419487E-5
3.599640E0	2.580362E-6	-5.396318E-5
3.699630E0	2.596725E-6	-5.396983E-5
3.799620E0	2.578413E-6	-5.386389E-5
3.899610E0	2.622945E-6	-5.386515E-5
3.999600E0	2.759046E-6	-5.391815E-5
4.099590E0	2.656197E-6	-5.403383E-5
4.199580E0	3.023407E-6	-5.393407E-5
4.299570E0	3.206383E-6	-5.390179E-5
4.399560E0	3.148170E-6	-5.400329E-5
4.499550E0	2.863143E-6	-5.415673E-5
4.599540E0	2.947028E-6	-5.444540E-5
4.699530E0	2.770230E-6	-5.462043E-5
4.799520E0	2.505233E-6	-5.470609E-5
4.899510E0	2.496296E-6	-5.462636E-5
4.999500E0	2.628870E-6	-5.453252E-5
5.099490E0	2.544569E-6	-5.464517E-5
5.199480E0	2.328673E-6	-5.488228E-5
5.299470E0	2.327400E-6	-5.518176E-5
5.399460E0	2.404923E-6	-5.526098E-5
5.499450E0	2.201104E-6	-5.533181E-5
5.599440E0	2.275707E-6	-5.551288E-5
5.699430E0	2.431177E-6	-5.564792E-5
5.799420E0	2.530664E-6	-5.572325E-5
5.899410E0	2.464494E-6	-5.558487E-5
5.999400E0	2.458711E-6	-5.555240E-5
6.099390E0	2.330139E-6	-5.552498E-5
6.199380E0	2.263663E-6	-5.570614E-5
6.299370E0	2.291235E-6	-5.576953E-5
6.399360E0	2.244372E-6	-5.600814E-5
6.499350E0	2.107026E-6	-5.611044E-5
6.599340E0	2.075679E-6	-5.614971E-5
6.699330E0	2.131647E-6	-5.635229E-5
6.799320E0	2.175744E-6	-5.653635E-5
6.899310E0	2.080137E-6	-5.644472E-5
6.999300E0	1.915407E-6	-5.645466E-5
7.099290E0	1.649882E-6	-5.645701E-5
7.199280E0	1.593247E-6	-5.639466E-5
7.299270E0	1.744776E-6	-5.644923E-5
7.399260E0	1.808346E-6	-5.643106E-5
7.499250E0	1.866830E-6	-5.662054E-5
7.599240E0	1.851505E-6	-5.667712E-5
7.699230E0	1.827738E-6	-5.637747E-5
7.799220E0	1.817603E-6	-5.614671E-5
7.899210E0	1.720155E-6	-5.600106E-5
7.999200E0	1.565909E-6	-5.596116E-5
8.099190E0	1.474121E-6	-5.585340E-5
8.199180E0	1.312787E-6	-5.583763E-5
8.299170E0	1.149484E-6	-5.581083E-5
8.399160E0	1.172225E-6	-5.582236E-5
8.499150E0	8.866034E-7	-5.576004E-5
8.599140E0	7.917004E-7	-5.575258E-5
8.699130E0	7.465361E-7	-5.570983E-5
8.799120E0	5.125779E-7	-5.576839E-5
8.899110E0	5.932566E-7	-5.575011E-5
8.999100E0	6.913088E-7	-5.578251E-5
9.099090E0	9.174737E-7	-5.515464E-5
9.199080E0	7.590787E-7	-5.509640E-5
9.299070E0	7.768159E-7	-5.524511E-5
9.399060E0	7.732601E-7	-5.528711E-5
9.499050E0	7.536958E-7	-5.527492E-5
9.599040E0	5.554003E-7	-5.531702E-5
9.699030E0	3.465436E-7	-5.540168E-5
9.799020E0	1.670254E-7	-5.538359E-5
9.899010E0	2.682733E-7	-5.531761E-5
9.999000E0	2.064185E-7	-5.519746E-5
1.009899E1	3.519115E-7	-5.529779E-5
1.019898E1	3.826910E-7	-5.527114E-5
1.029897E1	2.344789E-7	-5.535027E-5
1.039896E1	1.335386E-7	-5.549084E-5
1.049895E1	3.180512E-7	-5.549004E-5
1.059894E1	3.500650E-7	-5.571751E-5
1.069893E1	3.270967E-7	-5.566397E-5
1.079892E1	2.953589E-7	-5.575407E-5
1.089891E1	3.400247E-7	-5.590810E-5
1.099890E1	4.813568E-8	-5.588562E-5
1.109889E1	-8.392960E-8	-5.581254E-5
1.119888E1	-2.693842E-8	-5.589336E-5
1.129887E1	-1.084886E-7	-5.578238E-5
1.139886E1	-3.564914E-9	-5.555451E-5
1.149885E1	-8.250633E-8	-5.543296E-5
1.159884E1	-7.118783E-8	-5.520662E-5
1.169883E1	-9.050953E-8	-5.524268E-5
1.179882E1	2.181948E-7	-5.498465E-5
1.189881E1	-3.073027E-8	-5.487575E-5
1.199880E1	-2.418073E-7	-5.479844E-5
1.209879E1	-3.054223E-7	-5.511895E-5
1.219878E1	-3.630201E-7	-5.517138E-5
1.229877E1	-8.572176E-8	-5.529196E-5
1.239876E1	5.886867E-8	-5.531256E-5
1.249875E1	1.188414E-7	-5.507434E-5
1.259874E1	9.087178E-9	-5.522308E-5
1.269873E1	-1.782214E-7	-5.504953E-5
1.279872E1	-1.917302E-8	-5.475212E-5
1.289871E1	1.392873E-7	-5.456039E-5
1.299870E1	2.248868E-7	-5.433586E-5
1.309869E1	4.174458E-8	-5.446601E-5
1.319868E1	4.092290E-7	-5.466228E-5
1.329867E1	4.977570E-7	-5.471441E-5
1.339866E1	6.561956E-7	-5.471167E-5
1.349865E1	6.046782E-7	-5.457242E-5
1.359864E1	8.213582E-7	-5.431547E-5
1.369863E1	8.451578E-7	-5.401657E-5
1.379862E1	9.387996E-7	-5.399466E-5
1.389861E1	1.000878E-6	-5.388219E-5
1.399860E1	1.114820E-6	-5.387997E-5
1.409859E1	1.101799E-6	-5.381394E-5
1.419858E1	1.052291E-6	-5.380437E-5
1.429857E1	9.344567E-7	-5.385079E-5
1.439856E1	8.255973E-7	-5.396945E-5
1.449855E1	5.728991E-7	-5.408169E-5
1.459854E1	6.339621E-7	-5.402419E-5
1.469853E1	5.187676E-7	-5.407222E-5
1.479852E1	6.749078E-7	-5.428244E-5
1.489851E1	7.519154E-7	-5.418015E-5
1.499850E1	7.793286E-7	-5.400370E-5
1.509849E1	8.077366E-7	-5.395188E-5
1.519848E1	9.018231E-7	-5.395087E-5
1.529847E1	1.035022E-6	-5.396295E-5
1.539846E1	1.169700E-6	-5.386141E-5
1.549845E1	1.443164E-6	-5.398977E-5
1.559844E1	1.582557E-6	-5.385304E-5
1.569843E1	1.605857E-6	-5.398472E-5
1.579842E1	1.560822E-6	-5.390324E-5
1.589841E1	1.546189E-6	-5.396407E-5
1.599840E1	1.740594E-6	-5.421397E-5
1.609839E1	1.622451E-6	-5.440115E-5
1.619838E1	1.331444E-6	-5.470791E-5
1.629837E1	1.490980E-6	-5.491871E-5
1.639836E1	1.815685E-6	-5.473497E-5
1.649835E1	2.074260E-6	-5.479932E-5
1.659834E1	2.152283E-6	-5.499888E-5
1.669833E1	2.116368E-6	-5.525097E-5
1.679832E1	2.162442E-6	-5.527024E-5
1.689831E1	2.456563E-6	-5.521247E-5
1.699830E1	2.489178E-6	-5.512572E-5
1.709829E1	2.274981E-6	-5.546562E-5
1.719828E1	2.402234E-6	-5.570862E-5
1.729827E1	2.602352E-6	-5.608180E-5
1.739826E1	2.557679E-6	-5.617158E-5
1.749825E1	2.656982E-6	-5.608250E-5
1.759824E1	2.529244E-6	-5.599973E-5
1.769823E1	2.543698E-6	-5.613582E-5
1.779822E1	2.772702E-6	-5.618900E-5
1.789821E1	3.027453E-6	-5.604940E-5
1.799820E1	3.005188E-6	-5.589771E-5
1.809819E1	3.027058E-6	-5.605827E-5
1.819818E1	3.004012E-6	-5.604561E-5
1.829817E1	2.847032E-6	-5.575962E-5
1.839816E1	2.809634E-6	-5.556020E-5
1.849815E1	2.597948E-6	-5.522444E-5
1.859814E1	2.713031E-6	-5.514167E-5
1.869813E1	2.603159E-6	-5.497178E-5
1.879812E1	2.650744E-6	-5.492118E-5
1.889811E1	2.503111E-6	-5.481490E-5
1.899810E1	2.344094E-6	-5.464361E-5
1.909809E1	2.130064E-6	-5.483959E-5
1.919808E1	2.050830E-6	-5.496694E-5
1.929807E1	1.974669E-6	-5.484416E-5
1.939806E1	1.476155E-6	-5.460188E-5
1.949805E1	1.455777E-6	-5.427792E-5
1.959804E1	1.468893E-6	-5.418678E-5
1.969803E1	1.497601E-6	-5.428199E-5
1.979802E1	1.514579E-6	-5.434123E-5
1.989801E1	1.611693E-6	-5.422088E-5
1.999800E1	1.695074E-6	-5.400396E-5
2.009799E1	1.697196E-6	-5.429638E-5
2.019798E1	1.735160E-6	-5.405761E-5
2.029797E1	2.166342E-6	-5.406619E-5
2.039796E1	2.431995E-6	-5.398383E-5
2.049795E1	2.598982E-6	-5.388558E-5
2.059794E1	2.776601E-6	-5.424102E-5
2.069793E1	3.044948E-6	-5.409413E-5
2.079792E1	3.133503E-6	-5.360823E-5
2.089791E1	3.193805E-6	-5.338431E-5
2.099790E1	3.112455E-6	-5.337832E-5
2.109789E1	2.990754E-6	-5.343885E-5
2.119788E1	2.978200E-6	-5.323121E-5
2.129787E1	3.113306E-6	-5.339141E-5
2.139786E1	3.123214E-6	-5.352877E-5
2.149785E1	2.821491E-6	-5.362790E-5
2.159784E1	3.126769E-6	-5.372129E-5
2.169783E1	3.297541E-6	-5.384599E-5
2.179782E1	3.303433E-6	-5.396860E-5
2.189781E1	3.248234E-6	-5.380452E-5
2.199780E1	2.998525E-6	-5.354172E-5
2.209779E1	3.019185E-6	-5.331931E-5
2.219778E1	2.925514E-6	-5.312000E-5
2.229777E1	2.865016E-6	-5.316055E-5
2.239776E1	2.899564E-6	-5.306925E-5
2.249775E1	2.908478E-6	-5.315194E-5
2.259774E1	3.088655E-6	-5.315659E-5
2.269773E1	3.110874E-6	-5.317287E-5
2.279772E1	3.411227E-6	-5.348959E-5
2.289771E1	3.495719E-6	-5.342469E-5
2.299770E1	3.549275E-6	-5.327559E-5
2.309769E1	3.486496E-6	-5.318298E-5
2.319768E1	3.376650E-6	-5.312827E-5
2.329767E1	3.595971E-6	-5.288162E-5
2.339766E1	3.870785E-6	-5.246037E-5
2.349765E1	4.015631E-6	-5.225137E-5
2.359764E1	3.897861E-6	-5.214089E-5
2.369763E1	3.956183E-6	-5.197372E-5
2.379762E1	3.649886E-6	-5.218501E-5
2.389761E1	3.725665E-6	-5.228627E-5
2.399760E1	3.789051E-6	-5.233118E-5
2.409759E1	3.726035E-6	-5.221448E-5
2.419758E1	3.669769E-6	-5.207277E-5
2.429757E1	3.689427E-6	-5.186048E-5
2.439756E1	3.437991E-6	-5.212528E-5
2.449755E1	3.469418E-6	-5.240600E-5
2.459754E1	3.454988E-6	-5.255435E-5
2.469753E1	3.385292E-6	-5.263638E-5
2.479752E1	3.172743E-6	-5.267061E-5
2.489751E1	2.969739E-6	-5.256582E-5
2.499750E1	2.855855E-6	-5.261032E-5
2.509749E1	2.925170E-6	-5.270695E-5
2.519748E1	2.912859E-6	-5.275083E-5
2.529747E1	3.145764E-6	-5.281358E-5
2.539746E1	3.287259E-6	-5.264388E-5
2.549745E1	3.496973E-6	-5.253053E-5
2.559744E1	3.859303E-6	-5.215191E-5
2.569743E1	3.721954E-6	-5.207172E-5
2.579742E1	3.728223E-6	-5.203138E-5
2.589741E1	3.539310E-6	-5.198777E-5
2.599740E1	3.446574E-6	-5.219994E-5
2.609739E1	3.547850E-6	-5.234503E-5
2.619738E1	3.428545E-6	-5.223637E-5
2.629737E1	3.433731E-6	-5.215750E-5
2.639736E1	3.350986E-6	-5.199014E-5
2.649735E1	3.023204E-6	-5.212449E-5
2.659734E1	2.969579E-6	-5.193938E-5
2.669733E1	3.109499E-6	-5.160945E-5
2.679732E1	3.027958E-6	-5.124334E-5
2.689731E1	3.080123E-6	-5.105850E-5
2.699730E1	3.016221E-6	-5.121418E-5
2.709729E1	2.830197E-6	-5.105552E-5
2.719728E1	2.678777E-6	-5.057737E-5
2.729727E1	2.545242E-6	-5.030822E-5
2.739726E1	2.613691E-6	-5.020058E-5
2.749725E1	2.680881E-6	-5.031475E-5
2.759724E1	2.747962E-6	-5.054015E-5
2.769723E1	2.536060E-6	-5.039188E-5
2.779722E1	2.683647E-6	-5.054035E-5
2.789721E1	2.501782E-6	-5.087420E-5
2.799720E1	2.449112E-6	-5.079425E-5
2.809719E1	2.302339E-6	-5.089812E-5
2.819718E1	2.285346E-6	-5.064718E-5
2.829717E1	2.178214E-6	-5.072326E-5
2.839716E1	2.370393E-6	-5.055038E-5
2.849715E1	2.466311E-6	-5.030099E-5
2.859714E1	2.291782E-6	-4.992752E-5
2.869713E1	2.481186E-6	-4.963615E-5
2.879712E1	2.539071E-6	-4.938917E-5
2.889711E1	2.320545E-6	-4.907796E-5
2.899710E1	2.058606E-6	-4.889331E-5
2.909709E1	1.794437E-6	-4.883284E-5
2.919708E1	1.872465E-6	-4.898431E-5
2.929707E1	1.940431E-6	-4.886607E-5
2.939706E1	2.009297E-6	-4.897776E-5
2.949705E1	2.030290E-6	-4.897588E-5
2.959704E1	1.804971E-6	-4.890369E-5
2.969703E1	1.663831E-6	-4.889000E-5
2.979702E1	1.495673E-6	-4.900535E-5
2.989701E1	1.558979E-6	-4.897129E-5
2.999700E1	1.388519E-6	-4.878566E-5
3.009699E1	1.549275E-6	-4.885480E-5
3.019698E1	1.488481E-6	-4.862884E-5
3.029697E1	1.310237E-6	-4.861139E-5
3.039696E1	1.494219E-6	-4.853488E-5
3.049695E1	1.687596E-6	-4.839137E-5
3.059694E1	1.732916E-6	-4.839103E-5
3.069693E1	1.674396E-6	-4.848979E-5
3.079692E1	1.683215E-6	-4.861856E-5
3.089691E1	1.730302E-6	-4.878607E-5
3.099690E1	1.609446E-6	-4.868651E-5
3.109689E1	1.463838E-6	-4.880222E-5
3.119688E1	1.459854E-6	-4.889350E-5
3.129687E1	1.346872E-6	-4.880765E-5
3.139686E1	1.385412E-6	-4.881492E-5
3.149685E1	1.432951E-6	-4.890456E-5
3.159684E1	1.490686E-6	-4.888109E-5
3.169683E1	1.531095E-6	-4.882666E-5
3.179682E1	1.459288E-6	-4.881004E-5
3.189681E1	1.440683E-6	-4.880017E-5
3.199680E1	1.431999E-6	-4.899484E-5
3.209679E1	1.392120E-6	-4.894021E-5
3.219678E1	1.544284E-6	-4.895907E-5
3.229677E1	1.741619E-6	-4.901953E-5
3.239676E1	2.017793E-6	-4.903254E-5
3.249675E1	2.138351E-6	-4.889016E-5
3.259674E1	2.172051E-6	-4.867724E-5
3.269673E1	2.143749E-6	-4.860039E-5
3.279672E1	1.855541E-6	-4.861058E-5
3.289671E1	1.797152E-6	-4.862570E-5
3.299670E1	1.669910E-6	-4.865862E-5
3.309669E1	1.597021E-6	-4.848638E-5
3.319668E1	1.495250E-6	-4.857179E-5
3.329667E1	1.670195E-6	-4.887377E-5
3.339666E1	1.728739E-6	-4.900633E-5
3.349665E1	1.598520E-6	-4.895918E-5
3.359664E1	1.667632E-6	-4.894876E-5
3.369663E1	1.677378E-6	-4.893603E-5
3.379662E1	1.900824E-6	-4.867618E-5
3.389661E1	1.916482E-6	-4.852980E-5
3.399660E1	2.152774E-6	-4.869323E-5
3.409659E1	2.167466E-6	-4.869523E-5
3.419658E1	2.079099E-6	-4.859629E-5
3.429657E1	1.952716E-6	-4.867657E-5
3.439656E1	1.853404E-6	-4.886354E-5
3.449655E1	1.956646E-6	-4.902032E-5
3.459654E1	1.991374E-6	-4.901858E-5
3.469653E1	2.167832E-6	-4.928097E-5
3.479652E1	2.556215E-6	-4.960291E-5
3.489651E1	2.665836E-6	-4.977713E-5
3.499650E1	2.751450E-6	-4.991371E-5
3.509649E1	2.762835E-6	-4.986943E-5
3.519648E1	2.711959E-6	-4.958353E-5
3.529647E1	2.542334E-6	-4.935416E-5
3.539646E1	2.450830E-6	-4.914160E-5
3.549645E1	2.439633E-6	-4.905037E-5
3.559644E1	2.683697E-6	-4.929023E-5
3.569643E1	2.670029E-6	-4.923498E-5
3.579642E1	2.526062E-6	-4.910197E-5
3.589641E1	2.758507E-6	-4.941716E-5
3.599640E1	2.765053E-6	-4.946916E-5
3.609639E1	2.740347E-6	-4.928064E-5
3.619638E1	2.861288E-6	-4.941620E-5
3.629637E1	2.761820E-6	-4.944791E-5
3.639636E1	2.818004E-6	-4.953232E-5
3.649635E1	2.712632E-6	-4.969194E-5
3.659634E1	2.672881E-6	-4.998814E-5
3.669633E1	2.495690E-6	-5.014957E-5
3.679632E1	2.036087E-6	-5.007932E-5
3.689631E1	1.920188E-6	-5.026279E-5
3.699630E1	2.065343E-6	-5.020939E-5
3.709629E1	2.115033E-6	-5.037291E-5
3.719628E1	2.331926E-6	-5.041644E-5
3.729627E1	2.069904E-6	-5.032909E-5
3.739626E1	2.043161E-6	-5.028345E-5
3.749625E1	1.742471E-6	-5.027783E-5
3.759624E1	1.583111E-6	-5.028952E-5
3.769623E1	1.904120E-6	-5.022691E-5
3.779622E1	1.918991E-6	-5.021858E-5
3.789621E1	2.086893E-6	-5.022886E-5
3.799620E1	2.155387E-6	-5.008463E-5
3.809619E1	2.279576E-6	-5.011507E-5
3.819618E1	2.264578E-6	-5.016675E-5
3.829617E1	2.132636E-6	-5.017673E-5
3.839616E1	2.215695E-6	-5.017243E-5
3.849615E1	1.996001E-6	-5.016596E-5
3.859614E1	1.840625E-6	-5.012431E-5
3.869613E1	1.751784E-6	-4.991273E-5
3.879612E1	1.869792E-6	-4.986376E-5
3.889611E1	1.950990E-6	-4.985011E-5
3.899610E1	1.848809E-6	-4.976685E-5
3.909609E1	1.865582E-6	-4.969171E-5
3.919608E1	1.570593E-6	-4.965709E-5
3.929607E1	1.401679E-6	-4.969420E-5
3.939606E1	1.542096E-6	-4.980070E-5
3.949605E1	1.616067E-6	-4.969259E-5
3.959604E1	1.789020E-6	-4.964318E-5
3.969603E1	1.915271E-6	-4.949628E-5
3.979602E1	1.834100E-6	-4.937954E-5
3.989601E1	1.848567E-6	-4.921527E-5
3.999600E1	1.871818E-6	-4.916360E-5
4.009599E1	1.839063E-6	-4.917419E-5
4.019598E1	1.805237E-6	-4.904094E-5
4.029597E1	1.883368E-6	-4.876796E-5
4.039596E1	1.940975E-6	-4.872548E-5
4.049595E1	2.081768E-6	-4.874361E-5
4.059594E1	2.148302E-6	-4.863430E-5
4.069593E1	2.200166E-6	-4.837528E-5
4.079592E1	2.319262E-6	-4.847067E-5
4.089591E1	2.198526E-6	-4.835978E-5
4.099590E1	2.187423E-6	-4.806931E-5
4.109589E1	2.028343E-6	-4.782011E-5
4.119588E1	2.111903E-6	-4.758409E-5
4.129587E1	2.321794E-6	-4.757006E-5
4.139586E1	2.413410E-6	-4.768027E-5
4.149585E1	2.370770E-6	-4.767968E-5
4.159584E1	2.119080E-6	-4.787725E-5
4.169583E1	2.092777E-6	-4.778189E-5
4.179582E1	2.331037E-6	-4.766012E-5
4.189581E1	2.603028E-6	-4.764281E-5
4.199580E1	2.878110E-6	-4.767840E-5
4.209579E1	3.027122E-6	-4.791449E-5
4.219578E1	2.896159E-6	-4.768916E-5
4.229577E1	2.745247E-6	-4.727986E-5
4.239576E1	2.808831E-6	-4.696379E-5
4.249575E1	2.585597E-6	-4.680983E-5
4.259574E1	2.567437E-6	-4.671043E-5
4.269573E1	2.513408E-6	-4.654420E-5
4.279572E1	2.381262E-6	-4.665697E-5
4.289571E1	2.378009E-6	-4.675156E-5
4.299570E1	2.356563E-6	-4.671185E-5
4.309569E1	2.373877E-6	-4.682946E-5
4.319568E1	2.567177E-6	-4.701560E-5
4.329567E1	2.499768E-6	-4.689078E-5
4.339566E1	2.534406E-6	-4.687681E-5
4.349565E1	2.737054E-6	-4.692024E-5
4.359564E1	2.529906E-6	-4.693716E-5
4.369563E1	2.553743E-6	-4.701229E-5
4.379562E1	2.871290E-6	-4.704945E-5
4.389561E1	2.999133E-6	-4.708815E-5
4.399560E1	2.995820E-6	-4.702061E-5
4.409559E1	3.135368E-6	-4.725570E-5
4.419558E1	3.331028E-6	-4.740835E-5
4.429557E1	3.837473E-6	-4.752031E-5
4.439556E1	4.118964E-6	-4.766413E-5
4.449555E1	4.146731E-6	-4.737516E-5
4.459554E1	4.031510E-6	-4.742477E-5
4.469553E1	4.026478E-6	-4.745068E-5
4.479552E1	3.815516E-6	-4.746565E-5
4.489551E1	3.643988E-6	-4.743624E-5
4.499550E1	3.666064E-6	-4.716068E-5
4.509549E1	3.847385E-6	-4.689789E-5
4.519548E1	3.618042E-6	-4.678946E-5
4.529547E1	3.622192E-6	-4.692727E-5
4.539546E1	3.659727E-6	-4.702736E-5
4.549545E1	3.683879E-6	-4.708415E-5
4.559544E1	3.494526E-6	-4.706801E-5
4.569543E1	3.440678E-6	-4.723416E-5
4.579542E1	3.304479E-6	-4.722910E-5
4.589541E1	3.435736E-6	-4.709756E-5
4.599540E1	3.430973E-6	-4.679709E-5
4.609539E1	3.365711E-6	-4.669854E-5
4.619538E1	3.313408E-6	-4.662498E-5
4.629537E1	3.298861E-6	-4.673889E-5
4.639536E1	3.266576E-6	-4.671127E-5
4.649535E1	3.111270E-6	-4.684113E-5
4.659534E1	2.952469E-6	-4.706056E-5
4.669533E1	3.145990E-6	-4.699975E-5
4.679532E1	3.455635E-6	-4.703949E-5
4.689531E1	3.788092E-6	-4.707582E-5
4.699530E1	3.763966E-6	-4.695060E-5
4.709529E1	3.759640E-6	-4.677764E-5
4.719528E1	3.977065E-6	-4.673172E-5
4.729527E1	4.157711E-6	-4.651114E-5
4.739526E1	4.228199E-6	-4.661145E-5
4.749525E1	4.102184E-6	-4.655251E-5
4.759524E1	3.996589E-6	-4.655502E-5
4.769523E1	3.897080E-6	-4.631957E-5
4.779522E1	4.046248E-6	-4.626424E-5
4.789521E1	4.187904E-6	-4.615009E-5
4.799520E1	4.411848E-6	-4.604555E-5
4.809519E1	4.433724E-6	-4.598805E-5
4.819518E1	4.272782E-6	-4.594883E-5
4.829517E1	4.102647E-6	-4.619821E-5
4.839516E1	4.173043E-6	-4.646476E-5
4.849515E1	4.241288E-6	-4.659099E-5
4.859514E1	4.204350E-6	-4.682843E-5
4.869513E1	4.119214E-6	-4.674843E-5
4.879512E1	3.884586E-6	-4.670405E-5
4.889511E1	3.583402E-6	-4.698749E-5
4.899510E1	3.626850E-6	-4.702154E-5
4.909509E1	3.700102E-6	-4.694750E-5
4.919508E1	3.780335E-6	-4.694554E-5
4.929507E1	3.567482E-6	-4.688198E-5
4.939506E1	3.433507E-6	-4.688032E-5
4.949505E1	3.393956E-6	-4.671490E-5
4.959504E1	3.487731E-6	-4.688237E-5
4.969503E1	3.552602E-6	-4.672324E-5
4.979502E1	3.510264E-6	-4.662179E-5
4.989501E1	3.188311E-6	-4.682695E-5
4.999500E1	2.954464E-6	-4.698767E-5
5.009499E1	2.901868E-6	-4.697795E-5
5.019498E1	3.326944E-6	-4.675555E-5
5.029497E1	3.362697E-6	-4.665738E-5
5.039496E1	3.290058E-6	-4.648798E-5
5.049495E1	3.449291E-6	-4.649642E-5
5.059494E1	3.373142E-6	-4.644178E-5
5.069493E1	3.497857E-6	-4.619214E-5
5.079492E1	3.437996E-6	-4.596977E-5
5.089491E1	3.156688E-6	-4.628757E-5
5.099490E1	3.097234E-6	-4.623421E-5
5.109489E1	3.096960E-6	-4.616563E-5
5.119488E1	2.987103E-6	-4.638007E-5
5.129487E1	2.791916E-6	-4.660348E-5
5.139486E1	2.622669E-6	-4.660035E-5
5.149485E1	2.809122E-6	-4.665419E-5
5.159484E1	3.011886E-6	-4.677697E-5
5.169483E1	2.858048E-6	-4.666583E-5
5.179482E1	2.741784E-6	-4.693393E-5
5.189481E1	2.539531E-6	-4.693115E-5
5.199480E1	2.485242E-6	-4.700372E-5
5.209479E1	2.308513E-6	-4.672763E-5
5.219478E1	2.104122E-6	-4.674567E-5
5.229477E1	2.121433E-6	-4.701120E-5
5.239476E1	2.075021E-6	-4.728477E-5
5.249475E1	1.745685E-6	-4.730282E-5
5.259474E1	1.805743E-6	-4.708718E-5
5.269473E1	1.932883E-6	-4.716032E-5
5.279472E1	2.235141E-6	-4.723103E-5
5.289471E1	2.694024E-6	-4.729404E-5
5.299470E1	3.008332E-6	-4.712787E-5
5.309469E1	2.993142E-6	-4.694777E-5
5.319468E1	2.927278E-6	-4.705779E-5
5.329467E1	2.942163E-6	-4.719533E-5
5.339466E1	2.688458E-6	-4.708899E-5
5.349465E1	2.492384E-6	-4.707404E-5
5.359464E1	2.659824E-6	-4.696829E-5
5.369463E1	2.987241E-6	-4.690556E-5
5.379462E1	3.453634E-6	-4.697595E-5
5.389461E1	3.491607E-6	-4.681808E-5
5.399460E1	3.273216E-6	-4.693236E-5
5.409459E1	3.146169E-6	-4.707807E-5
5.419458E1	3.066914E-6	-4.733635E-5
5.429457E1	2.682542E-6	-4.747841E-5
5.439456E1	2.888758E-6	-4.729064E-5
5.449455E1	2.937926E-6	-4.714789E-5
5.459454E1	2.831324E-6	-4.679547E-5
5.469453E1	2.836546E-6	-4.701749E-5
5.479452E1	2.707274E-6	-4.713053E-5
5.489451E1	2.731574E-6	-4.723645E-5
5.499450E1	2.722127E-6	-4.720718E-5
5.509449E1	2.702416E-6	-4.727143E-5
5.519448E1	2.728355E-6	-4.718750E-5
5.529447E1	2.714637E-6	-4.697903E-5
5.539446E1	2.724457E-6	-4.688495E-5
5.549445E1	2.839398E-6	-4.675667E-5
5.559444E1	2.927436E-6	-4.663529E-5
5.569443E1	2.858271E-6	-4.625393E-5
5.579442E1	2.867270E-6	-4.591214E-5
5.589441E1	2.799819E-6	-4.598343E-5
5.599440E1	2.572243E-6	-4.623313E-5
5.609439E1	2.813447E-6	-4.624447E-5
5.619438E1	2.705485E-6	-4.649688E-5
5.629437E1	2.862898E-6	-4.650778E-5
5.639436E1	2.803345E-6	-4.655516E-5
5.649435E1	2.736160E-6	-4.634431E-5
5.659434E1	2.660957E-6	-4.616050E-5
5.669433E1	2.610991E-6	-4.630940E-5
5.679432E1	2.664581E-6	-4.629034E-5
5.689431E1	2.594150E-6	-4.617409E-5
5.699430E1	2.628421E-6	-4.595790E-5
5.709429E1	2.538830E-6	-4.575337E-5
5.719428E1	2.610082E-6	-4.575807E-5
5.729427E1	2.718545E-6	-4.583030E-5
5.739426E1	2.842255E-6	-4.576403E-5
5.749425E1	2.861381E-6	-4.591524E-5
5.759424E1	2.872946E-6	-4.611066E-5
5.769423E1	2.831235E-6	-4.615903E-5
5.779422E1	2.819522E-6	-4.596506E-5
5.789421E1	2.655781E-6	-4.608526E-5
5.799420E1	2.687836E-6	-4.603948E-5
5.809419E1	2.743421E-6	-4.592244E-5
5.819418E1	2.914696E-6	-4.583789E-5
5.829417E1	3.230691E-6	-4.571767E-5
5.839416E1	3.210299E-6	-4.578620E-5
5.849415E1	3.235360E-6	-4.603046E-5
5.859414E1	3.178243E-6	-4.611489E-5
5.869413E1	3.153764E-6	-4.622063E-5
5.879412E1	2.965539E-6	-4.612061E-5
5.889411E1	3.000669E-6	-4.590560E-5
5.899410E1	3.037123E-6	-4.596118E-5
5.909409E1	2.734347E-6	-4.571323E-5
5.919408E1	2.558927E-6	-4.563037E-5
5.929407E1	2.520154E-6	-4.533462E-5
5.939406E1	2.487214E-6	-4.511826E-5
5.949405E1	2.542601E-6	-4.511693E-5
5.959404E1	2.519076E-6	-4.533637E-5
5.969403E1	2.392452E-6	-4.534733E-5
5.979402E1	2.408311E-6	-4.533817E-5
5.989401E1	2.384468E-6	-4.537763E-5
5.999400E1	2.250486E-6	-4.542112E-5
6.009399E1	2.230149E-6	-4.572336E-5
6.019398E1	2.223111E-6	-4.570200E-5
6.029397E1	2.016138E-6	-4.557011E-5
6.039396E1	1.780878E-6	-4.567892E-5
6.049395E1	2.040775E-6	-4.562800E-5
6.059394E1	1.855645E-6	-4.580761E-5
6.069393E1	1.688791E-6	-4.586651E-5
6.079392E1	1.621495E-6	-4.578101E-5
6.089391E1	1.854421E-6	-4.575543E-5
6.099390E1	1.881974E-6	-4.551280E-5
6.109389E1	1.859578E-6	-4.539732E-5
6.119388E1	1.995196E-6	-4.516958E-5
6.129387E1	2.043780E-6	-4.481975E-5
6.139386E1	2.208342E-6	-4.493950E-5
6.149385E1	2.474075E-6	-4.498776E-5
6.159384E1	2.892801E-6	-4.501912E-5
6.169383E1	2.978948E-6	-4.513812E-5
6.179382E1	2.896590E-6	-4.522849E-5
6.189381E1	3.258886E-6	-4.534570E-5
6.199380E1	3.505077E-6	-4.516345E-5
6.209379E1	3.295121E-6	-4.521444E-5
6.219378E1	3.292777E-6	-4.502202E-5
6.229377E1	3.293191E-6	-4.497665E-5
6.239376E1	3.106602E-6	-4.519500E-5
6.249375E1	3.043753E-6	-4.520391E-5
6.259374E1	3.146069E-6	-4.545318E-5
6.269373E1	3.246139E-6	-4.561797E-5
6.279372E1	3.251219E-6	-4.590586E-5
6.289371E1	3.140247E-6	-4.630811E-5
6.299370E1	2.981771E-6	-4.637541E-5
6.309369E1	3.308854E-6	-4.632346E-5
6.319368E1	3.387430E-6	-4.625967E-5
6.329367E1	3.648562E-6	-4.629727E-5
6.339366E1	3.596510E-6	-4.656532E-5
6.349365E1	3.767728E-6	-4.641202E-5
6.359364E1	3.996614E-6	-4.620699E-5
6.369363E1	4.589295E-6	-4.629070E-5
6.379362E1	4.710239E-6	-4.602512E-5
6.389361E1	4.730035E-6	-4.592098E-5
6.399360E1	4.817311E-6	-4.605193E-5
6.409359E1	4.786601E-6	-4.612108E-5
6.419358E1	4.846477E-6	-4.599256E-5
6.429357E1	4.851817E-6	-4.586557E-5
6.439356E1	4.963197E-6	-4.576048E-5
6.449355E1	4.827164E-6	-4.587677E-5
6.459354E1	4.837127E-6	-4.598466E-5
6.469353E1	4.779196E-6	-4.613139E-5
6.479352E1	4.871871E-6	-4.597633E-5
6.489351E1	5.038773E-6	-4.629595E-5
6.499350E1	4.937596E-6	-4.618815E-5
6.509349E1	4.783952E-6	-4.589817E-5
6.519348E1	4.840275E-6	-4.570874E-5
6.529347E1	4.819216E-6	-4.562058E-5
6.539346E1	4.790891E-6	-4.555006E-5
6.549345E1	4.836428E-6	-4.550759E-5
6.559344E1	4.894243E-6	-4.551308E-5
6.569343E1	4.662802E-6	-4.568936E-5
6.579342E1	4.664140E-6	-4.577621E-5
6.589341E1	4.844447E-6	-4.604137E-5
6.599340E1	4.464178E-6	-4.591361E-5
6.609339E1	4.609875E-6	-4.600639E-5
6.619338E1	4.620248E-6	-4.587145E-5
6.629337E1	4.640508E-6	-4.553055E-5
6.639336E1	4.842975E-6	-4.548746E-5
6.649335E1	5.018292E-6	-4.539936E-5
6.659334E1	4.827846E-6	-4.530674E-5
6.669333E1	4.600952E-6	-4.536470E-5
6.679332E1	4.460443E-6	-4.548627E-5
6.689331E1	4.349945E-6	-4.532777E-5
6.699330E1	4.351922E-6	-4.534485E-5
6.709329E1	4.353550E-6	-4.509357E-5
6.719328E1	4.400892E-6	-4.483891E-5
6.729327E1	4.388318E-6	-4.472143E-5
6.739326E1	4.399259E-6	-4.483056E-5
6.749325E1	4.358972E-6	-4.465877E-5
6.759324E1	4.479108E-6	-4.460370E-5
6.769323E1	4.686232E-6	-4.440990E-5
6.779322E1	4.594036E-6	-4.422343E-5
6.789321E1	4.337954E-6	-4.449611E-5
6.799320E1	4.406348E-6	-4.443997E-5
6.809319E1	4.408870E-6	-4.435354E-5
6.819318E1	4.280625E-6	-4.434596E-5
6.829317E1	4.360980E-6	-4.419358E-5
6.839316E1	4.034415E-6	-4.411826E-5
6.849315E1	3.982801E-6	-4.405894E-5
6.859314E1	4.133738E-6	-4.408814E-5
6.869313E1	3.870566E-6	-4.429100E-5
6.879312E1	3.830968E-6	-4.394264E-5
6.889311E1	3.802572E-6	-4.372538E-5
6.899310E1	4.100695E-6	-4.384178E-5
6.909309E1	4.139667E-6	-4.353331E-5
6.919308E1	4.035780E-6	-4.338763E-5
6.929307E1	3.933174E-6	-4.333657E-5
6.939306E1	3.895803E-6	-4.328248E-5
6.949305E1	3.774168E-6	-4.307348E-5
6.959304E1	3.727852E-6	-4.293261E-5
6.969303E1	3.493370E-6	-4.270317E-5
6.979302E1	3.504641E-6	-4.292535E-5
6.989301E1	3.760080E-6	-4.303944E-5
6.999300E1	3.799152E-6	-4.301371E-5
7.009299E1	3.885735E-6	-4.321367E-5
7.019298E1	4.025578E-6	-4.345643E-5
7.029297E1	4.021770E-6	-4.327110E-5
7.039296E1	4.305258E-6	-4.345322E-5
7.049295E1	4.439857E-6	-4.330874E-5
7.059294E1	4.579249E-6	-4.313694E-5
7.069293E1	4.864996E-6	-4.320007E-5
7.079292E1	5.336954E-6	-4.307976E-5
7.089291E1	5.437931E-6	-4.306759E-5
7.099290E1	5.378580E-6	-4.324470E-5
7.109289E1	5.296120E-6	-4.327836E-5
7.119288E1	5.167653E-6	-4.349174E-5
7.129287E1	5.110765E-6	-4.371343E-5
7.139286E1	5.125908E-6	-4.405339E-5
7.149285E1	5.356989E-6	-4.401343E-5
7.159284E1	5.210291E-6	-4.432367E-5
7.169283E1	5.166450E-6	-4.435223E-5
7.179282E1	5.324331E-6	-4.407622E-5
7.189281E1	5.566665E-6	-4.399369E-5
7.199280E1	5.604185E-6	-4.426445E-5
7.209279E1	5.461989E-6	-4.429250E-5
7.219278E1	5.337393E-6	-4.423781E-5
7.229277E1	5.432620E-6	-4.424862E-5
7.239276E1	5.500412E-6	-4.426237E-5
7.249275E1	5.511630E-6	-4.428681E-5
7.259274E1	5.262390E-6	-4.404249E-5
7.269273E1	5.191667E-6	-4.400429E-5
7.279272E1	4.998583E-6	-4.383876E-5
7.289271E1	4.999406E-6	-4.360860E-5
7.299270E1	4.721917E-6	-4.349826E-5
7.309269E1	4.934292E-6	-4.354054E-5
7.319268E1	5.022901E-6	-4.334374E-5
7.329267E1	5.289857E-6	-4.328188E-5
7.339266E1	5.349368E-6	-4.314451E-5
7.349265E1	5.355669E-6	-4.305829E-5
7.359264E1	5.376320E-6	-4.313254E-5
7.369263E1	5.316448E-6	-4.302187E-5
7.379262E1	5.204635E-6	-4.260067E-5
7.389261E1	5.503712E-6	-4.248835E-5
7.399260E1	5.413509E-6	-4.275344E-5
7.409259E1	5.542837E-6	-4.280529E-5
7.419258E1	5.693177E-6	-4.284497E-5
7.429257E1	5.679706E-6	-4.279676E-5
7.439256E1	5.679262E-6	-4.251283E-5
7.449255E1	5.497417E-6	-4.236964E-5
7.459254E1	5.288958E-6	-4.197475E-5
7.469253E1	5.246934E-6	-4.215354E-5
7.479252E1	5.227171E-6	-4.236688E-5
7.489251E1	5.221838E-6	-4.217235E-5
7.499250E1	5.223748E-6	-4.240540E-5
7.509249E1	5.257391E-6	-4.244962E-5
7.519248E1	5.220956E-6	-4.240201E-5
7.529247E1	5.430621E-6	-4.221445E-5
7.539246E1	5.626899E-6	-4.238024E-5
7.549245E1	5.711909E-6	-4.247269E-5
7.559244E1	5.811849E-6	-4.234394E-5
7.569243E1	5.748196E-6	-4.233913E-5
7.579242E1	5.840213E-6	-4.234348E-5
7.589241E1	5.733166E-6	-4.237172E-5
7.599240E1	5.803972E-6	-4.230064E-5
7.609239E1	5.800731E-6	-4.241052E-5
7.619238E1	5.877833E-6	-4.253159E-5
7.629237E1	5.757532E-6	-4.263814E-5
7.639236E1	5.833707E-6	-4.276350E-5
7.649235E1	5.797880E-6	-4.247885E-5
7.659234E1	5.854497E-6	-4.213649E-5
7.669233E1	5.917624E-6	-4.220361E-5
7.679232E1	5.874728E-6	-4.232940E-5
7.689231E1	5.995193E-6	-4.226414E-5
7.699230E1	5.887927E-6	-4.221875E-5
7.709229E1	5.678650E-6	-4.194613E-5
7.719228E1	5.620657E-6	-4.192008E-5
7.729227E1	5.495595E-6	-4.189648E-5
7.739226E1	5.430852E-6	-4.200857E-5
7.749225E1	5.384702E-6	-4.209456E-5
7.759224E1	5.395263E-6	-4.218882E-5
7.769223E1	5.137241E-6	-4.247607E-5
7.779222E1	5.036613E-6	-4.238882E-5
7.789221E1	4.941623E-6	-4.232940E-5
7.799220E1	4.840987E-6	-4.246611E-5
7.809219E1	4.709852E-6	-4.267253E-5
7.819218E1	4.786816E-6	-4.273371E-5
7.829217E1	4.772020E-6	-4.284807E-5
7.839216E1	4.826273E-6	-4.272809E-5
7.849215E1	4.792153E-6	-4.287628E-5
7.859214E1	4.642757E-6	-4.262288E-5
7.869213E1	4.646866E-6	-4.278164E-5
7.879212E1	4.745130E-6	-4.292590E-5
7.889211E1	5.142770E-6	-4.302369E-5
7.899210E1	5.465748E-6	-4.326532E-5
7.909209E1	5.573555E-6	-4.332788E-5
7.919208E1	5.853694E-6	-4.327042E-5
7.929207E1	5.745798E-6	-4.319499E-5
7.939206E1	5.579817E-6	-4.321249E-5
7.949205E1	5.482033E-6	-4.350448E-5
7.959204E1	5.452191E-6	-4.372299E-5
7.969203E1	5.361302E-6	-4.377804E-5
7.979202E1	5.386777E-6	-4.372591E-5
7.989201E1	5.192509E-6	-4.356475E-5
7.999200E1	5.222770E-6	-4.350584E-5
8.009199E1	5.366862E-6	-4.359618E-5
8.019198E1	5.484666E-6	-4.361502E-5
8.029197E1	5.700516E-6	-4.359194E-5
8.039196E1	5.823606E-6	-4.348310E-5
8.049195E1	6.014521E-6	-4.335407E-5
8.059194E1	5.869729E-6	-4.321106E-5
8.069193E1	5.866022E-6	-4.296884E-5
8.079192E1	5.778623E-6	-4.293737E-5
8.089191E1	5.870561E-6	-4.291840E-5
8.099190E1	5.877391E-6	-4.305460E-5
8.109189E1	5.964135E-6	-4.303371E-5
8.119188E1	6.088702E-6	-4.285677E-5
8.129187E1	6.176766E-6	-4.303131E-5
8.139186E1	6.177059E-6	-4.304413E-5
8.149185E1	6.192536E-6	-4.301707E-5
8.159184E1	6.168040E-6	-4.314103E-5
8.169183E1	5.941137E-6	-4.343934E-5
8.179182E1	5.927495E-6	-4.359447E-5
8.189181E1	5.682481E-6	-4.359714E-5
8.199180E1	5.707840E-6	-4.358566E-5
8.209179E1	5.696432E-6	-4.372177E-5
8.219178E1	5.779870E-6	-4.380117E-5
8.229177E1	5.647829E-6	-4.393074E-5
8.239176E1	5.743638E-6	-4.400396E-5
8.249175E1	5.716986E-6	-4.420121E-5
8.259174E1	5.896397E-6	-4.426892E-5
8.269173E1	5.972756E-6	-4.400341E-5
8.279172E1	5.868157E-6	-4.381329E-5
8.289171E1	5.954761E-6	-4.402563E-5
8.299170E1	5.984524E-6	-4.404107E-5
8.309169E1	5.796370E-6	-4.396717E-5
8.319168E1	5.679942E-6	-4.397612E-5
8.329167E1	5.744316E-6	-4.392980E-5
8.339166E1	5.684266E-6	-4.399812E-5
8.349165E1	5.768623E-6	-4.383105E-5
8.359164E1	5.898963E-6	-4.389821E-5
8.369163E1	6.146100E-6	-4.374965E-5
8.379162E1	5.938212E-6	-4.361587E-5
8.389161E1	5.821466E-6	-4.354969E-5
8.399160E1	5.902750E-6	-4.348486E-5
8.409159E1	5.886922E-6	-4.361180E-5
8.419158E1	6.026496E-6	-4.353473E-5
8.429157E1	6.073004E-6	-4.354409E-5
8.439156E1	6.058207E-6	-4.371158E-5
8.449155E1	6.073286E-6	-4.374660E-5
8.459154E1	6.111849E-6	-4.381956E-5
8.469153E1	5.948375E-6	-4.403685E-5
8.479152E1	5.885064E-6	-4.407154E-5
8.489151E1	5.828127E-6	-4.411918E-5
8.499150E1	5.905251E-6	-4.416800E-5
8.509149E1	5.897122E-6	-4.445458E-5
8.519148E1	5.945755E-6	-4.466989E-5
8.529147E1	6.049222E-6	-4.469116E-5
8.539146E1	6.053878E-6	-4.439641E-5
8.549145E1	6.024128E-6	-4.427982E-5
8.559144E1	6.117568E-6	-4.426422E-5
8.569143E1	6.013278E-6	-4.412444E-5
8.579142E1	5.945846E-6	-4.411315E-5
8.589141E1	5.811450E-6	-4.403915E-5
8.599140E1	5.727482E-6	-4.409034E-5
8.609139E1	5.847859E-6	-4.390411E-5
8.619138E1	6.091970E-6	-4.382264E-5
8.629137E1	6.152154E-6	-4.383161E-5
8.639136E1	6.089324E-6	-4.379157E-5
8.649135E1	6.081002E-6	-4.365753E-5
8.659134E1	6.067359E-6	-4.386046E-5
8.669133E1	6.170421E-6	-4.391045E-5
8.679132E1	6.474602E-6	-4.388165E-5
8.689131E1	6.391367E-6	-4.377633E-5
8.699130E1	6.183961E-6	-4.372469E-5
8.709129E1	6.117112E-6	-4.357314E-5
8.719128E1	6.181157E-6	-4.350871E-5
8.729127E1	5.981383E-6	-4.354335E-5
8.739126E1	6.019952E-6	-4.378718E-5
8.749125E1	5.833883E-6	-4.405983E-5
8.759124E1	5.711017E-6	-4.396217E-5
8.769123E1	5.975245E-6	-4.416580E-5
8.779122E1	5.886851E-6	-4.428870E-5
8.789121E1	6.006340E-6	-4.453727E-5
8.799120E1	6.502277E-6	-4.470815E-5
8.809119E1	6.508404E-6	-4.481325E-5
8.819118E1	6.589574E-6	-4.477586E-5
8.829117E1	6.372077E-6	-4.480858E-5
8.839116E1	6.330251E-6	-4.470123E-5
8.849115E1	6.362399E-6	-4.459994E-5
8.859114E1	6.165820E-6	-4.449389E-5
8.869113E1	6.346729E-6	-4.432417E-5
8.879112E1	6.455736E-6	-4.450947E-5
8.889111E1	6.385137E-6	-4.445909E-5
8.899110E1	6.572226E-6	-4.455084E-5
8.909109E1	6.779798E-6	-4.449982E-5
8.919108E1	6.653089E-6	-4.431456E-5
8.929107E1	6.500302E-6	-4.413728E-5
8.939106E1	6.803875E-6	-4.403817E-5
8.949105E1	7.041804E-6	-4.410164E-5
8.959104E1	7.192384E-6	-4.399048E-5
8.969103E1	7.265551E-6	-4.389338E-5
8.979102E1	7.168538E-6	-4.359945E-5
8.989101E1	7.245120E-6	-4.354319E-5
8.999100E1	7.176903E-6	-4.356211E-5
9.009099E1	7.212878E-6	-4.343226E-5
9.019098E1	7.463460E-6	-4.340991E-5
9.029097E1	7.672568E-6	-4.348227E-5
9.039096E1	7.854039E-6	-4.343817E-5
9.049095E1	8.072709E-6	-4.344675E-5
9.059094E1	8.117118E-6	-4.329309E-5
9.069093E1	8.194986E-6	-4.301363E-5
9.079092E1	8.155603E-6	-4.283023E-5
9.089091E1	8.092801E-6	-4.265487E-5
9.099090E1	7.939050E-6	-4.263718E-5
9.109089E1	8.025310E-6	-4.259224E-5
9.119088E1	8.508721E-6	-4.278007E-5
9.129087E1	8.678479E-6	-4.257115E-5
9.139086E1	8.679546E-6	-4.257285E-5
9.149085E1	8.565237E-6	-4.261728E-5
9.159084E1	8.335580E-6	-4.264811E-5
9.169083E1	8.412771E-6	-4.269249E-5
9.179082E1	8.684317E-6	-4.248087E-5
9.189081E1	8.449984E-6	-4.255328E-5
9.199080E1	8.140478E-6	-4.254721E-5
9.209079E1	7.941304E-6	-4.251362E-5
9.219078E1	7.881940E-6	-4.265618E-5
9.229077E1	8.180409E-6	-4.282920E-5
9.239076E1	7.962373E-6	-4.271058E-5
9.249075E1	7.962730E-6	-4.277088E-5
9.259074E1	8.098128E-6	-4.292910E-5
9.269073E1	8.335917E-6	-4.296392E-5
9.279072E1	8.245446E-6	-4.276638E-5
9.289071E1	8.143894E-6	-4.276567E-5
9.299070E1	8.118627E-6	-4.273494E-5
9.309069E1	7.970952E-6	-4.278062E-5
9.319068E1	7.974782E-6	-4.315054E-5
9.329067E1	8.188425E-6	-4.322213E-5
9.339066E1	8.077866E-6	-4.328145E-5
9.349065E1	8.081869E-6	-4.325018E-5
9.359064E1	8.217026E-6	-4.343935E-5
9.369063E1	8.090053E-6	-4.331997E-5
9.379062E1	7.855564E-6	-4.316847E-5
9.389061E1	7.648841E-6	-4.340441E-5
9.399060E1	7.717465E-6	-4.347604E-5
9.409059E1	7.671036E-6	-4.374888E-5
9.419058E1	7.659031E-6	-4.399641E-5
9.429057E1	7.691955E-6	-4.414009E-5
9.439056E1	7.713069E-6	-4.420834E-5
9.449055E1	7.453987E-6	-4.419913E-5
9.459054E1	7.530104E-6	-4.424185E-5
9.469053E1	7.671212E-6	-4.429595E-5
9.479052E1	7.498028E-6	-4.416124E-5
9.489051E1	7.627918E-6	-4.382919E-5
9.499050E1	7.422473E-6	-4.354023E-5
9.509049E1	7.418503E-6	-4.332403E-5
9.519048E1	7.498636E-6	-4.319712E-5
9.529047E1	7.453854E-6	-4.316669E-5
9.539046E1	7.560834E-6	-4.322631E-5
9.549045E1	7.643563E-6	-4.321008E-5
9.559044E1	7.835598E-6	-4.335205E-5
9.569043E1	7.758890E-6	-4.332744E-5
9.579042E1	7.778382E-6	-4.326750E-5
9.589041E1	7.733500E-6	-4.327587E-5
9.599040E1	7.714714E-6	-4.311309E-5
9.609039E1	7.336152E-6	-4.309093E-5
9.619038E1	7.181852E-6	-4.291096E-5
9.629037E1	6.985450E-6	-4.287582E-5
9.639036E1	6.937636E-6	-4.292721E-5
9.649035E1	6.906585E-6	-4.291710E-5
9.659034E1	6.983337E-6	-4.288257E-5
9.669033E1	6.973796E-6	-4.295336E-5
9.679032E1	7.020147E-6	-4.310478E-5
9.689031E1	7.022718E-6	-4.289853E-5
9.699030E1	7.210056E-6	-4.296070E-5
9.709029E1	7.062526E-6	-4.326887E-5
9.719028E1	7.032950E-6	-4.339949E-5
9.729027E1	7.063307E-6	-4.325718E-5
9.739026E1	7.102180E-6	-4.334847E-5
9.749025E1	7.029927E-6	-4.321399E-5
9.759024E1	7.073616E-6	-4.302214E-5
9.769023E1	7.126147E-6	-4.290792E-5
9.779022E1	7.240028E-6	-4.310795E-5
9.789021E1	7.173281E-6	-4.328084E-5
9.799020E1	7.201619E-6	-4.329915E-5
9.809019E1	7.409161E-6	-4.345602E-5
9.819018E1	7.423728E-6	-4.340819E-5
9.829017E1	7.511381E-6	-4.322985E-5
9.839016E1	7.580370E-6	-4.329343E-5
9.849015E1	7.490576E-6	-4.331155E-5
9.859014E1	7.563520E-6	-4.355775E-5
9.869013E1	7.589794E-6	-4.362272E-5
9.879012E1	7.321549E-6	-4.379263E-5
9.889011E1	7.324340E-6	-4.379131E-5
9.899010E1	7.323408E-6	-4.384008E-5
9.909009E1	7.098456E-6	-4.379232E-5
9.919008E1	7.299218E-6	-4.381879E-5
9.929007E1	7.100609E-6	-4.391612E-5
9.939006E1	7.092485E-6	-4.400395E-5
9.949005E1	7.106116E-6	-4.391089E-5
9.959004E1	7.184788E-6	-4.407610E-5
9.969003E1	7.295731E-6	-4.393404E-5
9.979002E1	7.367634E-6	-4.360828E-5
9.989001E1	7.151310E-6	-4.366501E-5
9.999000E1	6.963843E-6	-4.386045E-5
1.000900E2	6.825651E-6	-4.392079E-5
1.001900E2	6.853747E-6	-4.408369E-5
1.002900E2	7.056859E-6	-4.387519E-5
1.003900E2	7.155051E-6	-4.366047E-5
1.004900E2	7.151599E-6	-4.360391E-5
1.005899E2	7.306880E-6	-4.364342E-5
1.006899E2	7.478874E-6	-4.368947E-5
1.007899E2	7.484258E-6	-4.363903E-5
1.008899E2	7.773424E-6	-4.361523E-5
1.009899E2	7.677135E-6	-4.324369E-5
1.010899E2	7.645123E-6	-4.320033E-5
1.011899E2	7.419500E-6	-4.311768E-5
1.012899E2	7.044316E-6	-4.311622E-5
1.013899E2	7.003093E-6	-4.316274E-5
1.014899E2	6.898585E-6	-4.291998E-5
1.015898E2	6.832074E-6	-4.293069E-5
1.016898E2	6.944103E-6	-4.316311E-5
1.017898E2	6.920347E-6	-4.324174E-5
1.018898E2	6.868923E-6	-4.320774E-5
1.019898E2	7.002932E-6	-4.303065E-5
1.020898E2	6.966052E-6	-4.310775E-5
1.021898E2	6.961474E-6	-4.290101E-5
1.022898E2	6.740514E-6	-4.282305E-5
1.023898E2	6.796723E-6	-4.282200E-5
1.024898E2	6.605218E-6	-4.305788E-5
1.025897E2	6.653918E-6	-4.306554E-5
1.026897E2	6.708429E-6	-4.307129E-5
1.027897E2	6.853504E-6	-4.285835E-5
1.028897E2	6.767550E-6	-4.287616E-5
1.029897E2	6.550103E-6	-4.280212E-5
1.030897E2	6.564616E-6	-4.263652E-5
1.031897E2	6.580803E-6	-4.276057E-5
1.032897E2	6.553188E-6	-4.265153E-5
1.033897E2	6.510227E-6	-4.245746E-5
1.034897E2	6.754063E-6	-4.246549E-5
1.035896E2	6.879390E-6	-4.234130E-5
1.036896E2	6.517739E-6	-4.226354E-5
1.037896E2	6.387566E-6	-4.220327E-5
1.038896E2	6.236133E-6	-4.218742E-5
1.039896E2	6.254604E-6	-4.216031E-5
1.040896E2	6.284644E-6	-4.206347E-5
1.041896E2	6.650620E-6	-4.203205E-5
1.042896E2	6.908874E-6	-4.224201E-5
1.043896E2	7.024732E-6	-4.223676E-5
1.044896E2	7.156059E-6	-4.218567E-5
1.045895E2	7.166508E-6	-4.213398E-5
1.046895E2	7.266529E-6	-4.221120E-5
1.047895E2	7.151889E-6	-4.220950E-5
1.048895E2	6.988302E-6	-4.220216E-5
1.049895E2	6.873200E-6	-4.198150E-5
1.050895E2	6.873072E-6	-4.190962E-5
1.051895E2	6.777441E-6	-4.192716E-5
1.052895E2	6.724224E-6	-4.180377E-5
1.053895E2	6.606297E-6	-4.205543E-5
1.054895E2	6.477716E-6	-4.212854E-5
1.055894E2	6.554785E-6	-4.190553E-5
1.056894E2	6.583100E-6	-4.193300E-5
1.057894E2	6.737306E-6	-4.197078E-5
1.058894E2	6.850394E-6	-4.188097E-5
1.059894E2	7.042222E-6	-4.185212E-5
1.060894E2	7.125567E-6	-4.182774E-5
1.061894E2	7.217659E-6	-4.166069E-5
1.062894E2	7.308920E-6	-4.166460E-5
1.063894E2	7.240946E-6	-4.164487E-5
1.064894E2	7.048069E-6	-4.165851E-5
1.065893E2	6.878826E-6	-4.183911E-5
1.066893E2	7.044903E-6	-4.202629E-5
1.067893E2	7.029286E-6	-4.211508E-5
1.068893E2	7.032049E-6	-4.203350E-5
1.069893E2	6.866807E-6	-4.199249E-5
1.070893E2	6.851855E-6	-4.210099E-5
1.071893E2	6.998885E-6	-4.216816E-5
1.072893E2	7.035093E-6	-4.230587E-5
1.073893E2	7.248503E-6	-4.230262E-5
1.074893E2	7.250688E-6	-4.217962E-5
1.075892E2	7.198090E-6	-4.210024E-5
1.076892E2	7.119918E-6	-4.225445E-5
1.077892E2	6.886475E-6	-4.218670E-5
1.078892E2	6.793018E-6	-4.224627E-5
1.079892E2	6.491219E-6	-4.216098E-5
1.080892E2	6.157912E-6	-4.221372E-5
1.081892E2	5.808879E-6	-4.249611E-5
1.082892E2	5.622351E-6	-4.246298E-5
1.083892E2	5.515215E-6	-4.215835E-5
1.084892E2	5.487445E-6	-4.219060E-5
1.085891E2	5.544226E-6	-4.244452E-5
1.086891E2	5.538724E-6	-4.238458E-5
1.087891E2	5.674243E-6	-4.275020E-5
1.088891E2	5.744764E-6	-4.274107E-5
1.089891E2	5.825282E-6	-4.256338E-5
1.090891E2	5.945094E-6	-4.247806E-5
1.091891E2	5.978340E-6	-4.246832E-5
1.092891E2	5.674470E-6	-4.260180E-5
1.093891E2	5.552749E-6	-4.279790E-5
1.094891E2	5.439545E-6	-4.290254E-5
1.095890E2	5.375757E-6	-4.298901E-5
1.096890E2	5.439219E-6	-4.291626E-5
1.097890E2	5.397417E-6	-4.297674E-5
1.098890E2	5.455699E-6	-4.276351E-5
1.099890E2	5.461231E-6	-4.259674E-5
1.100890E2	5.799204E-6	-4.266280E-5
1.101890E2	5.957815E-6	-4.294141E-5
1.102890E2	5.858308E-6	-4.327504E-5
1.103890E2	5.928045E-6	-4.318575E-5
1.104890E2	6.019493E-6	-4.305742E-5
1.105889E2	6.246543E-6	-4.312561E-5
1.106889E2	6.448059E-6	-4.306750E-5
1.107889E2	6.479203E-6	-4.292537E-5
1.108889E2	6.441415E-6	-4.299177E-5
1.109889E2	6.639777E-6	-4.309769E-5
1.110889E2	6.907941E-6	-4.306838E-5
1.111889E2	6.964048E-6	-4.306668E-5
1.112889E2	7.031279E-6	-4.287688E-5
1.113889E2	7.104081E-6	-4.283915E-5
1.114889E2	7.235410E-6	-4.272314E-5
1.115888E2	6.905105E-6	-4.282530E-5
1.116888E2	6.819362E-6	-4.276668E-5
1.117888E2	6.663181E-6	-4.271917E-5
1.118888E2	6.402675E-6	-4.284563E-5
1.119888E2	6.136409E-6	-4.290152E-5
1.120888E2	5.913702E-6	-4.273769E-5
1.121888E2	6.073186E-6	-4.254139E-5
1.122888E2	6.039431E-6	-4.260729E-5
1.123888E2	5.947357E-6	-4.256850E-5
1.124888E2	5.856321E-6	-4.253640E-5
1.125887E2	5.712884E-6	-4.284196E-5
1.126887E2	5.598557E-6	-4.307262E-5
1.127887E2	5.505927E-6	-4.334660E-5
1.128887E2	5.556864E-6	-4.330672E-5
1.129887E2	5.632770E-6	-4.318320E-5
1.130887E2	5.661065E-6	-4.306875E-5
1.131887E2	5.345013E-6	-4.310749E-5
1.132887E2	5.420527E-6	-4.339467E-5
1.133887E2	5.612336E-6	-4.353862E-5
1.134887E2	5.617461E-6	-4.360267E-5
1.135886E2	5.628538E-6	-4.365264E-5
1.136886E2	5.885434E-6	-4.369843E-5
1.137886E2	6.007781E-6	-4.359903E-5
1.138886E2	6.179613E-6	-4.361127E-5
1.139886E2	6.296293E-6	-4.364098E-5
1.140886E2	6.367033E-6	-4.385246E-5
1.141886E2	6.546254E-6	-4.406021E-5
1.142886E2	6.117692E-6	-4.422946E-5
1.143886E2	6.013152E-6	-4.433129E-5
1.144886E2	6.197555E-6	-4.434186E-5
1.145885E2	6.384431E-6	-4.403369E-5
1.146885E2	6.306955E-6	-4.424549E-5
1.147885E2	6.272042E-6	-4.418364E-5
1.148885E2	6.251015E-6	-4.417352E-5
1.149885E2	6.276315E-6	-4.393893E-5
1.150885E2	6.442711E-6	-4.379709E-5
1.151885E2	6.705143E-6	-4.391967E-5
1.152885E2	7.008058E-6	-4.408143E-5
1.153885E2	6.755419E-6	-4.438906E-5
1.154885E2	6.773395E-6	-4.456717E-5
1.155884E2	6.865408E-6	-4.470220E-5
1.156884E2	7.191631E-6	-4.445239E-5
1.157884E2	7.080349E-6	-4.433782E-5
1.158884E2	6.750427E-6	-4.450875E-5
1.159884E2	6.874456E-6	-4.451822E-5
1.160884E2	6.962599E-6	-4.458493E-5
1.161884E2	7.023296E-6	-4.456946E-5
1.162884E2	7.016700E-6	-4.469582E-5
1.163884E2	6.963647E-6	-4.490863E-5
1.164884E2	6.843658E-6	-4.517064E-5
1.165883E2	6.877449E-6	-4.511804E-5
1.166883E2	6.890111E-6	-4.509850E-5
1.167883E2	6.992558E-6	-4.521798E-5
1.168883E2	6.885404E-6	-4.524475E-5
1.169883E2	6.868707E-6	-4.500240E-5
1.170883E2	6.299451E-6	-4.528472E-5
1.171883E2	6.398406E-6	-4.519258E-5
1.172883E2	6.365599E-6	-4.520814E-5
1.173883E2	6.299276E-6	-4.511676E-5
1.174883E2	6.118097E-6	-4.498940E-5
1.175882E2	5.860867E-6	-4.490059E-5
1.176882E2	5.935312E-6	-4.484961E-5
1.177882E2	6.117104E-6	-4.465590E-5
1.178882E2	6.248346E-6	-4.472597E-5
1.179882E2	6.184686E-6	-4.470639E-5
1.180882E2	6.216293E-6	-4.442873E-5
1.181882E2	6.140875E-6	-4.458212E-5
1.182882E2	5.808589E-6	-4.482050E-5
1.183882E2	5.896892E-6	-4.468700E-5
1.184882E2	6.144665E-6	-4.454221E-5
1.185881E2	6.113402E-6	-4.455513E-5
1.186881E2	6.229995E-6	-4.454969E-5
1.187881E2	6.347014E-6	-4.470080E-5
1.188881E2	6.446254E-6	-4.492217E-5
1.189881E2	6.535662E-6	-4.488633E-5
1.190881E2	6.581145E-6	-4.480260E-5
1.191881E2	6.600946E-6	-4.467673E-5
1.192881E2	6.747633E-6	-4.480357E-5
1.193881E2	6.842790E-6	-4.488503E-5
1.194881E2	6.870168E-6	-4.492396E-5
1.195880E2	6.970020E-6	-4.507374E-5
1.196880E2	6.604303E-6	-4.530946E-5
1.197880E2	6.432327E-6	-4.531904E-5
1.198880E2	6.449677E-6	-4.548465E-5
1.199880E2	6.360307E-6	-4.577556E-5
1.200880E2	6.228284E-6	-4.567229E-5
1.201880E2	6.209297E-6	-4.560852E-5
1.202880E2	6.368571E-6	-4.564199E-5
1.203880E2	6.248640E-6	-4.548804E-5
1.204880E2	6.284056E-6	-4.526142E-5
1.205879E2	6.488508E-6	-4.534407E-5
1.206879E2	6.624859E-6	-4.534019E-5
1.207879E2	6.574782E-6	-4.526059E-5
1.208879E2	6.656675E-6	-4.523284E-5
1.209879E2	6.768717E-6	-4.545845E-5
1.210879E2	6.998519E-6	-4.551882E-5
1.211879E2	7.015465E-6	-4.557364E-5
1.212879E2	6.872565E-6	-4.565222E-5
1.213879E2	6.898122E-6	-4.562816E-5
1.214879E2	6.940403E-6	-4.550296E-5
1.215878E2	6.698583E-6	-4.555163E-5
1.216878E2	6.567736E-6	-4.541403E-5
1.217878E2	6.281869E-6	-4.550168E-5
1.218878E2	6.084174E-6	-4.533107E-5
1.219878E2	5.945212E-6	-4.524943E-5
1.220878E2	6.002894E-6	-4.512993E-5
1.221878E2	6.121525E-6	-4.500232E-5
1.222878E2	6.108646E-6	-4.495950E-5
1.223878E2	6.144619E-6	-4.481892E-5
1.224878E2	6.215894E-6	-4.478520E-5
1.225877E2	6.626084E-6	-4.466268E-5
1.226877E2	6.686016E-6	-4.478959E-5
1.227877E2	6.382249E-6	-4.510178E-5
1.228877E2	6.306276E-6	-4.547788E-5
1.229877E2	6.436408E-6	-4.546174E-5
1.230877E2	6.372147E-6	-4.566097E-5
1.231877E2	6.134926E-6	-4.592551E-5
1.232877E2	5.953111E-6	-4.606675E-5
1.233877E2	5.832210E-6	-4.632774E-5
1.234877E2	5.654536E-6	-4.654572E-5
1.235876E2	5.427350E-6	-4.685610E-5
1.236876E2	5.306123E-6	-4.678552E-5
1.237876E2	5.257549E-6	-4.681453E-5
1.238876E2	5.242648E-6	-4.660111E-5
1.239876E2	5.115394E-6	-4.669845E-5
1.240876E2	5.051555E-6	-4.661570E-5
1.241876E2	5.096815E-6	-4.641751E-5
1.242876E2	4.957077E-6	-4.645477E-5
1.243876E2	5.098578E-6	-4.633091E-5
1.244876E2	5.120825E-6	-4.634771E-5
1.245875E2	5.122559E-6	-4.629136E-5
1.246875E2	5.028139E-6	-4.629075E-5
1.247875E2	5.116803E-6	-4.628926E-5
1.248875E2	5.022751E-6	-4.630201E-5
1.249875E2	4.781169E-6	-4.631487E-5
1.250875E2	4.814695E-6	-4.638627E-5
1.251875E2	4.811757E-6	-4.631627E-5
1.252875E2	4.604874E-6	-4.624343E-5
1.253875E2	4.433781E-6	-4.598579E-5
1.254875E2	4.311872E-6	-4.585371E-5
1.255874E2	4.050038E-6	-4.572659E-5
1.256874E2	4.109316E-6	-4.546475E-5
1.257874E2	4.114382E-6	-4.529087E-5
1.258874E2	3.983121E-6	-4.552948E-5
1.259874E2	3.913543E-6	-4.571484E-5
1.260874E2	3.778474E-6	-4.549462E-5
1.261874E2	3.681921E-6	-4.518893E-5
1.262874E2	3.906858E-6	-4.528663E-5
1.263874E2	3.964464E-6	-4.536024E-5
1.264874E2	4.073746E-6	-4.540083E-5
1.265873E2	4.241267E-6	-4.527366E-5
1.266873E2	4.321643E-6	-4.522340E-5
1.267873E2	4.295982E-6	-4.515008E-5
1.268873E2	4.347433E-6	-4.484632E-5
1.269873E2	4.313077E-6	-4.483171E-5
1.270873E2	4.494092E-6	-4.488801E-5
1.271873E2	4.745477E-6	-4.502960E-5
1.272873E2	4.797746E-6	-4.493516E-5
1.273873E2	4.896480E-6	-4.485346E-5
1.274873E2	4.871445E-6	-4.497899E-5
1.275872E2	4.861861E-6	-4.507121E-5
1.276872E2	4.947245E-6	-4.512699E-5
1.277872E2	5.125199E-6	-4.510940E-5
1.278872E2	5.136482E-6	-4.510105E-5
1.279872E2	5.109785E-6	-4.494759E-5
1.280872E2	5.169085E-6	-4.483160E-5
1.281872E2	5.133209E-6	-4.497033E-5
1.282872E2	5.136285E-6	-4.515673E-5
1.283872E2	5.280896E-6	-4.526018E-5
1.284872E2	5.184289E-6	-4.546327E-5
1.285871E2	5.194855E-6	-4.544479E-5
1.286871E2	5.286258E-6	-4.543512E-5
1.287871E2	5.272854E-6	-4.537821E-5
1.288871E2	5.207276E-6	-4.517967E-5
1.289871E2	5.233593E-6	-4.536629E-5
1.290871E2	5.100340E-6	-4.519466E-5
1.291871E2	5.237642E-6	-4.511192E-5
1.292871E2	5.178783E-6	-4.507806E-5
1.293871E2	5.180820E-6	-4.512164E-5
1.294871E2	5.404569E-6	-4.524909E-5
1.295870E2	5.616782E-6	-4.532944E-5
1.296870E2	5.693794E-6	-4.525013E-5
1.297870E2	5.772884E-6	-4.508930E-5
1.298870E2	5.918150E-6	-4.515927E-5
1.299870E2	5.927900E-6	-4.558495E-5
1.300870E2	6.044733E-6	-4.544186E-5
1.301870E2	5.985077E-6	-4.539765E-5
1.302870E2	5.971655E-6	-4.545771E-5
1.303870E2	5.900484E-6	-4.533069E-5
1.304870E2	6.056536E-6	-4.527861E-5
1.305869E2	5.981279E-6	-4.505384E-5
1.306869E2	6.068521E-6	-4.484042E-5
1.307869E2	6.174846E-6	-4.465585E-5
1.308869E2	6.001319E-6	-4.459119E-5
1.309869E2	6.165122E-6	-4.462163E-5
1.310869E2	6.189071E-6	-4.482486E-5
1.311869E2	6.009983E-6	-4.464658E-5
1.312869E2	6.059529E-6	-4.443227E-5
1.313869E2	5.992846E-6	-4.445230E-5
1.314869E2	6.187317E-6	-4.479553E-5
1.315868E2	6.385142E-6	-4.498308E-5
1.316868E2	6.267489E-6	-4.488179E-5
1.317868E2	6.078813E-6	-4.458501E-5
1.318868E2	6.103420E-6	-4.448575E-5
1.319868E2	6.114610E-6	-4.451455E-5
1.320868E2	6.476878E-6	-4.474971E-5
1.321868E2	6.696120E-6	-4.498112E-5
1.322868E2	6.683471E-6	-4.502479E-5
1.323868E2	6.653880E-6	-4.510630E-5
1.324868E2	6.364915E-6	-4.526941E-5
1.325867E2	6.227443E-6	-4.546984E-5
1.326867E2	6.256751E-6	-4.548337E-5
1.327867E2	5.999400E-6	-4.560559E-5
1.328867E2	6.064898E-6	-4.552676E-5
1.329867E2	6.026962E-6	-4.563493E-5
1.330867E2	5.976740E-6	-4.572915E-5
1.331867E2	5.788826E-6	-4.590104E-5
1.332867E2	5.517368E-6	-4.608554E-5
1.333867E2	5.533925E-6	-4.625207E-5
1.334867E2	5.415055E-6	-4.630898E-5
1.335866E2	5.288617E-6	-4.647871E-5
1.336866E2	5.373895E-6	-4.655687E-5
1.337866E2	5.374253E-6	-4.653771E-5
1.338866E2	5.509845E-6	-4.644363E-5
1.339866E2	5.532911E-6	-4.629399E-5
1.340866E2	5.516928E-6	-4.606606E-5
1.341866E2	5.295400E-6	-4.599550E-5
1.342866E2	5.357735E-6	-4.590267E-5
1.343866E2	5.149327E-6	-4.579126E-5
1.344866E2	5.103309E-6	-4.584061E-5
1.345865E2	5.031896E-6	-4.599665E-5
1.346865E2	4.882343E-6	-4.631512E-5
1.347865E2	4.876535E-6	-4.632815E-5
1.348865E2	4.757567E-6	-4.647383E-5
1.349865E2	4.702739E-6	-4.648408E-5
1.350865E2	4.617579E-6	-4.643537E-5
1.351865E2	4.649472E-6	-4.653581E-5
1.352865E2	4.469031E-6	-4.684050E-5
1.353865E2	4.472447E-6	-4.716922E-5
1.354865E2	4.561892E-6	-4.710515E-5
1.355864E2	4.594341E-6	-4.700113E-5
1.356864E2	4.880085E-6	-4.698154E-5
1.357864E2	4.744205E-6	-4.707341E-5
1.358864E2	4.815117E-6	-4.722545E-5
1.359864E2	4.813935E-6	-4.726207E-5
1.360864E2	4.866964E-6	-4.698536E-5
1.361864E2	4.784475E-6	-4.674872E-5
1.362864E2	4.572857E-6	-4.674714E-5
1.363864E2	4.456082E-6	-4.695408E-5
1.364864E2	4.383423E-6	-4.696814E-5
1.365863E2	4.227570E-6	-4.716045E-5
1.366863E2	3.999855E-6	-4.699571E-5
1.367863E2	4.092612E-6	-4.709817E-5
1.368863E2	4.014024E-6	-4.727668E-5
1.369863E2	3.972797E-6	-4.733959E-5
1.370863E2	4.221997E-6	-4.746878E-5
1.371863E2	4.098547E-6	-4.744597E-5
1.372863E2	4.151257E-6	-4.782112E-5
1.373863E2	4.346693E-6	-4.793343E-5
1.374863E2	4.636293E-6	-4.783207E-5
1.375862E2	4.954056E-6	-4.764949E-5
1.376862E2	5.100851E-6	-4.767820E-5
1.377862E2	4.890390E-6	-4.780490E-5
1.378862E2	4.767944E-6	-4.775352E-5
1.379862E2	4.768638E-6	-4.790524E-5
1.380862E2	4.858692E-6	-4.788084E-5
1.381862E2	4.884152E-6	-4.777069E-5
1.382862E2	4.980595E-6	-4.782223E-5
1.383862E2	5.132081E-6	-4.771031E-5
1.384862E2	5.078996E-6	-4.798175E-5
1.385861E2	5.422003E-6	-4.807162E-5
1.386861E2	5.744258E-6	-4.824486E-5
1.387861E2	5.927082E-6	-4.828409E-5
1.388861E2	5.954489E-6	-4.852364E-5
1.389861E2	5.887398E-6	-4.842702E-5
1.390861E2	6.144980E-6	-4.851299E-5
1.391861E2	6.376514E-6	-4.860366E-5
1.392861E2	6.604184E-6	-4.856933E-5
1.393861E2	6.550615E-6	-4.848014E-5
1.394861E2	6.809707E-6	-4.851059E-5
1.395860E2	6.810826E-6	-4.861143E-5
1.396860E2	7.119578E-6	-4.877976E-5
1.397860E2	7.074106E-6	-4.914832E-5
1.398860E2	6.810138E-6	-4.889857E-5
1.399860E2	6.597439E-6	-4.872751E-5
1.400860E2	6.328835E-6	-4.875166E-5
1.401860E2	6.182852E-6	-4.882302E-5
1.402860E2	6.102453E-6	-4.884751E-5
1.403860E2	5.980296E-6	-4.900091E-5
1.404860E2	5.860806E-6	-4.906108E-5
1.405859E2	5.894776E-6	-4.901563E-5
1.406859E2	6.148759E-6	-4.884909E-5
1.407859E2	6.216365E-6	-4.900350E-5
1.408859E2	6.229835E-6	-4.918803E-5
1.409859E2	6.163926E-6	-4.922517E-5
1.410859E2	6.189715E-6	-4.936600E-5
1.411859E2	6.371781E-6	-4.941908E-5
1.412859E2	6.227365E-6	-4.956648E-5
1.413859E2	6.304058E-6	-4.964616E-5
1.414859E2	6.242753E-6	-4.965921E-5
1.415858E2	6.183385E-6	-4.976670E-5
1.416858E2	6.088620E-6	-4.995012E-5
1.417858E2	5.943460E-6	-4.986568E-5
1.418858E2	5.902453E-6	-4.973274E-5
1.419858E2	5.783679E-6	-4.969284E-5
1.420858E2	5.577450E-6	-4.977282E-5
1.421858E2	5.722977E-6	-4.958646E-5
1.422858E2	5.741741E-6	-4.955232E-5
1.423858E2	5.809383E-6	-4.955065E-5
1.424858E2	5.693846E-6	-4.954868E-5
1.425857E2	5.766752E-6	-4.955846E-5
1.426857E2	5.300113E-6	-4.940750E-5
1.427857E2	5.290856E-6	-4.948512E-5
1.428857E2	5.370273E-6	-4.954318E-5
1.429857E2	5.537336E-6	-4.948487E-5
1.430857E2	5.503620E-6	-4.944846E-5
1.431857E2	5.624554E-6	-4.931174E-5
1.432857E2	5.502768E-6	-4.945024E-5
1.433857E2	5.425435E-6	-4.947160E-5
1.434857E2	5.298129E-6	-4.947906E-5
1.435856E2	5.235598E-6	-4.930178E-5
1.436856E2	5.350877E-6	-4.920682E-5
1.437856E2	5.442986E-6	-4.925600E-5
1.438856E2	5.487991E-6	-4.946197E-5
1.439856E2	5.555533E-6	-4.970105E-5
1.440856E2	5.577670E-6	-4.960160E-5
1.441856E2	5.302767E-6	-4.991118E-5
1.442856E2	5.157877E-6	-4.994609E-5
1.443856E2	5.370103E-6	-5.001876E-5
1.444856E2	5.388753E-6	-5.014348E-5
1.445855E2	5.278962E-6	-4.995699E-5
1.446855E2	5.465590E-6	-5.008117E-5
1.447855E2	5.697884E-6	-5.005631E-5
1.448855E2	5.658247E-6	-5.016630E-5
1.449855E2	5.674099E-6	-5.011776E-5
1.450855E2	5.915604E-6	-5.029160E-5
1.451855E2	5.926291E-6	-5.019697E-5
1.452855E2	5.999568E-6	-5.038285E-5
1.453855E2	5.928704E-6	-5.040710E-5
1.454855E2	5.800203E-6	-5.035395E-5
1.455854E2	5.839866E-6	-5.056730E-5
1.456854E2	5.732572E-6	-5.061307E-5
1.457854E2	5.912181E-6	-5.062775E-5
1.458854E2	5.802004E-6	-5.051112E-5
1.459854E2	5.978461E-6	-5.041964E-5
1.460854E2	5.992804E-6	-5.040212E-5
1.461854E2	5.964016E-6	-5.035145E-5
1.462854E2	5.984618E-6	-5.016226E-5
1.463854E2	6.066194E-6	-5.020446E-5
1.464854E2	5.827521E-6	-5.026575E-5
1.465853E2	5.813555E-6	-5.031315E-5
1.466853E2	5.805955E-6	-5.060803E-5
1.467853E2	5.905390E-6	-5.059581E-5
1.468853E2	5.971017E-6	-5.047210E-5
1.469853E2	6.164168E-6	-5.030602E-5
1.470853E2	6.132844E-6	-5.035249E-5
1.471853E2	5.910115E-6	-5.065276E-5
1.472853E2	5.810732E-6	-5.084901E-5
1.473853E2	5.758179E-6	-5.096868E-5
1.474853E2	5.765838E-6	-5.091234E-5
1.475852E2	5.663206E-6	-5.073992E-5
1.476852E2	5.527369E-6	-5.053324E-5
1.477852E2	5.626413E-6	-5.045927E-5
1.478852E2	5.530520E-6	-5.031062E-5
1.479852E2	5.720811E-6	-5.025630E-5
1.480852E2	6.152819E-6	-5.019926E-5
1.481852E2	6.263706E-6	-5.011446E-5
1.482852E2	6.406283E-6	-5.039195E-5
1.483852E2	6.378601E-6	-5.041624E-5
1.484852E2	6.186643E-6	-5.033767E-5
1.485851E2	6.248734E-6	-5.013813E-5
1.486851E2	6.155175E-6	-4.979130E-5
1.487851E2	6.111163E-6	-4.988312E-5
1.488851E2	6.210362E-6	-4.975513E-5
1.489851E2	6.218316E-6	-4.961571E-5
1.490851E2	6.367136E-6	-4.981776E-5
1.491851E2	6.389330E-6	-4.963093E-5
1.492851E2	6.464270E-6	-4.948935E-5
1.493851E2	6.670648E-6	-4.967399E-5
1.494851E2	6.688274E-6	-4.955741E-5
1.495850E2	6.682165E-6	-4.946004E-5
1.496850E2	6.745090E-6	-4.963476E-5
1.497850E2	6.820719E-6	-4.961455E-5
1.498850E2	6.963311E-6	-4.961729E-5
1.499850E2	6.963477E-6	-4.974374E-5
1.500850E2	6.929827E-6	-4.992828E-5
1.501850E2	6.918261E-6	-4.970298E-5
1.502850E2	7.090600E-6	-4.952731E-5
1.503850E2	7.478607E-6	-4.949569E-5
1.504850E2	7.651423E-6	-4.933510E-5
1.505849E2	7.699015E-6	-4.908457E-5
1.506849E2	7.724292E-6	-4.892637E-5
1.507849E2	7.648104E-6	-4.899525E-5
1.508849E2	7.437523E-6	-4.895222E-5
1.509849E2	7.471718E-6	-4.886147E-5
1.510849E2	7.341423E-6	-4.874809E-5
1.511849E2	7.172563E-6	-4.901584E-5
1.512849E2	7.061513E-6	-4.903849E-5
1.513849E2	6.882005E-6	-4.874240E-5
1.514849E2	7.185085E-6	-4.860053E-5
1.515848E2	6.988139E-6	-4.892289E-5
1.516848E2	7.046238E-6	-4.898328E-5
1.517848E2	7.106663E-6	-4.911413E-5
1.518848E2	7.151088E-6	-4.919401E-5
1.519848E2	7.084791E-6	-4.922525E-5
1.520848E2	7.087655E-6	-4.920899E-5
1.521848E2	6.905296E-6	-4.923604E-5
1.522848E2	6.944842E-6	-4.915434E-5
1.523848E2	7.039747E-6	-4.914588E-5
1.524848E2	6.885760E-6	-4.952114E-5
1.525847E2	6.920374E-6	-4.937959E-5
1.526847E2	6.859998E-6	-4.931119E-5
1.527847E2	6.749933E-6	-4.953932E-5
1.528847E2	6.655426E-6	-4.963187E-5
1.529847E2	6.745778E-6	-4.958839E-5
1.530847E2	6.774472E-6	-4.954875E-5
1.531847E2	6.697575E-6	-4.947935E-5
1.532847E2	6.589698E-6	-4.940361E-5
1.533847E2	6.496111E-6	-4.947059E-5
1.534847E2	6.488918E-6	-4.948665E-5
1.535846E2	6.525492E-6	-4.972890E-5
1.536846E2	6.531819E-6	-5.006591E-5
1.537846E2	6.546095E-6	-5.012791E-5
1.538846E2	6.713003E-6	-5.032781E-5
1.539846E2	6.782703E-6	-5.043003E-5
1.540846E2	6.764863E-6	-5.042835E-5
1.541846E2	6.746405E-6	-5.021504E-5
1.542846E2	6.808784E-6	-5.022363E-5
1.543846E2	6.895506E-6	-5.019123E-5
1.544846E2	6.856019E-6	-5.020959E-5
1.545845E2	6.884461E-6	-5.039072E-5
1.546845E2	6.612114E-6	-5.056493E-5
1.547845E2	6.869250E-6	-5.082782E-5
1.548845E2	6.907165E-6	-5.090197E-5
1.549845E2	6.709804E-6	-5.083537E-5
1.550845E2	6.577477E-6	-5.089565E-5
1.551845E2	6.655350E-6	-5.096170E-5
1.552845E2	6.671279E-6	-5.094509E-5
1.553845E2	6.645319E-6	-5.082902E-5
1.554845E2	6.794998E-6	-5.073460E-5
1.555844E2	6.809744E-6	-5.065834E-5
1.556844E2	6.808566E-6	-5.105999E-5
1.557844E2	6.993986E-6	-5.139701E-5
1.558844E2	6.876140E-6	-5.154324E-5
1.559844E2	6.928852E-6	-5.158190E-5
1.560844E2	6.931102E-6	-5.163086E-5
1.561844E2	7.073704E-6	-5.181365E-5
1.562844E2	7.292595E-6	-5.195510E-5
1.563844E2	7.582273E-6	-5.208096E-5
1.564844E2	7.656451E-6	-5.197181E-5
1.565843E2	7.821934E-6	-5.177806E-5
1.566843E2	7.795776E-6	-5.176912E-5
1.567843E2	7.671591E-6	-5.127205E-5
1.568843E2	7.659460E-6	-5.114636E-5
1.569843E2	7.722590E-6	-5.114355E-5
1.570843E2	7.710988E-6	-5.128004E-5
1.571843E2	7.705092E-6	-5.120567E-5
1.572843E2	7.617662E-6	-5.103266E-5
1.573843E2	7.382350E-6	-5.117409E-5
1.574843E2	7.169846E-6	-5.131427E-5
1.575842E2	7.370344E-6	-5.132151E-5
1.576842E2	7.234732E-6	-5.143409E-5
1.577842E2	7.252529E-6	-5.129513E-5
1.578842E2	7.385974E-6	-5.157964E-5
1.579842E2	7.312701E-6	-5.176004E-5
1.580842E2	7.502695E-6	-5.163236E-5
1.581842E2	7.345429E-6	-5.159213E-5
1.582842E2	7.179713E-6	-5.155503E-5
