0.000000E0	-3.778256E-5	3.278960E-6
9.999000E-2	-3.774429E-5	3.383458E-6
1.999800E-1	-3.777206E-5	3.272001E-6
2.999700E-1	-3.801583E-5	3.129413E-6
3.999600E-1	-3.804527E-5	2.984998E-6
4.999500E-1	-3.805432E-5	2.851377E-6
5.999400E-1	-3.806970E-5	2.880343E-6
6.999300E-1	-3.795036E-5	2.921459E-6
7.999200E-1	-3.774606E-5	2.905519E-6
8.999100E-1	-3.783636E-5	2.998395E-6
9.999000E-1	-3.794601E-5	3.127014E-6
1.099890E0	-3.789561E-5	3.240804E-6
1.199880E0	-3.811944E-5	3.285278E-6
1.299870E0	-3.804320E-5	3.257407E-6
1.399860E0	-3.785382E-5	3.263598E-6
1.499850E0	-3.771344E-5	3.317699E-6
1.599840E0	-3.801083E-5	3.362077E-6
1.699830E0	-3.792841E-5	3.506450E-6
1.799820E0	-3.809509E-5	3.458039E-6
1.899810E0	-3.816123E-5	3.411015E-6
1.999800E0	-3.816225E-5	3.489804E-6
2.099790E0	-3.798011E-5	3.585647E-6
2.199780E0	-3.773514E-5	3.581651E-6
2.299770E0	-3.762803E-5	3.500718E-6
2.399760E0	-3.770628E-5	3.566779E-6
2.499750E0	-3.759546E-5	3.455755E-6
2.599740E0	-3.761819E-5	3.486319E-6
2.699730E0	-3.795744E-5	3.395233E-6
2.799720E0	-3.798975E-5	3.394140E-6
2.899710E0	-3.801030E-5	3.238205E-6
2.999700E0	-3.781832E-5	3.427479E-6
3.099690E0	-3.778923E-5	3.628663E-6
3.199680E0	-3.774936E-5	3.588791E-6
3.299670E0	-3.797081E-5	3.618662E-6
3.399660E0	-3.825213E-5	3.732851E-6
3.499650E0	-3.832185E-5	3.812879E-6
3.599640E0	-3.838592E-5	3.908058E-6
3.699630E0	-3.837135E-5	3.665867E-6
3.799620E0	-3.815884E-5	3.399755E-6
3.899610E0	-3.800304E-5	3.422671E-6
3.999600E0	-3.809436E-5	3.623334E-6
4.099590E0	-3.821786E-5	3.910321E-6
4.199580E0	-3.803280E-5	3.859696E-6
4.299570E0	-3.793674E-5	4.120359E-6
4.399560E0	-3.790311E-5	4.270029E-6
4.499550E0	-3.788695E-5	4.037922E-6
4.599540E0	-3.788162E-5	4.073752E-6
4.699530E0	-3.774039E-5	4.198120E-6
4.799520E0	-3.771969E-5	4.658502E-6
4.899510E0	-3.744294E-5	4.942345E-6
4.999500E0	-3.727898E-5	4.904760E-6
5.099490E0	-3.737410E-5	4.788597E-6
5.199480E0	-3.733278E-5	4.830720E-6
5.299470E0	-3.696340E-5	4.840491E-6
5.399460E0	-3.711017E-5	4.627996E-6
5.499450E0	-3.725997E-5	4.580611E-6
5.599440E0	-3.750873E-5	4.584118E-6
5.699430E0	-3.754380E-5	4.703541E-6
5.799420E0	-3.755570E-5	4.637890E-6
5.899410E0	-3.743051E-5	4.538282E-6
5.999400E0	-3.749252E-5	4.583664E-6
6.099390E0	-3.745475E-5	4.763125E-6
6.199380E0	-3.735446E-5	4.667145E-6
6.299370E0	-3.730794E-5	4.558176E-6
6.399360E0	-3.707660E-5	4.370826E-6
6.499350E0	-3.724478E-5	4.369845E-6
6.599340E0	-3.725586E-5	4.195151E-6
6.699330E0	-3.719555E-5	4.163645E-6
6.799320E0	-3.712733E-5	4.170273E-6
6.899310E0	-3.698929E-5	4.201643E-6
6.999300E0	-3.693852E-5	4.332672E-6
7.099290E0	-3.685944E-5	4.621332E-6
7.199280E0	-3.675196E-5	4.738664E-6
7.299270E0	-3.662660E-5	4.656074E-6
7.399260E0	-3.674950E-5	4.767358E-6
7.499250E0	-3.700895E-5	4.800724E-6
7.599240E0	-3.722361E-5	4.722580E-6
7.699230E0	-3.742644E-5	4.732801E-6
7.799220E0	-3.744273E-5	4.804157E-6
7.899210E0	-3.739306E-5	4.737572E-6
7.999200E0	-3.732462E-5	4.732361E-6
8.099190E0	-3.737450E-5	5.111116E-6
8.199180E0	-3.698749E-5	5.122118E-6
8.299170E0	-3.701337E-5	4.874094E-6
8.399160E0	-3.714876E-5	4.839578E-6
8.499150E0	-3.725192E-5	4.906010E-6
8.599140E0	-3.730609E-5	5.203057E-6
8.699130E0	-3.760858E-5	5.275571E-6
8.799120E0	-3.784388E-5	5.320665E-6
8.899110E0	-3.814223E-5	5.360258E-6
8.999100E0	-3.820914E-5	5.465436E-6
9.099090E0	-3.856185E-5	5.831785E-6
9.199080E0	-3.857046E-5	5.964042E-6
9.299070E0	-3.874656E-5	6.182807E-6
9.399060E0	-3.881000E-5	6.110615E-6
9.499050E0	-3.871780E-5	5.949107E-6
9.599040E0	-3.874483E-5	5.969653E-6
9.699030E0	-3.862621E-5	6.150576E-6
9.799020E0	-3.872479E-5	6.378030E-6
9.899010E0	-3.860182E-5	6.413408E-6
9.999000E0	-3.869058E-5	6.033043E-6
1.009899E1	-3.856080E-5	5.978196E-6
1.019898E1	-3.859633E-5	5.944490E-6
1.029897E1	-3.877884E-5	6.004426E-6
1.039896E1	-3.889775E-5	5.958830E-6
1.049895E1	-3.892043E-5	5.891615E-6
1.059894E1	-3.891582E-5	6.008784E-6
1.069893E1	-3.892695E-5	5.992830E-6
1.079892E1	-3.910605E-5	5.874989E-6
1.089891E1	-3.906258E-5	6.038118E-6
1.099890E1	-3.885263E-5	5.899162E-6
1.109889E1	-3.857460E-5	5.927993E-6
1.119888E1	-3.859317E-5	6.107853E-6
1.129887E1	-3.855006E-5	6.202381E-6
1.139886E1	-3.872613E-5	5.992256E-6
1.149885E1	-3.844568E-5	5.954584E-6
1.159884E1	-3.851389E-5	6.024620E-6
1.169883E1	-3.849983E-5	5.993631E-6
1.179882E1	-3.847945E-5	6.006793E-6
1.189881E1	-3.851448E-5	5.985061E-6
1.199880E1	-3.854814E-5	5.696267E-6
1.209879E1	-3.871519E-5	5.653595E-6
1.219878E1	-3.877444E-5	5.822964E-6
1.229877E1	-3.871892E-5	5.843691E-6
1.239876E1	-3.874963E-5	5.920538E-6
1.249875E1	-3.869726E-5	6.157685E-6
1.259874E1	-3.860233E-5	5.965104E-6
1.269873E1	-3.844979E-5	6.083192E-6
1.279872E1	-3.835070E-5	6.239666E-6
1.289871E1	-3.828689E-5	6.189365E-6
1.299870E1	-3.819208E-5	6.125890E-6
1.309869E1	-3.805515E-5	6.214010E-6
1.319868E1	-3.804141E-5	6.167044E-6
1.329867E1	-3.802515E-5	6.041663E-6
1.339866E1	-3.785165E-5	5.910073E-6
1.349865E1	-3.778774E-5	5.933122E-6
1.359864E1	-3.780795E-5	5.978700E-6
1.369863E1	-3.793813E-5	5.995768E-6
1.379862E1	-3.781835E-5	6.195860E-6
1.389861E1	-3.782261E-5	6.166095E-6
1.399860E1	-3.776418E-5	5.972820E-6
1.409859E1	-3.756805E-5	5.728060E-6
1.419858E1	-3.750135E-5	5.589412E-6
1.429857E1	-3.756357E-5	5.468857E-6
1.439856E1	-3.752849E-5	5.372432E-6
1.449855E1	-3.744597E-5	5.425829E-6
1.459854E1	-3.712623E-5	5.405210E-6
1.469853E1	-3.707080E-5	5.403403E-6
1.479852E1	-3.693888E-5	5.367139E-6
1.489851E1	-3.680066E-5	5.260870E-6
1.499850E1	-3.642873E-5	5.271636E-6
1.509849E1	-3.614090E-5	5.228174E-6
1.519848E1	-3.603517E-5	5.230102E-6
1.529847E1	-3.612497E-5	5.168339E-6
1.539846E1	-3.616679E-5	5.066049E-6
1.549845E1	-3.615466E-5	5.187410E-6
1.559844E1	-3.626553E-5	5.269609E-6
1.569843E1	-3.646009E-5	5.396652E-6
1.579842E1	-3.633060E-5	5.632829E-6
1.589841E1	-3.646135E-5	5.654686E-6
1.599840E1	-3.643745E-5	5.852468E-6
1.609839E1	-3.639991E-5	5.781014E-6
1.619838E1	-3.632977E-5	5.744435E-6
1.629837E1	-3.616048E-5	5.841570E-6
1.639836E1	-3.617993E-5	5.799703E-6
1.649835E1	-3.623064E-5	5.750718E-6
1.659834E1	-3.620977E-5	5.829795E-6
1.669833E1	-3.614412E-5	5.608585E-6
1.679832E1	-3.627391E-5	5.707088E-6
1.689831E1	-3.633093E-5	5.593285E-6
1.699830E1	-3.637268E-5	5.663416E-6
1.709829E1	-3.656460E-5	5.760764E-6
1.719828E1	-3.652615E-5	5.818894E-6
1.729827E1	-3.657457E-5	5.778453E-6
1.739826E1	-3.655010E-5	5.742699E-6
1.749825E1	-3.636161E-5	5.623772E-6
1.759824E1	-3.610698E-5	5.550078E-6
1.769823E1	-3.631105E-5	5.374431E-6
1.779822E1	-3.630659E-5	5.295962E-6
1.789821E1	-3.611717E-5	5.360710E-6
1.799820E1	-3.628644E-5	5.228388E-6
1.809819E1	-3.628685E-5	5.267540E-6
1.819818E1	-3.622307E-5	5.249472E-6
1.829817E1	-3.602391E-5	5.406667E-6
1.839816E1	-3.589984E-5	5.597668E-6
1.849815E1	-3.593870E-5	5.607994E-6
1.859814E1	-3.598315E-5	5.479881E-6
1.869813E1	-3.628929E-5	5.653948E-6
1.879812E1	-3.622728E-5	5.754116E-6
1.889811E1	-3.628484E-5	5.571271E-6
1.899810E1	-3.647378E-5	5.692713E-6
1.909809E1	-3.643146E-5	5.937430E-6
1.919808E1	-3.639930E-5	5.830848E-6
1.929807E1	-3.650760E-5	5.942142E-6
1.939806E1	-3.662821E-5	6.127822E-6
1.949805E1	-3.657179E-5	6.384822E-6
1.959804E1	-3.662160E-5	6.314832E-6
1.969803E1	-3.652114E-5	6.226013E-6
1.979802E1	-3.644803E-5	6.305353E-6
1.989801E1	-3.651925E-5	6.449509E-6
1.999800E1	-3.660822E-5	6.759057E-6
2.009799E1	-3.659880E-5	6.704894E-6
2.019798E1	-3.662807E-5	6.631329E-6
2.029797E1	-3.669690E-5	6.619781E-6
2.039796E1	-3.681217E-5	6.419253E-6
2.049795E1	-3.667879E-5	6.192865E-6
2.059794E1	-3.655552E-5	5.976930E-6
2.069793E1	-3.661234E-5	5.817068E-6
2.079792E1	-3.654369E-5	5.732707E-6
2.089791E1	-3.656492E-5	5.739238E-6
2.099790E1	-3.652004E-5	5.508982E-6
2.109789E1	-3.654996E-5	5.378886E-6
2.119788E1	-3.675500E-5	5.245997E-6
2.129787E1	-3.681272E-5	5.030305E-6
2.139786E1	-3.696255E-5	4.927270E-6
2.149785E1	-3.705733E-5	5.083461E-6
2.159784E1	-3.697902E-5	5.179997E-6
2.169783E1	-3.716416E-5	5.250267E-6
2.179782E1	-3.711796E-5	5.265633E-6
2.189781E1	-3.731998E-5	5.106024E-6
2.199780E1	-3.744556E-5	5.035273E-6
2.209779E1	-3.752956E-5	5.039505E-6
2.219778E1	-3.756628E-5	5.070353E-6
2.229777E1	-3.756596E-5	5.110585E-6
2.239776E1	-3.747565E-5	5.168517E-6
2.249775E1	-3.727500E-5	5.353181E-6
2.259774E1	-3.736955E-5	5.371979E-6
2.269773E1	-3.749794E-5	5.373000E-6
2.279772E1	-3.775669E-5	5.440589E-6
2.289771E1	-3.787356E-5	5.530706E-6
2.299770E1	-3.779645E-5	5.550385E-6
2.309769E1	-3.752069E-5	5.532209E-6
2.319768E1	-3.743185E-5	5.715617E-6
2.329767E1	-3.738721E-5	5.771139E-6
2.339766E1	-3.740027E-5	6.188366E-6
2.349765E1	-3.753342E-5	6.372173E-6
2.359764E1	-3.753147E-5	6.383638E-6
2.369763E1	-3.753131E-5	6.456663E-6
2.379762E1	-3.746345E-5	6.284033E-6
2.389761E1	-3.759477E-5	6.196167E-6
2.399760E1	-3.752621E-5	6.469783E-6
2.409759E1	-3.734398E-5	6.488655E-6
2.419758E1	-3.738986E-5	6.369673E-6
2.429757E1	-3.738550E-5	6.209641E-6
2.439756E1	-3.746916E-5	5.938898E-6
2.449755E1	-3.751478E-5	5.834076E-6
2.459754E1	-3.758480E-5	5.615316E-6
2.469753E1	-3.756552E-5	5.505330E-6
2.479752E1	-3.752633E-5	5.398278E-6
2.489751E1	-3.740565E-5	5.268401E-6
2.499750E1	-3.733847E-5	5.686022E-6
2.509749E1	-3.725245E-5	6.212505E-6
2.519748E1	-3.709756E-5	6.158360E-6
2.529747E1	-3.719517E-5	6.168424E-6
2.539746E1	-3.734529E-5	6.165376E-6
2.549745E1	-3.735614E-5	6.211512E-6
2.559744E1	-3.724674E-5	6.206281E-6
2.569743E1	-3.736764E-5	6.212905E-6
2.579742E1	-3.761735E-5	6.206723E-6
2.589741E1	-3.770125E-5	5.935293E-6
2.599740E1	-3.781982E-5	5.861649E-6
2.609739E1	-3.773057E-5	5.838978E-6
2.619738E1	-3.759396E-5	6.025085E-6
2.629737E1	-3.773472E-5	6.119208E-6
2.639736E1	-3.775777E-5	6.033399E-6
2.649735E1	-3.767925E-5	5.966628E-6
2.659734E1	-3.760242E-5	5.996372E-6
2.669733E1	-3.757882E-5	5.894902E-6
2.679732E1	-3.762788E-5	5.902369E-6
2.689731E1	-3.752243E-5	5.975999E-6
2.699730E1	-3.773110E-5	5.854297E-6
2.709729E1	-3.789528E-5	5.917787E-6
2.719728E1	-3.790871E-5	6.066462E-6
2.729727E1	-3.786636E-5	6.322067E-6
2.739726E1	-3.801396E-5	6.322536E-6
2.749725E1	-3.824483E-5	6.357210E-6
2.759724E1	-3.821377E-5	6.500746E-6
2.769723E1	-3.840927E-5	6.465793E-6
2.779722E1	-3.846899E-5	6.146503E-6
2.789721E1	-3.847484E-5	6.391716E-6
2.799720E1	-3.852234E-5	6.389579E-6
2.809719E1	-3.856693E-5	6.545823E-6
2.819718E1	-3.846287E-5	6.726554E-6
2.829717E1	-3.831924E-5	6.855535E-6
2.839716E1	-3.836039E-5	6.938691E-6
2.849715E1	-3.837624E-5	6.977883E-6
2.859714E1	-3.834930E-5	7.063093E-6
2.869713E1	-3.835283E-5	7.109920E-6
2.879712E1	-3.830711E-5	7.101909E-6
2.889711E1	-3.810336E-5	7.147236E-6
2.899710E1	-3.830045E-5	7.170898E-6
2.909709E1	-3.855844E-5	7.347297E-6
2.919708E1	-3.875129E-5	7.249904E-6
2.929707E1	-3.883993E-5	7.100477E-6
2.939706E1	-3.875980E-5	7.324919E-6
2.949705E1	-3.878021E-5	7.377503E-6
2.959704E1	-3.894488E-5	7.391203E-6
2.969703E1	-3.885266E-5	7.366622E-6
2.979702E1	-3.880792E-5	7.383786E-6
2.989701E1	-3.880974E-5	7.582478E-6
2.999700E1	-3.878444E-5	7.801178E-6
3.009699E1	-3.868748E-5	7.863625E-6
3.019698E1	-3.886236E-5	7.720894E-6
3.029697E1	-3.872423E-5	7.682787E-6
3.039696E1	-3.865658E-5	7.679223E-6
3.049695E1	-3.862870E-5	7.590555E-6
3.059694E1	-3.887071E-5	7.517755E-6
3.069693E1	-3.916081E-5	7.530047E-6
3.079692E1	-3.917120E-5	7.729153E-6
3.089691E1	-3.936374E-5	7.777639E-6
3.099690E1	-3.930233E-5	7.677660E-6
3.109689E1	-3.915276E-5	7.690181E-6
3.119688E1	-3.902133E-5	7.668890E-6
3.129687E1	-3.898985E-5	7.620464E-6
3.139686E1	-3.892192E-5	7.663832E-6
3.149685E1	-3.876623E-5	7.850308E-6
3.159684E1	-3.842574E-5	8.053568E-6
3.169683E1	-3.836672E-5	7.893191E-6
3.179682E1	-3.862302E-5	8.221401E-6
3.189681E1	-3.852061E-5	8.637677E-6
3.199680E1	-3.818624E-5	8.810901E-6
3.209679E1	-3.815452E-5	8.739950E-6
3.219678E1	-3.810823E-5	8.865541E-6
3.229677E1	-3.769447E-5	8.907471E-6
3.239676E1	-3.734319E-5	9.075125E-6
3.249675E1	-3.707982E-5	9.095891E-6
3.259674E1	-3.698930E-5	8.822774E-6
3.269673E1	-3.685426E-5	8.536988E-6
3.279672E1	-3.687139E-5	8.325982E-6
3.289671E1	-3.705776E-5	8.169109E-6
3.299670E1	-3.725932E-5	7.882601E-6
3.309669E1	-3.735590E-5	7.833683E-6
3.319668E1	-3.726945E-5	7.900171E-6
3.329667E1	-3.750648E-5	8.149080E-6
3.339666E1	-3.753629E-5	8.579633E-6
3.349665E1	-3.771697E-5	8.714352E-6
3.359664E1	-3.763305E-5	8.744011E-6
3.369663E1	-3.741797E-5	8.712615E-6
3.379662E1	-3.743249E-5	8.737178E-6
3.389661E1	-3.754623E-5	8.605282E-6
3.399660E1	-3.739265E-5	8.682432E-6
3.409659E1	-3.722977E-5	8.757216E-6
3.419658E1	-3.723198E-5	8.897975E-6
3.429657E1	-3.709855E-5	9.032116E-6
3.439656E1	-3.697361E-5	9.309534E-6
3.449655E1	-3.688975E-5	9.325620E-6
3.459654E1	-3.677808E-5	9.160829E-6
3.469653E1	-3.692915E-5	8.924170E-6
3.479652E1	-3.705226E-5	9.110728E-6
3.489651E1	-3.705066E-5	9.243466E-6
3.499650E1	-3.712010E-5	9.034919E-6
3.509649E1	-3.729128E-5	9.031308E-6
3.519648E1	-3.741133E-5	9.346012E-6
3.529647E1	-3.753050E-5	9.445257E-6
3.539646E1	-3.748125E-5	9.519986E-6
3.549645E1	-3.760093E-5	9.517091E-6
3.559644E1	-3.783102E-5	9.649304E-6
3.569643E1	-3.787372E-5	9.587966E-6
3.579642E1	-3.805200E-5	9.515426E-6
3.589641E1	-3.821755E-5	9.310827E-6
3.599640E1	-3.804642E-5	9.199089E-6
3.609639E1	-3.781843E-5	9.014473E-6
3.619638E1	-3.780627E-5	8.901620E-6
3.629637E1	-3.783735E-5	9.021279E-6
3.639636E1	-3.795948E-5	8.930529E-6
3.649635E1	-3.796808E-5	8.730230E-6
3.659634E1	-3.798343E-5	8.752487E-6
3.669633E1	-3.794663E-5	8.739190E-6
3.679632E1	-3.788930E-5	8.835375E-6
3.689631E1	-3.809295E-5	8.636533E-6
3.699630E1	-3.800879E-5	8.582145E-6
3.709629E1	-3.805397E-5	8.479100E-6
3.719628E1	-3.782837E-5	8.550750E-6
3.729627E1	-3.782802E-5	8.559349E-6
3.739626E1	-3.800883E-5	8.483229E-6
3.749625E1	-3.809112E-5	8.423672E-6
3.759624E1	-3.825525E-5	8.451728E-6
3.769623E1	-3.819496E-5	8.436559E-6
3.779622E1	-3.820979E-5	8.421396E-6
3.789621E1	-3.801432E-5	8.265102E-6
3.799620E1	-3.781575E-5	8.243076E-6
3.809619E1	-3.791193E-5	8.446386E-6
3.819618E1	-3.787444E-5	8.463147E-6
3.829617E1	-3.774695E-5	8.490569E-6
3.839616E1	-3.765608E-5	8.470729E-6
3.849615E1	-3.781623E-5	8.497455E-6
3.859614E1	-3.790798E-5	8.358427E-6
3.869613E1	-3.787492E-5	8.204879E-6
3.879612E1	-3.790509E-5	8.024974E-6
3.889611E1	-3.799011E-5	8.120919E-6
3.899610E1	-3.828066E-5	7.794090E-6
3.909609E1	-3.824300E-5	7.625910E-6
3.919608E1	-3.810374E-5	7.546770E-6
3.929607E1	-3.802574E-5	7.466761E-6
3.939606E1	-3.806961E-5	7.445594E-6
3.949605E1	-3.815091E-5	7.216733E-6
3.959604E1	-3.829562E-5	7.072869E-6
3.969603E1	-3.815898E-5	7.267148E-6
3.979602E1	-3.805643E-5	7.241172E-6
3.989601E1	-3.789999E-5	7.433393E-6
3.999600E1	-3.807682E-5	7.422779E-6
4.009599E1	-3.806894E-5	7.573893E-6
4.019598E1	-3.804012E-5	7.760447E-6
4.029597E1	-3.783681E-5	7.818378E-6
4.039596E1	-3.780060E-5	7.894497E-6
4.049595E1	-3.794307E-5	7.888434E-6
4.059594E1	-3.796049E-5	7.766123E-6
4.069593E1	-3.794498E-5	7.585702E-6
4.079592E1	-3.795265E-5	7.548647E-6
4.089591E1	-3.786200E-5	7.570156E-6
4.099590E1	-3.791069E-5	7.475150E-6
4.109589E1	-3.804458E-5	7.569750E-6
4.119588E1	-3.820092E-5	7.666547E-6
4.129587E1	-3.819046E-5	7.407529E-6
4.139586E1	-3.823402E-5	7.327505E-6
4.149585E1	-3.820870E-5	7.328164E-6
4.159584E1	-3.814447E-5	7.333648E-6
4.169583E1	-3.815389E-5	7.554111E-6
4.179582E1	-3.817240E-5	7.610539E-6
4.189581E1	-3.816304E-5	7.613860E-6
4.199580E1	-3.811624E-5	7.638904E-6
4.209579E1	-3.796660E-5	7.767364E-6
4.219578E1	-3.767490E-5	7.810786E-6
4.229577E1	-3.770411E-5	8.089573E-6
4.239576E1	-3.785952E-5	8.104305E-6
4.249575E1	-3.787661E-5	8.321351E-6
4.259574E1	-3.792842E-5	8.205352E-6
4.269573E1	-3.806774E-5	8.219226E-6
4.279572E1	-3.801340E-5	8.252245E-6
4.289571E1	-3.795065E-5	8.221807E-6
4.299570E1	-3.801253E-5	8.045048E-6
4.309569E1	-3.796917E-5	7.957610E-6
4.319568E1	-3.810084E-5	7.437380E-6
4.329567E1	-3.821317E-5	7.214317E-6
4.339566E1	-3.822652E-5	7.134956E-6
4.349565E1	-3.794268E-5	7.085111E-6
4.359564E1	-3.788088E-5	6.733432E-6
4.369563E1	-3.789795E-5	6.681785E-6
4.379562E1	-3.781485E-5	6.571090E-6
4.389561E1	-3.780116E-5	6.391116E-6
4.399560E1	-3.767029E-5	6.457572E-6
4.409559E1	-3.763716E-5	6.507689E-6
4.419558E1	-3.748293E-5	6.561031E-6
4.429557E1	-3.735143E-5	6.527010E-6
4.439556E1	-3.760408E-5	6.491703E-6
4.449555E1	-3.801616E-5	6.501077E-6
4.459554E1	-3.775626E-5	6.592916E-6
4.469553E1	-3.770410E-5	6.532753E-6
4.479552E1	-3.781792E-5	6.515937E-6
4.489551E1	-3.787998E-5	6.446961E-6
4.499550E1	-3.773991E-5	6.243656E-6
4.509549E1	-3.781844E-5	6.169555E-6
4.519548E1	-3.789836E-5	6.112523E-6
4.529547E1	-3.770528E-5	6.039196E-6
4.539546E1	-3.764644E-5	5.860708E-6
4.549545E1	-3.769407E-5	5.809688E-6
4.559544E1	-3.766172E-5	5.801388E-6
4.569543E1	-3.779041E-5	5.682758E-6
4.579542E1	-3.786827E-5	5.672991E-6
4.589541E1	-3.792118E-5	5.686380E-6
4.599540E1	-3.787517E-5	5.590423E-6
4.609539E1	-3.804584E-5	5.580021E-6
4.619538E1	-3.810386E-5	5.616592E-6
4.629537E1	-3.822481E-5	5.818548E-6
4.639536E1	-3.823944E-5	5.561320E-6
4.649535E1	-3.859165E-5	5.561368E-6
4.659534E1	-3.870611E-5	5.647817E-6
4.669533E1	-3.858979E-5	5.788043E-6
4.679532E1	-3.875685E-5	5.686234E-6
4.689531E1	-3.903222E-5	5.519324E-6
4.699530E1	-3.918134E-5	5.610749E-6
4.709529E1	-3.905575E-5	5.315839E-6
4.719528E1	-3.900736E-5	5.399210E-6
4.729527E1	-3.898690E-5	5.401159E-6
4.739526E1	-3.908360E-5	5.517910E-6
4.749525E1	-3.928500E-5	5.449183E-6
4.759524E1	-3.934580E-5	5.170513E-6
4.769523E1	-3.927911E-5	5.282283E-6
4.779522E1	-3.942912E-5	5.074058E-6
4.789521E1	-3.944150E-5	4.881359E-6
4.799520E1	-3.901504E-5	4.826958E-6
4.809519E1	-3.879205E-5	4.686618E-6
4.819518E1	-3.878914E-5	4.373981E-6
4.829517E1	-3.874561E-5	4.215699E-6
4.839516E1	-3.866564E-5	4.379436E-6
4.849515E1	-3.867593E-5	4.480006E-6
4.859514E1	-3.846714E-5	4.775923E-6
4.869513E1	-3.845728E-5	4.805756E-6
4.879512E1	-3.860459E-5	5.157691E-6
4.889511E1	-3.858192E-5	5.333618E-6
4.899510E1	-3.812080E-5	5.331545E-6
4.909509E1	-3.791353E-5	5.108637E-6
4.919508E1	-3.795161E-5	5.081708E-6
4.929507E1	-3.809739E-5	5.093707E-6
4.939506E1	-3.834482E-5	5.066645E-6
4.949505E1	-3.856152E-5	4.674158E-6
4.959504E1	-3.857141E-5	4.759920E-6
4.969503E1	-3.837770E-5	4.682050E-6
4.979502E1	-3.820401E-5	4.451172E-6
4.989501E1	-3.814002E-5	4.166900E-6
4.999500E1	-3.839544E-5	4.128023E-6
5.009499E1	-3.855544E-5	4.057700E-6
5.019498E1	-3.868454E-5	4.105839E-6
5.029497E1	-3.889842E-5	4.304267E-6
5.039496E1	-3.905231E-5	4.445590E-6
5.049495E1	-3.927987E-5	4.566270E-6
5.059494E1	-3.918246E-5	4.562629E-6
5.069493E1	-3.923957E-5	4.653090E-6
5.079492E1	-3.925871E-5	4.598856E-6
5.089491E1	-3.908616E-5	4.453901E-6
5.099490E1	-3.909527E-5	4.353257E-6
5.109489E1	-3.893882E-5	4.134374E-6
5.119488E1	-3.909677E-5	3.764099E-6
5.129487E1	-3.939626E-5	3.268025E-6
5.139486E1	-3.960746E-5	3.305558E-6
5.149485E1	-3.947289E-5	3.068477E-6
5.159484E1	-3.948922E-5	3.297216E-6
5.169483E1	-3.943207E-5	3.503513E-6
5.179482E1	-3.957058E-5	3.413417E-6
5.189481E1	-3.944611E-5	3.220253E-6
5.199480E1	-3.952340E-5	2.973540E-6
5.209479E1	-3.956439E-5	2.872850E-6
5.219478E1	-3.965349E-5	2.939572E-6
5.229477E1	-3.997169E-5	3.081993E-6
5.239476E1	-4.015873E-5	2.918612E-6
5.249475E1	-4.036024E-5	3.110776E-6
5.259474E1	-4.055978E-5	3.137221E-6
5.269473E1	-4.054362E-5	3.099937E-6
5.279472E1	-4.043986E-5	3.092681E-6
5.289471E1	-4.056297E-5	3.171255E-6
5.299470E1	-4.056465E-5	3.480109E-6
5.309469E1	-4.065842E-5	3.538382E-6
5.319468E1	-4.080998E-5	3.629797E-6
5.329467E1	-4.112867E-5	3.568135E-6
5.339466E1	-4.101807E-5	3.561692E-6
5.349465E1	-4.107640E-5	3.821132E-6
5.359464E1	-4.099198E-5	3.761941E-6
5.369463E1	-4.090678E-5	3.717018E-6
5.379462E1	-4.081944E-5	3.949579E-6
5.389461E1	-4.102470E-5	4.113964E-6
5.399460E1	-4.141314E-5	4.387060E-6
5.409459E1	-4.143432E-5	4.321267E-6
5.419458E1	-4.130304E-5	4.296828E-6
5.429457E1	-4.112446E-5	4.364551E-6
5.439456E1	-4.101659E-5	4.468823E-6
5.449455E1	-4.085896E-5	4.543676E-6
5.459454E1	-4.097105E-5	4.374773E-6
5.469453E1	-4.094595E-5	4.302342E-6
5.479452E1	-4.095598E-5	4.126532E-6
5.489451E1	-4.089226E-5	4.117263E-6
5.499450E1	-4.088830E-5	4.212852E-6
5.509449E1	-4.126153E-5	4.213169E-6
5.519448E1	-4.148742E-5	4.119480E-6
5.529447E1	-4.141351E-5	4.245834E-6
5.539446E1	-4.140434E-5	4.173570E-6
5.549445E1	-4.148645E-5	4.255158E-6
5.559444E1	-4.138831E-5	4.192635E-6
5.569443E1	-4.119798E-5	4.148016E-6
5.579442E1	-4.130992E-5	4.367675E-6
5.589441E1	-4.142845E-5	4.632897E-6
5.599440E1	-4.159929E-5	4.861265E-6
5.609439E1	-4.136297E-5	4.993062E-6
5.619438E1	-4.149071E-5	4.733540E-6
5.629437E1	-4.145343E-5	4.858264E-6
5.639436E1	-4.149703E-5	5.243121E-6
5.649435E1	-4.159915E-5	5.534383E-6
5.659434E1	-4.158954E-5	5.812963E-6
5.669433E1	-4.153553E-5	5.913870E-6
5.679432E1	-4.178088E-5	6.049937E-6
5.689431E1	-4.161696E-5	6.120393E-6
5.699430E1	-4.140197E-5	5.956921E-6
5.709429E1	-4.129156E-5	5.624042E-6
5.719428E1	-4.135921E-5	5.643265E-6
5.729427E1	-4.127365E-5	5.920795E-6
5.739426E1	-4.107780E-5	5.956503E-6
5.749425E1	-4.125907E-5	5.820152E-6
5.759424E1	-4.103268E-5	5.737359E-6
5.769423E1	-4.083791E-5	5.973286E-6
5.779422E1	-4.080576E-5	5.848402E-6
5.789421E1	-4.099938E-5	6.056690E-6
5.799420E1	-4.114940E-5	6.101635E-6
5.809419E1	-4.104506E-5	6.224069E-6
5.819418E1	-4.110682E-5	6.286055E-6
5.829417E1	-4.105007E-5	6.240207E-6
5.839416E1	-4.100509E-5	6.341174E-6
5.849415E1	-4.097510E-5	6.589891E-6
5.859414E1	-4.098279E-5	6.571283E-6
5.869413E1	-4.102234E-5	6.681452E-6
5.879412E1	-4.110681E-5	6.773598E-6
5.889411E1	-4.126433E-5	6.579818E-6
5.899410E1	-4.114804E-5	6.442114E-6
5.909409E1	-4.112650E-5	6.720564E-6
5.919408E1	-4.123354E-5	6.703154E-6
5.929407E1	-4.140366E-5	6.666391E-6
5.939406E1	-4.167918E-5	6.496488E-6
5.949405E1	-4.160560E-5	6.591157E-6
5.959404E1	-4.148877E-5	6.691953E-6
5.969403E1	-4.145223E-5	6.892674E-6
5.979402E1	-4.132521E-5	7.016636E-6
5.989401E1	-4.147023E-5	6.781412E-6
5.999400E1	-4.173876E-5	6.668489E-6
6.009399E1	-4.173387E-5	6.780638E-6
6.019398E1	-4.175268E-5	6.797617E-6
6.029397E1	-4.179826E-5	6.887598E-6
6.039396E1	-4.212467E-5	6.688646E-6
6.049395E1	-4.237329E-5	6.934842E-6
6.059394E1	-4.244045E-5	7.220114E-6
6.069393E1	-4.242070E-5	7.255989E-6
6.079392E1	-4.251900E-5	7.326917E-6
6.089391E1	-4.219534E-5	7.166170E-6
6.099390E1	-4.246151E-5	7.008378E-6
6.109389E1	-4.243097E-5	6.791610E-6
6.119388E1	-4.224551E-5	6.675291E-6
6.129387E1	-4.230618E-5	6.496780E-6
6.139386E1	-4.230376E-5	6.339434E-6
6.149385E1	-4.230627E-5	6.416847E-6
6.159384E1	-4.235798E-5	6.706884E-6
6.169383E1	-4.252274E-5	6.907913E-6
6.179382E1	-4.238585E-5	6.918687E-6
6.189381E1	-4.240760E-5	7.027024E-6
6.199380E1	-4.204678E-5	7.272454E-6
6.209379E1	-4.190668E-5	7.121807E-6
6.219378E1	-4.215101E-5	7.366352E-6
6.229377E1	-4.220379E-5	7.389578E-6
6.239376E1	-4.231612E-5	7.505463E-6
6.249375E1	-4.257772E-5	7.609372E-6
6.259374E1	-4.247006E-5	7.811366E-6
6.269373E1	-4.231815E-5	7.952709E-6
6.279372E1	-4.215945E-5	7.771809E-6
6.289371E1	-4.198451E-5	7.519448E-6
6.299370E1	-4.152482E-5	7.492493E-6
6.309369E1	-4.121413E-5	7.237263E-6
6.319368E1	-4.099486E-5	7.154180E-6
6.329367E1	-4.106178E-5	7.320146E-6
6.339366E1	-4.090276E-5	7.233762E-6
6.349365E1	-4.090378E-5	7.274369E-6
6.359364E1	-4.103555E-5	7.086785E-6
6.369363E1	-4.112463E-5	7.011346E-6
6.379362E1	-4.137774E-5	7.191961E-6
6.389361E1	-4.112046E-5	7.017813E-6
6.399360E1	-4.095154E-5	7.003905E-6
6.409359E1	-4.071488E-5	7.079485E-6
6.419358E1	-4.071126E-5	6.915441E-6
6.429357E1	-4.077173E-5	7.006828E-6
6.439356E1	-4.085089E-5	6.706738E-6
6.449355E1	-4.116590E-5	6.667144E-6
6.459354E1	-4.138425E-5	6.267613E-6
6.469353E1	-4.125849E-5	6.134453E-6
6.479352E1	-4.125666E-5	6.009965E-6
6.489351E1	-4.116345E-5	6.073667E-6
6.499350E1	-4.099484E-5	6.071896E-6
6.509349E1	-4.087494E-5	6.014669E-6
6.519348E1	-4.078440E-5	6.088014E-6
6.529347E1	-4.039123E-5	6.569429E-6
6.539346E1	-4.048660E-5	6.640193E-6
6.549345E1	-4.048632E-5	6.288743E-6
6.559344E1	-4.062852E-5	6.014676E-6
6.569343E1	-4.074371E-5	6.110941E-6
6.579342E1	-4.107231E-5	6.214549E-6
6.589341E1	-4.128232E-5	6.447184E-6
6.599340E1	-4.126184E-5	6.584905E-6
6.609339E1	-4.113898E-5	6.571698E-6
6.619338E1	-4.114314E-5	6.502445E-6
6.629337E1	-4.110836E-5	6.622535E-6
6.639336E1	-4.108905E-5	6.835031E-6
6.649335E1	-4.097757E-5	6.914610E-6
6.659334E1	-4.089049E-5	6.891658E-6
6.669333E1	-4.076988E-5	6.597769E-6
6.679332E1	-4.071537E-5	6.460258E-6
6.689331E1	-4.086106E-5	6.566221E-6
6.699330E1	-4.115460E-5	6.590258E-6
6.709329E1	-4.114198E-5	6.508324E-6
6.719328E1	-4.122159E-5	6.468768E-6
6.729327E1	-4.132595E-5	6.435373E-6
6.739326E1	-4.120405E-5	6.347847E-6
6.749325E1	-4.107230E-5	6.502968E-6
6.759324E1	-4.116162E-5	6.455993E-6
6.769323E1	-4.130708E-5	6.653496E-6
6.779322E1	-4.140421E-5	6.627198E-6
6.789321E1	-4.143575E-5	6.543023E-6
6.799320E1	-4.127518E-5	6.626279E-6
6.809319E1	-4.110433E-5	6.380151E-6
6.819318E1	-4.090679E-5	6.375588E-6
6.829317E1	-4.092071E-5	6.423254E-6
6.839316E1	-4.105214E-5	6.487319E-6
6.849315E1	-4.109374E-5	6.665257E-6
6.859314E1	-4.119078E-5	6.801829E-6
6.869313E1	-4.121887E-5	6.710007E-6
6.879312E1	-4.122713E-5	6.830457E-6
6.889311E1	-4.140508E-5	6.888344E-6
6.899310E1	-4.136744E-5	6.823257E-6
6.909309E1	-4.142724E-5	6.460383E-6
6.919308E1	-4.141413E-5	6.256850E-6
6.929307E1	-4.145192E-5	6.070580E-6
6.939306E1	-4.145680E-5	6.002868E-6
6.949305E1	-4.150270E-5	6.223511E-6
6.959304E1	-4.134922E-5	6.573652E-6
6.969303E1	-4.106668E-5	6.852304E-6
6.979302E1	-4.113756E-5	6.764682E-6
6.989301E1	-4.118988E-5	6.827147E-6
6.999300E1	-4.111341E-5	6.802967E-6
7.009299E1	-4.118364E-5	6.585183E-6
7.019298E1	-4.147203E-5	6.485848E-6
7.029297E1	-4.141197E-5	6.501804E-6
7.039296E1	-4.120517E-5	6.538078E-6
7.049295E1	-4.123400E-5	6.635862E-6
7.059294E1	-4.116398E-5	6.435792E-6
7.069293E1	-4.118148E-5	6.522603E-6
7.079292E1	-4.111743E-5	6.605420E-6
7.089291E1	-4.109291E-5	6.759136E-6
7.099290E1	-4.117280E-5	6.759539E-6
7.109289E1	-4.105066E-5	6.721857E-6
7.119288E1	-4.080194E-5	6.819821E-6
7.129287E1	-4.060571E-5	7.082087E-6
7.139286E1	-4.054521E-5	6.935446E-6
7.149285E1	-4.067002E-5	7.039369E-6
7.159284E1	-4.075583E-5	7.056194E-6
7.169283E1	-4.065206E-5	7.096372E-6
7.179282E1	-4.050785E-5	7.107652E-6
7.189281E1	-4.049926E-5	7.081088E-6
7.199280E1	-4.031661E-5	7.057693E-6
7.209279E1	-4.040686E-5	7.070377E-6
7.219278E1	-4.052081E-5	7.227683E-6
7.229277E1	-4.064196E-5	7.250049E-6
7.239276E1	-4.059985E-5	7.199872E-6
7.249275E1	-4.049432E-5	7.054661E-6
7.259274E1	-4.046549E-5	6.974750E-6
7.269273E1	-4.045564E-5	6.979904E-6
7.279272E1	-4.055302E-5	7.065582E-6
7.289271E1	-4.044413E-5	7.133259E-6
7.299270E1	-4.030394E-5	7.247394E-6
7.309269E1	-4.012027E-5	7.200984E-6
7.319268E1	-3.993701E-5	7.259377E-6
7.329267E1	-3.979224E-5	7.177829E-6
7.339266E1	-3.946491E-5	7.001662E-6
7.349265E1	-3.947859E-5	7.108464E-6
7.359264E1	-3.972299E-5	7.151053E-6
7.369263E1	-3.990483E-5	7.320215E-6
7.379262E1	-4.022015E-5	7.751019E-6
7.389261E1	-4.001731E-5	8.073903E-6
7.399260E1	-3.997424E-5	8.030669E-6
7.409259E1	-3.994969E-5	8.000928E-6
7.419258E1	-3.986779E-5	8.060547E-6
7.429257E1	-3.981995E-5	8.177588E-6
7.439256E1	-3.986188E-5	8.195461E-6
7.449255E1	-3.987862E-5	8.323121E-6
7.459254E1	-3.979689E-5	8.345025E-6
7.469253E1	-3.972146E-5	8.310593E-6
7.479252E1	-3.983543E-5	8.222158E-6
7.489251E1	-3.984584E-5	8.228145E-6
7.499250E1	-3.995636E-5	7.914093E-6
7.509249E1	-4.015919E-5	7.863700E-6
7.519248E1	-4.019555E-5	8.067818E-6
7.529247E1	-4.021370E-5	8.093272E-6
7.539246E1	-4.019504E-5	8.151628E-6
7.549245E1	-4.019392E-5	8.036842E-6
7.559244E1	-4.010981E-5	7.935820E-6
7.569243E1	-4.020701E-5	7.925003E-6
7.579242E1	-4.009213E-5	7.843770E-6
7.589241E1	-4.002626E-5	7.862929E-6
7.599240E1	-4.023103E-5	7.985276E-6
7.609239E1	-4.020837E-5	7.932319E-6
7.619238E1	-4.001994E-5	7.780236E-6
7.629237E1	-4.013467E-5	7.727851E-6
7.639236E1	-4.021909E-5	7.610398E-6
7.649235E1	-4.006599E-5	7.666867E-6
7.659234E1	-4.007874E-5	7.661131E-6
7.669233E1	-4.014743E-5	7.682464E-6
7.679232E1	-4.021608E-5	7.857398E-6
7.689231E1	-4.025597E-5	7.928012E-6
7.699230E1	-4.035772E-5	7.856913E-6
7.709229E1	-4.017471E-5	7.886054E-6
7.719228E1	-4.007899E-5	7.837071E-6
7.729227E1	-4.003769E-5	7.644657E-6
7.739226E1	-4.003255E-5	7.616928E-6
7.749225E1	-4.006913E-5	7.440335E-6
7.759224E1	-4.013178E-5	7.429424E-6
7.769223E1	-4.000481E-5	7.636246E-6
7.779222E1	-3.955994E-5	7.623210E-6
7.789221E1	-3.965554E-5	7.604743E-6
7.799220E1	-3.973473E-5	7.734207E-6
7.809219E1	-3.975696E-5	7.710312E-6
7.819218E1	-3.980606E-5	7.725449E-6
7.829217E1	-3.968301E-5	7.791428E-6
7.839216E1	-3.969682E-5	7.782538E-6
7.849215E1	-3.970952E-5	7.754759E-6
7.859214E1	-3.975806E-5	7.699744E-6
7.869213E1	-3.983028E-5	7.788206E-6
7.879212E1	-3.980755E-5	7.790845E-6
7.889211E1	-3.982828E-5	7.822058E-6
7.899210E1	-3.998418E-5	7.806690E-6
7.909209E1	-3.987076E-5	7.887239E-6
7.919208E1	-3.984007E-5	7.770690E-6
7.929207E1	-3.969483E-5	7.819934E-6
7.939206E1	-3.963871E-5	7.944426E-6
7.949205E1	-3.940898E-5	7.908086E-6
7.959204E1	-3.950743E-5	7.722732E-6
7.969203E1	-3.955702E-5	7.696999E-6
7.979202E1	-3.942390E-5	7.882332E-6
7.989201E1	-3.926269E-5	8.106405E-6
7.999200E1	-3.926416E-5	8.091913E-6
8.009199E1	-3.928233E-5	8.273679E-6
8.019198E1	-3.927368E-5	8.036726E-6
8.029197E1	-3.921843E-5	7.904461E-6
8.039196E1	-3.912382E-5	8.013072E-6
8.049195E1	-3.933407E-5	8.011984E-6
8.059194E1	-3.947368E-5	7.796453E-6
8.069193E1	-3.951064E-5	7.821488E-6
8.079192E1	-3.959409E-5	7.823695E-6
8.089191E1	-3.940093E-5	7.813485E-6
8.099190E1	-3.931176E-5	7.841745E-6
8.109189E1	-3.956842E-5	7.834895E-6
8.119188E1	-3.963247E-5	7.890917E-6
8.129187E1	-3.968554E-5	7.858177E-6
8.139186E1	-3.962279E-5	8.004807E-6
8.149185E1	-3.959761E-5	8.094599E-6
8.159184E1	-3.959554E-5	7.894908E-6
8.169183E1	-3.952108E-5	7.916809E-6
8.179182E1	-3.948188E-5	7.988734E-6
8.189181E1	-3.963641E-5	7.701078E-6
8.199180E1	-3.957406E-5	7.747400E-6
8.209179E1	-3.972146E-5	7.792618E-6
8.219178E1	-3.986396E-5	7.714281E-6
8.229177E1	-3.985643E-5	7.716350E-6
8.239176E1	-3.974280E-5	7.777146E-6
8.249175E1	-3.989408E-5	7.949487E-6
8.259174E1	-3.996715E-5	8.143892E-6
8.269173E1	-3.987127E-5	8.190160E-6
8.279172E1	-3.994755E-5	8.131375E-6
8.289171E1	-3.988199E-5	8.210542E-6
8.299170E1	-3.992280E-5	8.331580E-6
8.309169E1	-4.005029E-5	8.433846E-6
8.319168E1	-4.003922E-5	8.422397E-6
8.329167E1	-4.015817E-5	8.394052E-6
8.339166E1	-4.010900E-5	8.346038E-6
8.349165E1	-4.004052E-5	8.399797E-6
8.359164E1	-3.992328E-5	8.355509E-6
8.369163E1	-3.983750E-5	8.433768E-6
8.379162E1	-3.991551E-5	8.605920E-6
8.389161E1	-4.007210E-5	8.526784E-6
8.399160E1	-4.006892E-5	8.576717E-6
8.409159E1	-4.015889E-5	8.623076E-6
8.419158E1	-4.023759E-5	8.669868E-6
8.429157E1	-4.022114E-5	8.766478E-6
8.439156E1	-4.039359E-5	8.752505E-6
8.449155E1	-4.042128E-5	8.641719E-6
8.459154E1	-4.023074E-5	8.739169E-6
8.469153E1	-4.017604E-5	8.936834E-6
8.479152E1	-4.007226E-5	9.074584E-6
8.489151E1	-4.003831E-5	9.053409E-6
8.499150E1	-4.006737E-5	9.025716E-6
8.509149E1	-4.020585E-5	8.894784E-6
8.519148E1	-4.025864E-5	8.821004E-6
8.529147E1	-4.016937E-5	8.879930E-6
8.539146E1	-4.021951E-5	8.778308E-6
8.549145E1	-3.993724E-5	8.913876E-6
8.559144E1	-3.994463E-5	9.086344E-6
8.569143E1	-3.989696E-5	9.013011E-6
8.579142E1	-3.977035E-5	8.725123E-6
8.589141E1	-3.972846E-5	8.731368E-6
8.599140E1	-3.970358E-5	8.868963E-6
8.609139E1	-3.965783E-5	8.897815E-6
8.619138E1	-3.962883E-5	8.757633E-6
8.629137E1	-3.964238E-5	8.915813E-6
8.639136E1	-3.964116E-5	9.169865E-6
8.649135E1	-3.951591E-5	9.247717E-6
8.659134E1	-3.949135E-5	9.394893E-6
8.669133E1	-3.948517E-5	9.398398E-6
8.679132E1	-3.955031E-5	9.243623E-6
8.689131E1	-3.954469E-5	9.224129E-6
8.699130E1	-3.930431E-5	9.201153E-6
8.709129E1	-3.929433E-5	9.096037E-6
8.719128E1	-3.931703E-5	9.081472E-6
8.729127E1	-3.927241E-5	9.026058E-6
8.739126E1	-3.900664E-5	8.860536E-6
8.749125E1	-3.889108E-5	8.750400E-6
8.759124E1	-3.874567E-5	8.767413E-6
8.769123E1	-3.868416E-5	8.834817E-6
8.779122E1	-3.856665E-5	8.791924E-6
8.789121E1	-3.848865E-5	8.781865E-6
8.799120E1	-3.840621E-5	8.852932E-6
8.809119E1	-3.849031E-5	8.962094E-6
8.819118E1	-3.875053E-5	9.075712E-6
8.829117E1	-3.886416E-5	9.006145E-6
8.839116E1	-3.870836E-5	8.873387E-6
8.849115E1	-3.880571E-5	8.719830E-6
8.859114E1	-3.856183E-5	8.816157E-6
8.869113E1	-3.856795E-5	8.775241E-6
8.879112E1	-3.852423E-5	8.656115E-6
8.889111E1	-3.851641E-5	8.606393E-6
8.899110E1	-3.859853E-5	8.661918E-6
8.909109E1	-3.871631E-5	8.588555E-6
8.919108E1	-3.858478E-5	8.486519E-6
8.929107E1	-3.854018E-5	8.564688E-6
8.939106E1	-3.843191E-5	8.682370E-6
8.949105E1	-3.841739E-5	8.595626E-6
8.959104E1	-3.838430E-5	8.532956E-6
8.969103E1	-3.836974E-5	8.358860E-6
8.979102E1	-3.843842E-5	8.410655E-6
8.989101E1	-3.854934E-5	8.552900E-6
8.999100E1	-3.873666E-5	8.394567E-6
9.009099E1	-3.876448E-5	8.241715E-6
9.019098E1	-3.879200E-5	8.323167E-6
9.029097E1	-3.851063E-5	8.462508E-6
9.039096E1	-3.859159E-5	8.449447E-6
9.049095E1	-3.857701E-5	8.351959E-6
9.059094E1	-3.852195E-5	8.319117E-6
9.069093E1	-3.852106E-5	8.488196E-6
9.079092E1	-3.865923E-5	8.595195E-6
9.089091E1	-3.872121E-5	8.573180E-6
9.099090E1	-3.874621E-5	8.452755E-6
9.109089E1	-3.890680E-5	8.588969E-6
9.119088E1	-3.884737E-5	8.588741E-6
9.129087E1	-3.865864E-5	8.424227E-6
9.139086E1	-3.886719E-5	8.374519E-6
9.149085E1	-3.911984E-5	8.327543E-6
9.159084E1	-3.906000E-5	8.561842E-6
9.169083E1	-3.898135E-5	8.606965E-6
9.179082E1	-3.898462E-5	8.576339E-6
9.189081E1	-3.911761E-5	8.427249E-6
9.199080E1	-3.900007E-5	8.520557E-6
9.209079E1	-3.889407E-5	8.513520E-6
9.219078E1	-3.883529E-5	8.625478E-6
9.229077E1	-3.903282E-5	8.553623E-6
9.239076E1	-3.917057E-5	8.359369E-6
9.249075E1	-3.918886E-5	8.519689E-6
9.259074E1	-3.931019E-5	8.509124E-6
9.269073E1	-3.954565E-5	8.480716E-6
9.279072E1	-3.959486E-5	8.534309E-6
9.289071E1	-3.954376E-5	8.682866E-6
9.299070E1	-3.959366E-5	8.687083E-6
9.309069E1	-3.979115E-5	8.727272E-6
9.319068E1	-3.989483E-5	8.555395E-6
9.329067E1	-4.002168E-5	8.631669E-6
9.339066E1	-4.014794E-5	8.638305E-6
9.349065E1	-4.031769E-5	8.398658E-6
9.359064E1	-4.020722E-5	8.306348E-6
9.369063E1	-4.010183E-5	8.232429E-6
9.379062E1	-3.997653E-5	8.256120E-6
9.389061E1	-3.977771E-5	8.408130E-6
9.399060E1	-3.984147E-5	8.516163E-6
9.409059E1	-3.983253E-5	8.822798E-6
9.419058E1	-3.992083E-5	8.899161E-6
9.429057E1	-4.008550E-5	8.930459E-6
9.439056E1	-4.001606E-5	9.002623E-6
9.449055E1	-3.996055E-5	8.946051E-6
9.459054E1	-3.999702E-5	9.017864E-6
9.469053E1	-4.007392E-5	9.090302E-6
9.479052E1	-4.032702E-5	8.967972E-6
9.489051E1	-4.027816E-5	8.987586E-6
9.499050E1	-4.015971E-5	8.837200E-6
9.509049E1	-4.007988E-5	8.672675E-6
9.519048E1	-4.022634E-5	8.754264E-6
9.529047E1	-4.037167E-5	8.739415E-6
9.539046E1	-4.032476E-5	8.593529E-6
9.549045E1	-4.023935E-5	8.599195E-6
9.559044E1	-4.005758E-5	8.443673E-6
9.569043E1	-3.999515E-5	8.578978E-6
9.579042E1	-3.996584E-5	8.766278E-6
9.589041E1	-3.984761E-5	8.939733E-6
9.599040E1	-3.987677E-5	9.014588E-6
9.609039E1	-3.996282E-5	9.014242E-6
9.619038E1	-3.999091E-5	8.964898E-6
9.629037E1	-3.993952E-5	8.918596E-6
9.639036E1	-4.006438E-5	9.092646E-6
9.649035E1	-3.980401E-5	9.012603E-6
9.659034E1	-3.981228E-5	8.820362E-6
9.669033E1	-3.967160E-5	8.758457E-6
9.679032E1	-3.941319E-5	8.868269E-6
9.689031E1	-3.919022E-5	8.712254E-6
9.699030E1	-3.925716E-5	8.810655E-6
9.709029E1	-3.947174E-5	8.747361E-6
9.719028E1	-3.960595E-5	8.683252E-6
9.729027E1	-3.982595E-5	8.745667E-6
9.739026E1	-3.983295E-5	8.766659E-6
9.749025E1	-3.969748E-5	8.777744E-6
9.759024E1	-3.949996E-5	8.873499E-6
9.769023E1	-3.967662E-5	8.821116E-6
9.779022E1	-3.995417E-5	8.935226E-6
9.789021E1	-3.984098E-5	9.077567E-6
9.799020E1	-3.971935E-5	9.147104E-6
9.809019E1	-3.973096E-5	9.211433E-6
9.819018E1	-3.972716E-5	9.256301E-6
9.829017E1	-3.964296E-5	9.174539E-6
9.839016E1	-3.957236E-5	9.322115E-6
9.849015E1	-3.958448E-5	9.323021E-6
9.859014E1	-3.975742E-5	9.323210E-6
9.869013E1	-3.987879E-5	9.247854E-6
9.879012E1	-3.981323E-5	9.223073E-6
9.889011E1	-3.969543E-5	8.988608E-6
9.899010E1	-3.968940E-5	9.089079E-6
9.909009E1	-3.955616E-5	9.134546E-6
9.919008E1	-3.944717E-5	9.137844E-6
9.929007E1	-3.962675E-5	9.153837E-6
9.939006E1	-3.977806E-5	9.028746E-6
9.949005E1	-3.960763E-5	8.970484E-6
9.959004E1	-3.956762E-5	8.977700E-6
9.969003E1	-3.957404E-5	9.015985E-6
9.979002E1	-3.969267E-5	8.844053E-6
9.989001E1	-3.958333E-5	8.847921E-6
9.999000E1	-3.954043E-5	8.614280E-6
1.000900E2	-3.943134E-5	8.752447E-6
1.001900E2	-3.913420E-5	8.736157E-6
1.002900E2	-3.910716E-5	8.624812E-6
1.003900E2	-3.921022E-5	8.582686E-6
1.004900E2	-3.942444E-5	8.506713E-6
1.005899E2	-3.961830E-5	8.410649E-6
1.006899E2	-3.964160E-5	8.430477E-6
1.007899E2	-3.962316E-5	8.367559E-6
1.008899E2	-3.946193E-5	8.457186E-6
1.009899E2	-3.945689E-5	8.447122E-6
1.010899E2	-3.946796E-5	8.307695E-6
1.011899E2	-3.953216E-5	8.039310E-6
1.012899E2	-3.944910E-5	7.918748E-6
1.013899E2	-3.939181E-5	8.063084E-6
1.014899E2	-3.940565E-5	8.054273E-6
1.015898E2	-3.943272E-5	7.932428E-6
1.016898E2	-3.941483E-5	7.884704E-6
1.017898E2	-3.938632E-5	7.777825E-6
1.018898E2	-3.932052E-5	7.606615E-6
1.019898E2	-3.925598E-5	7.644576E-6
1.020898E2	-3.919068E-5	7.527914E-6
1.021898E2	-3.925162E-5	7.598391E-6
1.022898E2	-3.941115E-5	7.557743E-6
1.023898E2	-3.932436E-5	7.494301E-6
1.024898E2	-3.924783E-5	7.509481E-6
1.025897E2	-3.927305E-5	7.582526E-6
1.026897E2	-3.930971E-5	7.687136E-6
1.027897E2	-3.935195E-5	7.506840E-6
1.028897E2	-3.946827E-5	7.468267E-6
1.029897E2	-3.951836E-5	7.415295E-6
1.030897E2	-3.960892E-5	7.597940E-6
1.031897E2	-3.985128E-5	7.606285E-6
1.032897E2	-4.004014E-5	7.754103E-6
1.033897E2	-3.992696E-5	7.755258E-6
1.034897E2	-3.994599E-5	7.644327E-6
1.035896E2	-4.002922E-5	7.998785E-6
1.036896E2	-3.995128E-5	8.052129E-6
1.037896E2	-3.983974E-5	8.059617E-6
1.038896E2	-3.977612E-5	8.036672E-6
1.039896E2	-3.952954E-5	7.894451E-6
1.040896E2	-3.935146E-5	8.041282E-6
1.041896E2	-3.928175E-5	8.146366E-6
1.042896E2	-3.930262E-5	8.101051E-6
1.043896E2	-3.929331E-5	8.031891E-6
1.044896E2	-3.922626E-5	7.864672E-6
1.045895E2	-3.929948E-5	7.714880E-6
1.046895E2	-3.940786E-5	7.840709E-6
1.047895E2	-3.947940E-5	7.745593E-6
1.048895E2	-3.932101E-5	7.722797E-6
1.049895E2	-3.945550E-5	7.817826E-6
1.050895E2	-3.935250E-5	8.045378E-6
1.051895E2	-3.948920E-5	8.022836E-6
1.052895E2	-3.943397E-5	8.162540E-6
1.053895E2	-3.964502E-5	8.286437E-6
1.054895E2	-3.963740E-5	8.094028E-6
1.055894E2	-3.950477E-5	7.963308E-6
1.056894E2	-3.941685E-5	8.156067E-6
1.057894E2	-3.927568E-5	8.172322E-6
1.058894E2	-3.918380E-5	8.366254E-6
1.059894E2	-3.938615E-5	8.307390E-6
1.060894E2	-3.919455E-5	8.211585E-6
1.061894E2	-3.898050E-5	8.174622E-6
1.062894E2	-3.919135E-5	8.266163E-6
1.063894E2	-3.923340E-5	8.389687E-6
1.064894E2	-3.915705E-5	8.354055E-6
1.065893E2	-3.908997E-5	8.447085E-6
1.066893E2	-3.907578E-5	8.414357E-6
1.067893E2	-3.907472E-5	8.366983E-6
1.068893E2	-3.902709E-5	8.370684E-6
1.069893E2	-3.904071E-5	8.260609E-6
1.070893E2	-3.909474E-5	8.461884E-6
1.071893E2	-3.901406E-5	8.467802E-6
1.072893E2	-3.897727E-5	8.201841E-6
1.073893E2	-3.885761E-5	8.230841E-6
1.074893E2	-3.891632E-5	8.242063E-6
1.075892E2	-3.894976E-5	8.203672E-6
1.076892E2	-3.904595E-5	8.334168E-6
1.077892E2	-3.879160E-5	8.485872E-6
1.078892E2	-3.875108E-5	8.475099E-6
1.079892E2	-3.880437E-5	8.514605E-6
1.080892E2	-3.894606E-5	8.338519E-6
1.081892E2	-3.901541E-5	8.497177E-6
1.082892E2	-3.914868E-5	8.672071E-6
1.083892E2	-3.934661E-5	8.632806E-6
1.084892E2	-3.941708E-5	8.636781E-6
1.085891E2	-3.931642E-5	8.591001E-6
1.086891E2	-3.930944E-5	8.634543E-6
1.087891E2	-3.943997E-5	8.786436E-6
1.088891E2	-3.945428E-5	8.693851E-6
1.089891E2	-3.957460E-5	8.757546E-6
1.090891E2	-3.969512E-5	8.845764E-6
1.091891E2	-3.975179E-5	8.942445E-6
1.092891E2	-3.996579E-5	8.820033E-6
1.093891E2	-3.998197E-5	8.950185E-6
1.094891E2	-3.998967E-5	9.016634E-6
1.095890E2	-4.012268E-5	9.118820E-6
1.096890E2	-4.014598E-5	9.056250E-6
1.097890E2	-4.006099E-5	8.856303E-6
1.098890E2	-4.009146E-5	8.933877E-6
1.099890E2	-4.014142E-5	8.884402E-6
1.100890E2	-4.024193E-5	8.939452E-6
1.101890E2	-4.011195E-5	8.874615E-6
1.102890E2	-4.000292E-5	8.776598E-6
1.103890E2	-3.999355E-5	9.094594E-6
1.104890E2	-3.990463E-5	9.163401E-6
1.105889E2	-3.991810E-5	8.917685E-6
1.106889E2	-3.983124E-5	8.909161E-6
1.107889E2	-3.968817E-5	8.975350E-6
1.108889E2	-3.950538E-5	9.148781E-6
1.109889E2	-3.951427E-5	9.258186E-6
1.110889E2	-3.944505E-5	9.217019E-6
1.111889E2	-3.928004E-5	9.250620E-6
1.112889E2	-3.931107E-5	9.250730E-6
1.113889E2	-3.917554E-5	9.111185E-6
1.114889E2	-3.916909E-5	9.105743E-6
1.115888E2	-3.895548E-5	9.110560E-6
1.116888E2	-3.898899E-5	8.993922E-6
1.117888E2	-3.897547E-5	8.901457E-6
1.118888E2	-3.895301E-5	8.785558E-6
1.119888E2	-3.894301E-5	8.841555E-6
1.120888E2	-3.900097E-5	8.904118E-6
1.121888E2	-3.902533E-5	8.893260E-6
1.122888E2	-3.913941E-5	9.105408E-6
1.123888E2	-3.925635E-5	9.071001E-6
1.124888E2	-3.945755E-5	9.032225E-6
1.125887E2	-3.957999E-5	9.111355E-6
1.126887E2	-3.944589E-5	9.085336E-6
1.127887E2	-3.948899E-5	8.873805E-6
1.128887E2	-3.969861E-5	8.663283E-6
1.129887E2	-3.977174E-5	8.620173E-6
1.130887E2	-3.954035E-5	8.823239E-6
1.131887E2	-3.951845E-5	8.812602E-6
1.132887E2	-3.937141E-5	8.964510E-6
1.133887E2	-3.945932E-5	9.157137E-6
1.134887E2	-3.949650E-5	9.161346E-6
1.135886E2	-3.969641E-5	9.103235E-6
1.136886E2	-3.966533E-5	9.101790E-6
1.137886E2	-3.958322E-5	8.931417E-6
1.138886E2	-3.970947E-5	8.753126E-6
1.139886E2	-3.973024E-5	8.697357E-6
1.140886E2	-3.969569E-5	8.671048E-6
1.141886E2	-3.965797E-5	8.725709E-6
1.142886E2	-3.956604E-5	8.793659E-6
1.143886E2	-3.969150E-5	8.704038E-6
1.144886E2	-3.992693E-5	8.756224E-6
1.145885E2	-4.000076E-5	8.840475E-6
1.146885E2	-4.011099E-5	8.801471E-6
1.147885E2	-4.000791E-5	8.804610E-6
1.148885E2	-3.989278E-5	8.911793E-6
1.149885E2	-3.973166E-5	8.911150E-6
1.150885E2	-3.982262E-5	8.908175E-6
1.151885E2	-4.007115E-5	8.784351E-6
1.152885E2	-4.002126E-5	8.747858E-6
1.153885E2	-4.010471E-5	8.770616E-6
1.154885E2	-4.009056E-5	8.482152E-6
1.155884E2	-4.019286E-5	8.370477E-6
1.156884E2	-4.034708E-5	8.196803E-6
1.157884E2	-4.038686E-5	7.943008E-6
1.158884E2	-4.040621E-5	7.943615E-6
1.159884E2	-4.035521E-5	7.993711E-6
1.160884E2	-4.046300E-5	7.987731E-6
1.161884E2	-4.053609E-5	7.877887E-6
1.162884E2	-4.062933E-5	7.924002E-6
1.163884E2	-4.054160E-5	7.996016E-6
1.164884E2	-4.061735E-5	8.115223E-6
1.165883E2	-4.051866E-5	8.315692E-6
1.166883E2	-4.031126E-5	8.576455E-6
1.167883E2	-4.010847E-5	8.636370E-6
1.168883E2	-3.980726E-5	8.674576E-6
1.169883E2	-3.995000E-5	8.757494E-6
1.170883E2	-4.004746E-5	8.860588E-6
1.171883E2	-3.991297E-5	8.959284E-6
1.172883E2	-3.989420E-5	8.884077E-6
1.173883E2	-3.994175E-5	8.930926E-6
1.174883E2	-3.999483E-5	8.836186E-6
1.175882E2	-4.008687E-5	8.539386E-6
1.176882E2	-4.001458E-5	8.369045E-6
1.177882E2	-3.996217E-5	8.392594E-6
1.178882E2	-3.987745E-5	8.608226E-6
1.179882E2	-3.989641E-5	8.664753E-6
1.180882E2	-3.993976E-5	8.868865E-6
1.181882E2	-3.990294E-5	8.933787E-6
1.182882E2	-3.983282E-5	9.035262E-6
1.183882E2	-3.987115E-5	9.121095E-6
1.184882E2	-3.982479E-5	9.310690E-6
1.185881E2	-3.970814E-5	9.321316E-6
1.186881E2	-3.980503E-5	9.003497E-6
1.187881E2	-4.000919E-5	8.788584E-6
1.188881E2	-4.005244E-5	8.750898E-6
1.189881E2	-4.004533E-5	8.638910E-6
1.190881E2	-4.016823E-5	8.529169E-6
1.191881E2	-4.037046E-5	8.396990E-6
1.192881E2	-4.026994E-5	8.315066E-6
1.193881E2	-4.032541E-5	8.202711E-6
1.194881E2	-4.020434E-5	8.082937E-6
1.195880E2	-4.029918E-5	8.068812E-6
1.196880E2	-4.019907E-5	8.149215E-6
1.197880E2	-4.008363E-5	8.119562E-6
1.198880E2	-4.002291E-5	8.188785E-6
1.199880E2	-4.001443E-5	8.329227E-6
1.200880E2	-3.988629E-5	8.286478E-6
1.201880E2	-3.989467E-5	8.389904E-6
1.202880E2	-3.989777E-5	8.397079E-6
1.203880E2	-3.988807E-5	8.429312E-6
1.204880E2	-3.987952E-5	8.350710E-6
1.205879E2	-3.994677E-5	8.547237E-6
1.206879E2	-4.007593E-5	8.496573E-6
1.207879E2	-3.985197E-5	8.475158E-6
1.208879E2	-3.972281E-5	8.563777E-6
1.209879E2	-3.959034E-5	8.482941E-6
1.210879E2	-3.956320E-5	8.460260E-6
1.211879E2	-3.952125E-5	8.397419E-6
1.212879E2	-3.945823E-5	8.572958E-6
1.213879E2	-3.949749E-5	8.657498E-6
1.214879E2	-3.945868E-5	8.639662E-6
1.215878E2	-3.954068E-5	8.598496E-6
1.216878E2	-3.952092E-5	8.535716E-6
1.217878E2	-3.961256E-5	8.365806E-6
1.218878E2	-3.973383E-5	8.360993E-6
1.219878E2	-3.979932E-5	8.478546E-6
1.220878E2	-3.959020E-5	8.666905E-6
1.221878E2	-3.965112E-5	8.704652E-6
1.222878E2	-3.964418E-5	8.757201E-6
1.223878E2	-3.970461E-5	8.728392E-6
1.224878E2	-3.956989E-5	8.684698E-6
1.225877E2	-3.949832E-5	8.663707E-6
1.226877E2	-3.942252E-5	8.580151E-6
1.227877E2	-3.941334E-5	8.492594E-6
1.228877E2	-3.944328E-5	8.371236E-6
1.229877E2	-3.951551E-5	8.379187E-6
1.230877E2	-3.944460E-5	8.418326E-6
1.231877E2	-3.960218E-5	8.386120E-6
1.232877E2	-3.960166E-5	8.323181E-6
1.233877E2	-3.978432E-5	8.131032E-6
1.234877E2	-4.003489E-5	8.149078E-6
1.235876E2	-4.013963E-5	8.143263E-6
1.236876E2	-4.028940E-5	8.137976E-6
1.237876E2	-4.022682E-5	8.100873E-6
1.238876E2	-4.046890E-5	8.077428E-6
1.239876E2	-4.056214E-5	8.096688E-6
1.240876E2	-4.054013E-5	8.029364E-6
1.241876E2	-4.056604E-5	7.787894E-6
1.242876E2	-4.067951E-5	7.691978E-6
1.243876E2	-4.069595E-5	7.698341E-6
1.244876E2	-4.086979E-5	7.658579E-6
1.245875E2	-4.091101E-5	7.879182E-6
1.246875E2	-4.090241E-5	7.907723E-6
1.247875E2	-4.095055E-5	7.963036E-6
1.248875E2	-4.091910E-5	7.800690E-6
1.249875E2	-4.088086E-5	7.723704E-6
1.250875E2	-4.085928E-5	7.493617E-6
1.251875E2	-4.074156E-5	7.559369E-6
1.252875E2	-4.085475E-5	7.616759E-6
1.253875E2	-4.078172E-5	7.558755E-6
1.254875E2	-4.085589E-5	7.597973E-6
1.255874E2	-4.088632E-5	7.692818E-6
1.256874E2	-4.091848E-5	7.554284E-6
1.257874E2	-4.087901E-5	7.606589E-6
1.258874E2	-4.087220E-5	7.663423E-6
1.259874E2	-4.084677E-5	7.771910E-6
1.260874E2	-4.083396E-5	7.985343E-6
1.261874E2	-4.080718E-5	7.883775E-6
1.262874E2	-4.066927E-5	7.839278E-6
1.263874E2	-4.071267E-5	7.660897E-6
1.264874E2	-4.090441E-5	7.675179E-6
1.265873E2	-4.091818E-5	7.602832E-6
1.266873E2	-4.082187E-5	7.840872E-6
1.267873E2	-4.078633E-5	7.899427E-6
1.268873E2	-4.083696E-5	8.000325E-6
1.269873E2	-4.082291E-5	7.916486E-6
1.270873E2	-4.077228E-5	7.923277E-6
1.271873E2	-4.060173E-5	7.957869E-6
1.272873E2	-4.051022E-5	7.869292E-6
1.273873E2	-4.054890E-5	7.900540E-6
1.274873E2	-4.045953E-5	8.025538E-6
1.275872E2	-4.026141E-5	7.874611E-6
1.276872E2	-4.029908E-5	7.733792E-6
1.277872E2	-4.029813E-5	7.835959E-6
1.278872E2	-4.006307E-5	7.930128E-6
1.279872E2	-4.005955E-5	7.777250E-6
1.280872E2	-4.005079E-5	7.820200E-6
1.281872E2	-4.016718E-5	7.618528E-6
1.282872E2	-4.006425E-5	7.483439E-6
1.283872E2	-4.018966E-5	7.375253E-6
1.284872E2	-4.035032E-5	7.455842E-6
1.285871E2	-4.039573E-5	7.468644E-6
1.286871E2	-4.035196E-5	7.405109E-6
1.287871E2	-4.037476E-5	7.498196E-6
1.288871E2	-4.036346E-5	7.434343E-6
1.289871E2	-4.054614E-5	7.392044E-6
1.290871E2	-4.043386E-5	7.217887E-6
1.291871E2	-4.049788E-5	7.394783E-6
1.292871E2	-4.056961E-5	7.255418E-6
1.293871E2	-4.066283E-5	7.253039E-6
1.294871E2	-4.064198E-5	7.221005E-6
1.295870E2	-4.058981E-5	7.073394E-6
1.296870E2	-4.052205E-5	7.121346E-6
1.297870E2	-4.045842E-5	7.236489E-6
1.298870E2	-4.047261E-5	7.213339E-6
1.299870E2	-4.056331E-5	7.000497E-6
1.300870E2	-4.058181E-5	7.050281E-6
1.301870E2	-4.054229E-5	7.073029E-6
1.302870E2	-4.049538E-5	7.226300E-6
1.303870E2	-4.038847E-5	7.138212E-6
1.304870E2	-4.048851E-5	7.176330E-6
1.305869E2	-4.042145E-5	7.115775E-6
1.306869E2	-4.026032E-5	7.189716E-6
1.307869E2	-4.031474E-5	7.233132E-6
1.308869E2	-4.037892E-5	7.127526E-6
1.309869E2	-4.045184E-5	7.132671E-6
1.310869E2	-4.040580E-5	7.070774E-6
1.311869E2	-4.020234E-5	7.066115E-6
1.312869E2	-4.025072E-5	7.022814E-6
1.313869E2	-4.020128E-5	6.997004E-6
1.314869E2	-4.043332E-5	7.049382E-6
1.315868E2	-4.044827E-5	6.915210E-6
1.316868E2	-4.033819E-5	6.810173E-6
1.317868E2	-4.042325E-5	6.724498E-6
1.318868E2	-4.050322E-5	6.777750E-6
1.319868E2	-4.057474E-5	6.991284E-6
1.320868E2	-4.068618E-5	7.185664E-6
1.321868E2	-4.081994E-5	7.110844E-6
1.322868E2	-4.089169E-5	7.050984E-6
1.323868E2	-4.090832E-5	7.042994E-6
1.324868E2	-4.101823E-5	6.808318E-6
1.325867E2	-4.105208E-5	6.668389E-6
1.326867E2	-4.096464E-5	6.540577E-6
1.327867E2	-4.100213E-5	6.586734E-6
1.328867E2	-4.109121E-5	6.525033E-6
1.329867E2	-4.119398E-5	6.547737E-6
1.330867E2	-4.124862E-5	6.473338E-6
1.331867E2	-4.139047E-5	6.341401E-6
1.332867E2	-4.139477E-5	6.270487E-6
1.333867E2	-4.118919E-5	6.289332E-6
1.334867E2	-4.112664E-5	6.160417E-6
1.335866E2	-4.116935E-5	6.069611E-6
1.336866E2	-4.120151E-5	6.051591E-6
1.337866E2	-4.120558E-5	6.307169E-6
1.338866E2	-4.123000E-5	6.353359E-6
1.339866E2	-4.121434E-5	6.390546E-6
1.340866E2	-4.099077E-5	6.334830E-6
1.341866E2	-4.068127E-5	6.333809E-6
1.342866E2	-4.063549E-5	6.364311E-6
1.343866E2	-4.057742E-5	6.391327E-6
1.344866E2	-4.042506E-5	6.499447E-6
1.345865E2	-4.048836E-5	6.815552E-6
1.346865E2	-4.043729E-5	6.782618E-6
1.347865E2	-4.027070E-5	6.631066E-6
1.348865E2	-4.036398E-5	6.526424E-6
1.349865E2	-4.024349E-5	6.428930E-6
1.350865E2	-4.006075E-5	6.396747E-6
1.351865E2	-4.019821E-5	6.605535E-6
1.352865E2	-4.015927E-5	6.702495E-6
1.353865E2	-4.016992E-5	6.743175E-6
1.354865E2	-3.977206E-5	6.776346E-6
1.355864E2	-3.961116E-5	6.782593E-6
1.356864E2	-3.946605E-5	6.832587E-6
1.357864E2	-3.938576E-5	6.797915E-6
1.358864E2	-3.934321E-5	6.889613E-6
1.359864E2	-3.935796E-5	6.805399E-6
1.360864E2	-3.945188E-5	6.742196E-6
1.361864E2	-3.945589E-5	6.651866E-6
1.362864E2	-3.966998E-5	6.500880E-6
1.363864E2	-3.954158E-5	6.437680E-6
1.364864E2	-3.935721E-5	6.194078E-6
1.365863E2	-3.952418E-5	6.096159E-6
1.366863E2	-3.959676E-5	6.090927E-6
1.367863E2	-3.965048E-5	6.211067E-6
1.368863E2	-3.966673E-5	6.055746E-6
1.369863E2	-3.971919E-5	6.007184E-6
1.370863E2	-3.988928E-5	5.978077E-6
1.371863E2	-3.967510E-5	5.777919E-6
1.372863E2	-3.954703E-5	5.802507E-6
1.373863E2	-3.953008E-5	5.853658E-6
1.374863E2	-3.955248E-5	5.752371E-6
1.375862E2	-3.952121E-5	5.757667E-6
1.376862E2	-3.923240E-5	5.890769E-6
1.377862E2	-3.924792E-5	6.023264E-6
1.378862E2	-3.928825E-5	5.977307E-6
1.379862E2	-3.923040E-5	5.945318E-6
1.380862E2	-3.921403E-5	5.905332E-6
1.381862E2	-3.941695E-5	5.638031E-6
1.382862E2	-3.944494E-5	5.669897E-6
1.383862E2	-3.927083E-5	5.511937E-6
1.384862E2	-3.931839E-5	5.484762E-6
1.385861E2	-3.922127E-5	5.262384E-6
1.386861E2	-3.932581E-5	4.965521E-6
1.387861E2	-3.911314E-5	4.781463E-6
1.388861E2	-3.891009E-5	4.754794E-6
1.389861E2	-3.884328E-5	4.856937E-6
1.390861E2	-3.876745E-5	4.854903E-6
1.391861E2	-3.851830E-5	4.818922E-6
1.392861E2	-3.861862E-5	4.628805E-6
1.393861E2	-3.870492E-5	4.479879E-6
1.394861E2	-3.855726E-5	4.338836E-6
1.395860E2	-3.849099E-5	4.265598E-6
1.396860E2	-3.862044E-5	4.239198E-6
1.397860E2	-3.841750E-5	4.165803E-6
1.398860E2	-3.824699E-5	3.979735E-6
1.399860E2	-3.827345E-5	3.870403E-6
1.400860E2	-3.812992E-5	3.856580E-6
1.401860E2	-3.802384E-5	3.923538E-6
1.402860E2	-3.803292E-5	3.997104E-6
1.403860E2	-3.801081E-5	3.813248E-6
1.404860E2	-3.822826E-5	3.765684E-6
1.405859E2	-3.828791E-5	3.867638E-6
1.406859E2	-3.797187E-5	4.213152E-6
1.407859E2	-3.780288E-5	4.263907E-6
1.408859E2	-3.785390E-5	4.232810E-6
1.409859E2	-3.758909E-5	4.334176E-6
1.410859E2	-3.715777E-5	4.439500E-6
1.411859E2	-3.699625E-5	4.437086E-6
1.412859E2	-3.687205E-5	4.451887E-6
1.413859E2	-3.682333E-5	4.239339E-6
1.414859E2	-3.674182E-5	3.824838E-6
1.415858E2	-3.664712E-5	3.687073E-6
1.416858E2	-3.660683E-5	3.811232E-6
1.417858E2	-3.649287E-5	3.812518E-6
1.418858E2	-3.631887E-5	3.960238E-6
1.419858E2	-3.647522E-5	4.071559E-6
1.420858E2	-3.648162E-5	3.761513E-6
1.421858E2	-3.648299E-5	3.695310E-6
1.422858E2	-3.647867E-5	3.650408E-6
1.423858E2	-3.630905E-5	3.562716E-6
1.424858E2	-3.622952E-5	3.338793E-6
1.425857E2	-3.608470E-5	3.244785E-6
1.426857E2	-3.609752E-5	3.343566E-6
1.427857E2	-3.580571E-5	3.498780E-6
1.428857E2	-3.579440E-5	3.772899E-6
1.429857E2	-3.565011E-5	3.843361E-6
1.430857E2	-3.559088E-5	3.595953E-6
1.431857E2	-3.535809E-5	3.416054E-6
1.432857E2	-3.535134E-5	3.159022E-6
1.433857E2	-3.533539E-5	2.923912E-6
1.434857E2	-3.515125E-5	2.758273E-6
1.435856E2	-3.507244E-5	2.734804E-6
1.436856E2	-3.497546E-5	2.769273E-6
1.437856E2	-3.494622E-5	2.612780E-6
1.438856E2	-3.471750E-5	2.711031E-6
1.439856E2	-3.466516E-5	2.683530E-6
1.440856E2	-3.474003E-5	2.513222E-6
1.441856E2	-3.485063E-5	2.468970E-6
1.442856E2	-3.468188E-5	2.592825E-6
1.443856E2	-3.462838E-5	2.534290E-6
1.444856E2	-3.462081E-5	2.695631E-6
1.445855E2	-3.472365E-5	2.615668E-6
1.446855E2	-3.476272E-5	2.654847E-6
1.447855E2	-3.485067E-5	2.276674E-6
1.448855E2	-3.471574E-5	2.151089E-6
1.449855E2	-3.475103E-5	2.380000E-6
1.450855E2	-3.471455E-5	2.381780E-6
1.451855E2	-3.487448E-5	2.388256E-6
1.452855E2	-3.489577E-5	2.064435E-6
1.453855E2	-3.489572E-5	2.009501E-6
1.454855E2	-3.488368E-5	1.832278E-6
1.455854E2	-3.469505E-5	1.628141E-6
1.456854E2	-3.479278E-5	1.552683E-6
1.457854E2	-3.482443E-5	1.562678E-6
1.458854E2	-3.500712E-5	1.358804E-6
1.459854E2	-3.507215E-5	1.180109E-6
1.460854E2	-3.534041E-5	1.135282E-6
1.461854E2	-3.540751E-5	1.296155E-6
1.462854E2	-3.535769E-5	1.258999E-6
1.463854E2	-3.536171E-5	1.265852E-6
1.464854E2	-3.550692E-5	1.200794E-6
1.465853E2	-3.540603E-5	1.255455E-6
1.466853E2	-3.527800E-5	1.007848E-6
1.467853E2	-3.517694E-5	7.952017E-7
1.468853E2	-3.487482E-5	5.222796E-7
1.469853E2	-3.472971E-5	6.322775E-7
1.470853E2	-3.464407E-5	6.758077E-7
1.471853E2	-3.467975E-5	7.970453E-7
1.472853E2	-3.444366E-5	9.022401E-7
1.473853E2	-3.444050E-5	1.016569E-6
1.474853E2	-3.454913E-5	1.038493E-6
1.475852E2	-3.449169E-5	9.647050E-7
1.476852E2	-3.444778E-5	1.070429E-6
1.477852E2	-3.445852E-5	1.281850E-6
1.478852E2	-3.442961E-5	1.398215E-6
1.479852E2	-3.436800E-5	1.187517E-6
1.480852E2	-3.427025E-5	1.029942E-6
1.481852E2	-3.425456E-5	9.494663E-7
1.482852E2	-3.421410E-5	1.040002E-6
1.483852E2	-3.421374E-5	1.033261E-6
1.484852E2	-3.409309E-5	1.041233E-6
1.485851E2	-3.405611E-5	1.104813E-6
1.486851E2	-3.388538E-5	9.920939E-7
1.487851E2	-3.381531E-5	8.283655E-7
1.488851E2	-3.393273E-5	1.054712E-6
1.489851E2	-3.405783E-5	1.327675E-6
1.490851E2	-3.404141E-5	1.370788E-6
1.491851E2	-3.395296E-5	1.183627E-6
1.492851E2	-3.398131E-5	1.013443E-6
1.493851E2	-3.401860E-5	1.007682E-6
1.494851E2	-3.414178E-5	9.564904E-7
1.495850E2	-3.418732E-5	9.169412E-7
1.496850E2	-3.418945E-5	1.021578E-6
1.497850E2	-3.426972E-5	9.101945E-7
1.498850E2	-3.428683E-5	8.318434E-7
1.499850E2	-3.431960E-5	8.258953E-7
1.500850E2	-3.429303E-5	8.339786E-7
1.501850E2	-3.442379E-5	9.362802E-7
1.502850E2	-3.447988E-5	9.154732E-7
1.503850E2	-3.445545E-5	9.750450E-7
1.504850E2	-3.454143E-5	9.204746E-7
1.505849E2	-3.448764E-5	8.674264E-7
1.506849E2	-3.446995E-5	8.647244E-7
1.507849E2	-3.464891E-5	1.002111E-6
1.508849E2	-3.480306E-5	1.003306E-6
1.509849E2	-3.467846E-5	1.037661E-6
1.510849E2	-3.447935E-5	1.133816E-6
1.511849E2	-3.439563E-5	9.738491E-7
1.512849E2	-3.445744E-5	7.123379E-7
1.513849E2	-3.441623E-5	9.080644E-7
1.514849E2	-3.442641E-5	1.040714E-6
1.515848E2	-3.442020E-5	9.421079E-7
1.516848E2	-3.466742E-5	1.108612E-6
1.517848E2	-3.470746E-5	1.209750E-6
1.518848E2	-3.494231E-5	1.217624E-6
1.519848E2	-3.502296E-5	1.124241E-6
1.520848E2	-3.508821E-5	1.220892E-6
1.521848E2	-3.511562E-5	1.299549E-6
1.522848E2	-3.507412E-5	1.101756E-6
1.523848E2	-3.503710E-5	1.360617E-6
1.524848E2	-3.496609E-5	1.307628E-6
1.525847E2	-3.505832E-5	1.322706E-6
1.526847E2	-3.529935E-5	1.356743E-6
1.527847E2	-3.533607E-5	1.439435E-6
1.528847E2	-3.547899E-5	1.462318E-6
1.529847E2	-3.532167E-5	1.460275E-6
1.530847E2	-3.548330E-5	1.419335E-6
1.531847E2	-3.546638E-5	1.352421E-6
1.532847E2	-3.553707E-5	1.303667E-6
1.533847E2	-3.558068E-5	1.303617E-6
1.534847E2	-3.574014E-5	1.089949E-6
1.535846E2	-3.589606E-5	8.725665E-7
1.536846E2	-3.577476E-5	9.177750E-7
1.537846E2	-3.551288E-5	9.856192E-7
1.538846E2	-3.548265E-5	1.171577E-6
1.539846E2	-3.552423E-5	1.248498E-6
1.540846E2	-3.554007E-5	1.402613E-6
1.541846E2	-3.556161E-5	1.474622E-6
1.542846E2	-3.546861E-5	1.614884E-6
1.543846E2	-3.539691E-5	1.438565E-6
1.544846E2	-3.533999E-5	1.711186E-6
1.545845E2	-3.533682E-5	1.636721E-6
1.546845E2	-3.536725E-5	1.479125E-6
1.547845E2	-3.545384E-5	1.571768E-6
1.548845E2	-3.568525E-5	1.592296E-6
1.549845E2	-3.585854E-5	1.705340E-6
1.550845E2	-3.578086E-5	1.659956E-6
1.551845E2	-3.577530E-5	1.702847E-6
1.552845E2	-3.601736E-5	1.758194E-6
1.553845E2	-3.605308E-5	1.708646E-6
1.554845E2	-3.608665E-5	1.795050E-6
1.555844E2	-3.610389E-5	1.918359E-6
1.556844E2	-3.603131E-5	2.250890E-6
1.557844E2	-3.591997E-5	2.398358E-6
1.558844E2	-3.597196E-5	2.236517E-6
1.559844E2	-3.588001E-5	1.932852E-6
1.560844E2	-3.571139E-5	1.851758E-6
1.561844E2	-3.589448E-5	1.826657E-6
1.562844E2	-3.624156E-5	1.671648E-6
1.563844E2	-3.647308E-5	1.571125E-6
1.564844E2	-3.644813E-5	1.647744E-6
1.565843E2	-3.651312E-5	1.813534E-6
1.566843E2	-3.659895E-5	1.497179E-6
1.567843E2	-3.652558E-5	1.439850E-6
1.568843E2	-3.637542E-5	1.815704E-6
1.569843E2	-3.613456E-5	2.061005E-6
1.570843E2	-3.582889E-5	1.940152E-6
1.571843E2	-3.557210E-5	2.188484E-6
1.572843E2	-3.547196E-5	2.115157E-6
1.573843E2	-3.546152E-5	2.234806E-6
1.574843E2	-3.547235E-5	2.277941E-6
1.575842E2	-3.548655E-5	2.370176E-6
1.576842E2	-3.563561E-5	2.499690E-6
1.577842E2	-3.579843E-5	2.529914E-6
1.578842E2	-3.597359E-5	2.509018E-6
1.579842E2	-3.590700E-5	2.411983E-6
1.580842E2	-3.604990E-5	2.500028E-6
1.581842E2	-3.606720E-5	2.342535E-6
1.582842E2	-3.620494E-5	2.180901E-6
