0.000000E0	3.278960E-5	-2.116420E-5
9.999000E-2	3.285362E-5	-2.129379E-5
1.999800E-1	3.287528E-5	-2.135142E-5
2.999700E-1	3.271488E-5	-2.109427E-5
3.999600E-1	3.263509E-5	-2.081163E-5
4.999500E-1	3.246387E-5	-2.092303E-5
5.999400E-1	3.228504E-5	-2.094919E-5
6.999300E-1	3.233109E-5	-2.101396E-5
7.999200E-1	3.232351E-5	-2.115588E-5
8.999100E-1	3.223662E-5	-2.132308E-5
9.999000E-1	3.217814E-5	-2.156125E-5
1.099890E0	3.216327E-5	-2.143308E-5
1.199880E0	3.230041E-5	-2.170429E-5
1.299870E0	3.267277E-5	-2.190020E-5
1.399860E0	3.280160E-5	-2.183057E-5
1.499850E0	3.283744E-5	-2.176768E-5
1.599840E0	3.273332E-5	-2.161548E-5
1.699830E0	3.310807E-5	-2.169201E-5
1.799820E0	3.313611E-5	-2.143325E-5
1.899810E0	3.323635E-5	-2.130537E-5
1.999800E0	3.326306E-5	-2.111994E-5
2.099790E0	3.314431E-5	-2.125656E-5
2.199780E0	3.312905E-5	-2.130775E-5
2.299770E0	3.317630E-5	-2.127984E-5
2.399760E0	3.324531E-5	-2.105063E-5
2.499750E0	3.348415E-5	-2.100582E-5
2.599740E0	3.369594E-5	-2.088223E-5
2.699730E0	3.366452E-5	-2.081859E-5
2.799720E0	3.349467E-5	-2.107285E-5
2.899710E0	3.349562E-5	-2.099189E-5
2.999700E0	3.322938E-5	-2.125352E-5
3.099690E0	3.305002E-5	-2.132676E-5
3.199680E0	3.311808E-5	-2.125464E-5
3.299670E0	3.301263E-5	-2.139625E-5
3.399660E0	3.302833E-5	-2.154887E-5
3.499650E0	3.303769E-5	-2.167342E-5
3.599640E0	3.308777E-5	-2.166676E-5
3.699630E0	3.307128E-5	-2.166491E-5
3.799620E0	3.299083E-5	-2.166647E-5
3.899610E0	3.306022E-5	-2.179111E-5
3.999600E0	3.326292E-5	-2.175896E-5
4.099590E0	3.348568E-5	-2.151855E-5
4.199580E0	3.334203E-5	-2.140022E-5
4.299570E0	3.333962E-5	-2.137648E-5
4.399560E0	3.345371E-5	-2.142418E-5
4.499550E0	3.322550E-5	-2.142500E-5
4.599540E0	3.334381E-5	-2.142161E-5
4.699530E0	3.357417E-5	-2.150638E-5
4.799520E0	3.343033E-5	-2.140096E-5
4.899510E0	3.320929E-5	-2.134409E-5
4.999500E0	3.308550E-5	-2.167083E-5
5.099490E0	3.303932E-5	-2.191917E-5
5.199480E0	3.277324E-5	-2.189834E-5
5.299470E0	3.278659E-5	-2.157790E-5
5.399460E0	3.298672E-5	-2.118396E-5
5.499450E0	3.316937E-5	-2.082136E-5
5.599440E0	3.327254E-5	-2.043235E-5
5.699430E0	3.308356E-5	-2.039126E-5
5.799420E0	3.306026E-5	-2.039028E-5
5.899410E0	3.345677E-5	-2.059155E-5
5.999400E0	3.354717E-5	-2.053384E-5
6.099390E0	3.356528E-5	-2.045893E-5
6.199380E0	3.334218E-5	-2.021758E-5
6.299370E0	3.298343E-5	-2.008466E-5
6.399360E0	3.307274E-5	-2.006346E-5
6.499350E0	3.281742E-5	-1.995062E-5
6.599340E0	3.267622E-5	-1.966237E-5
6.699330E0	3.263237E-5	-1.964658E-5
6.799320E0	3.261769E-5	-1.938764E-5
6.899310E0	3.250143E-5	-1.913539E-5
6.999300E0	3.242649E-5	-1.908776E-5
7.099290E0	3.232388E-5	-1.914278E-5
7.199280E0	3.235917E-5	-1.927016E-5
7.299270E0	3.215326E-5	-1.920599E-5
7.399260E0	3.211877E-5	-1.944214E-5
7.499250E0	3.226568E-5	-1.943000E-5
7.599240E0	3.235975E-5	-1.955438E-5
7.699230E0	3.248920E-5	-1.971189E-5
7.799220E0	3.237437E-5	-1.992648E-5
7.899210E0	3.228847E-5	-1.992871E-5
7.999200E0	3.233981E-5	-1.982027E-5
8.099190E0	3.253202E-5	-1.986017E-5
8.199180E0	3.278380E-5	-1.993141E-5
8.299170E0	3.293708E-5	-1.952752E-5
8.399160E0	3.282484E-5	-1.967485E-5
8.499150E0	3.277168E-5	-1.973748E-5
8.599140E0	3.301761E-5	-1.991053E-5
8.699130E0	3.297860E-5	-1.977376E-5
8.799120E0	3.294075E-5	-1.979906E-5
8.899110E0	3.288171E-5	-1.998415E-5
8.999100E0	3.290671E-5	-1.996111E-5
9.099090E0	3.245027E-5	-1.963298E-5
9.199080E0	3.234659E-5	-1.960075E-5
9.299070E0	3.239030E-5	-1.977219E-5
9.399060E0	3.263165E-5	-2.001224E-5
9.499050E0	3.300061E-5	-1.999006E-5
9.599040E0	3.313792E-5	-1.989177E-5
9.699030E0	3.320773E-5	-1.979435E-5
9.799020E0	3.320105E-5	-1.978761E-5
9.899010E0	3.299948E-5	-1.952301E-5
9.999000E0	3.291416E-5	-1.943582E-5
1.009899E1	3.273072E-5	-1.872953E-5
1.019898E1	3.298245E-5	-1.850586E-5
1.029897E1	3.309792E-5	-1.861310E-5
1.039896E1	3.333273E-5	-1.855808E-5
1.049895E1	3.325866E-5	-1.879107E-5
1.059894E1	3.349062E-5	-1.896068E-5
1.069893E1	3.376600E-5	-1.894532E-5
1.079892E1	3.387645E-5	-1.905719E-5
1.089891E1	3.359674E-5	-1.935888E-5
1.099890E1	3.345603E-5	-1.949572E-5
1.109889E1	3.348735E-5	-1.974224E-5
1.119888E1	3.361798E-5	-1.990345E-5
1.129887E1	3.399129E-5	-2.004694E-5
1.139886E1	3.420826E-5	-1.993403E-5
1.149885E1	3.425310E-5	-2.010937E-5
1.159884E1	3.429841E-5	-2.007804E-5
1.169883E1	3.419640E-5	-2.015540E-5
1.179882E1	3.412451E-5	-2.033586E-5
1.189881E1	3.391867E-5	-2.026902E-5
1.199880E1	3.365741E-5	-2.012836E-5
1.209879E1	3.389896E-5	-1.995618E-5
1.219878E1	3.378664E-5	-1.987099E-5
1.229877E1	3.380793E-5	-2.014908E-5
1.239876E1	3.361815E-5	-1.999298E-5
1.249875E1	3.353490E-5	-1.984754E-5
1.259874E1	3.353507E-5	-1.993813E-5
1.269873E1	3.344937E-5	-1.980332E-5
1.279872E1	3.347876E-5	-1.972134E-5
1.289871E1	3.347837E-5	-1.968254E-5
1.299870E1	3.349960E-5	-1.975192E-5
1.309869E1	3.359857E-5	-1.971538E-5
1.319868E1	3.372479E-5	-1.949193E-5
1.329867E1	3.349527E-5	-1.946426E-5
1.339866E1	3.333091E-5	-1.924083E-5
1.349865E1	3.341768E-5	-1.895685E-5
1.359864E1	3.340725E-5	-1.876822E-5
1.369863E1	3.317835E-5	-1.877677E-5
1.379862E1	3.304072E-5	-1.879005E-5
1.389861E1	3.322253E-5	-1.895241E-5
1.399860E1	3.336025E-5	-1.904997E-5
1.409859E1	3.322935E-5	-1.872526E-5
1.419858E1	3.313802E-5	-1.858797E-5
1.429857E1	3.326018E-5	-1.839586E-5
1.439856E1	3.304763E-5	-1.830266E-5
1.449855E1	3.307004E-5	-1.838233E-5
1.459854E1	3.315553E-5	-1.840483E-5
1.469853E1	3.306414E-5	-1.843016E-5
1.479852E1	3.300787E-5	-1.847399E-5
1.489851E1	3.306556E-5	-1.829542E-5
1.499850E1	3.309795E-5	-1.831365E-5
1.509849E1	3.310785E-5	-1.820875E-5
1.519848E1	3.323069E-5	-1.820073E-5
1.529847E1	3.335903E-5	-1.803768E-5
1.539846E1	3.352392E-5	-1.802061E-5
1.549845E1	3.333344E-5	-1.805987E-5
1.559844E1	3.300763E-5	-1.799294E-5
1.569843E1	3.283525E-5	-1.797932E-5
1.579842E1	3.309754E-5	-1.799671E-5
1.589841E1	3.328214E-5	-1.818034E-5
1.599840E1	3.324736E-5	-1.824314E-5
1.609839E1	3.303909E-5	-1.834783E-5
1.619838E1	3.297295E-5	-1.842671E-5
1.629837E1	3.283929E-5	-1.861108E-5
1.639836E1	3.264901E-5	-1.882112E-5
1.649835E1	3.265244E-5	-1.880574E-5
1.659834E1	3.280910E-5	-1.884815E-5
1.669833E1	3.296817E-5	-1.861387E-5
1.679832E1	3.309791E-5	-1.871793E-5
1.689831E1	3.292851E-5	-1.869492E-5
1.699830E1	3.289345E-5	-1.850388E-5
1.709829E1	3.284571E-5	-1.844491E-5
1.719828E1	3.277053E-5	-1.827856E-5
1.729827E1	3.286497E-5	-1.829940E-5
1.739826E1	3.290276E-5	-1.840670E-5
1.749825E1	3.287690E-5	-1.841449E-5
1.759824E1	3.292223E-5	-1.832193E-5
1.769823E1	3.285649E-5	-1.827902E-5
1.779822E1	3.272492E-5	-1.841189E-5
1.789821E1	3.282308E-5	-1.866399E-5
1.799820E1	3.280746E-5	-1.885434E-5
1.809819E1	3.294912E-5	-1.895482E-5
1.819818E1	3.296305E-5	-1.913087E-5
1.829817E1	3.315214E-5	-1.906424E-5
1.839816E1	3.341991E-5	-1.892993E-5
1.849815E1	3.363640E-5	-1.902701E-5
1.859814E1	3.357391E-5	-1.883937E-5
1.869813E1	3.361606E-5	-1.884046E-5
1.879812E1	3.349924E-5	-1.905195E-5
1.889811E1	3.360804E-5	-1.892801E-5
1.899810E1	3.368080E-5	-1.886817E-5
1.909809E1	3.374076E-5	-1.898391E-5
1.919808E1	3.370336E-5	-1.896746E-5
1.929807E1	3.384982E-5	-1.886505E-5
1.939806E1	3.365712E-5	-1.886958E-5
1.949805E1	3.358472E-5	-1.883079E-5
1.959804E1	3.348540E-5	-1.883552E-5
1.969803E1	3.349248E-5	-1.886205E-5
1.979802E1	3.353863E-5	-1.896487E-5
1.989801E1	3.350839E-5	-1.903227E-5
1.999800E1	3.358254E-5	-1.893349E-5
2.009799E1	3.372273E-5	-1.900713E-5
2.019798E1	3.373474E-5	-1.896676E-5
2.029797E1	3.357171E-5	-1.896880E-5
2.039796E1	3.370407E-5	-1.899698E-5
2.049795E1	3.365964E-5	-1.901740E-5
2.059794E1	3.384813E-5	-1.911629E-5
2.069793E1	3.407607E-5	-1.900969E-5
2.079792E1	3.409991E-5	-1.901192E-5
2.089791E1	3.401403E-5	-1.910294E-5
2.099790E1	3.388004E-5	-1.898245E-5
2.109789E1	3.403167E-5	-1.903567E-5
2.119788E1	3.384349E-5	-1.911247E-5
2.129787E1	3.386705E-5	-1.924755E-5
2.139786E1	3.401269E-5	-1.932845E-5
2.149785E1	3.384350E-5	-1.946224E-5
2.159784E1	3.384834E-5	-1.934612E-5
2.169783E1	3.368928E-5	-1.921219E-5
2.179782E1	3.334293E-5	-1.939610E-5
2.189781E1	3.336887E-5	-1.938300E-5
2.199780E1	3.337999E-5	-1.928527E-5
2.209779E1	3.320331E-5	-1.928785E-5
2.219778E1	3.315664E-5	-1.943703E-5
2.229777E1	3.286721E-5	-1.930098E-5
2.239776E1	3.309094E-5	-1.926124E-5
2.249775E1	3.325069E-5	-1.907529E-5
2.259774E1	3.321497E-5	-1.892665E-5
2.269773E1	3.319457E-5	-1.886374E-5
2.279772E1	3.309368E-5	-1.898540E-5
2.289771E1	3.302341E-5	-1.899073E-5
2.299770E1	3.295052E-5	-1.917452E-5
2.309769E1	3.283578E-5	-1.928562E-5
2.319768E1	3.293225E-5	-1.905655E-5
2.329767E1	3.286873E-5	-1.903483E-5
2.339766E1	3.280317E-5	-1.897836E-5
2.349765E1	3.274066E-5	-1.893774E-5
2.359764E1	3.293511E-5	-1.904984E-5
2.369763E1	3.297968E-5	-1.901382E-5
2.379762E1	3.311966E-5	-1.904723E-5
2.389761E1	3.314499E-5	-1.900926E-5
2.399760E1	3.314638E-5	-1.901024E-5
2.409759E1	3.316010E-5	-1.900707E-5
2.419758E1	3.313222E-5	-1.908584E-5
2.429757E1	3.332245E-5	-1.912985E-5
2.439756E1	3.329753E-5	-1.892074E-5
2.449755E1	3.316621E-5	-1.889518E-5
2.459754E1	3.328087E-5	-1.889249E-5
2.469753E1	3.322488E-5	-1.897292E-5
2.479752E1	3.334327E-5	-1.905696E-5
2.489751E1	3.345273E-5	-1.923397E-5
2.499750E1	3.325855E-5	-1.918492E-5
2.509749E1	3.321412E-5	-1.926412E-5
2.519748E1	3.320708E-5	-1.931540E-5
2.529747E1	3.295803E-5	-1.911059E-5
2.539746E1	3.306334E-5	-1.898248E-5
2.549745E1	3.310183E-5	-1.886531E-5
2.559744E1	3.302971E-5	-1.885511E-5
2.569743E1	3.272198E-5	-1.899657E-5
2.579742E1	3.263635E-5	-1.900882E-5
2.589741E1	3.252743E-5	-1.886255E-5
2.599740E1	3.251284E-5	-1.877221E-5
2.609739E1	3.258123E-5	-1.859994E-5
2.619738E1	3.267070E-5	-1.857170E-5
2.629737E1	3.279448E-5	-1.833205E-5
2.639736E1	3.291298E-5	-1.823764E-5
2.649735E1	3.303427E-5	-1.823654E-5
2.659734E1	3.302540E-5	-1.835820E-5
2.669733E1	3.312623E-5	-1.849394E-5
2.679732E1	3.325308E-5	-1.859803E-5
2.689731E1	3.327251E-5	-1.876869E-5
2.699730E1	3.329485E-5	-1.884834E-5
2.709729E1	3.327467E-5	-1.878318E-5
2.719728E1	3.346130E-5	-1.862196E-5
2.729727E1	3.350469E-5	-1.863279E-5
2.739726E1	3.345670E-5	-1.870726E-5
2.749725E1	3.344977E-5	-1.882412E-5
2.759724E1	3.337803E-5	-1.895439E-5
2.769723E1	3.315289E-5	-1.858505E-5
2.779722E1	3.323151E-5	-1.847771E-5
2.789721E1	3.321010E-5	-1.840904E-5
2.799720E1	3.327671E-5	-1.844594E-5
2.809719E1	3.344659E-5	-1.858814E-5
2.819718E1	3.328217E-5	-1.843718E-5
2.829717E1	3.305579E-5	-1.836479E-5
2.839716E1	3.277028E-5	-1.841686E-5
2.849715E1	3.227936E-5	-1.836451E-5
2.859714E1	3.217929E-5	-1.862637E-5
2.869713E1	3.219165E-5	-1.871204E-5
2.879712E1	3.235464E-5	-1.844831E-5
2.889711E1	3.230457E-5	-1.855439E-5
2.899710E1	3.204841E-5	-1.858488E-5
2.909709E1	3.204955E-5	-1.867650E-5
2.919708E1	3.221933E-5	-1.874485E-5
2.929707E1	3.233628E-5	-1.884026E-5
2.939706E1	3.258902E-5	-1.892440E-5
2.949705E1	3.281845E-5	-1.909892E-5
2.959704E1	3.280795E-5	-1.934590E-5
2.969703E1	3.280900E-5	-1.952867E-5
2.979702E1	3.281787E-5	-1.929728E-5
2.989701E1	3.299420E-5	-1.921657E-5
2.999700E1	3.303629E-5	-1.928902E-5
3.009699E1	3.274364E-5	-1.927452E-5
3.019698E1	3.232449E-5	-1.932862E-5
3.029697E1	3.223437E-5	-1.947955E-5
3.039696E1	3.235349E-5	-1.949973E-5
3.049695E1	3.227831E-5	-1.945748E-5
3.059694E1	3.234691E-5	-1.956260E-5
3.069693E1	3.260798E-5	-1.957283E-5
3.079692E1	3.258830E-5	-1.960349E-5
3.089691E1	3.234593E-5	-1.949523E-5
3.099690E1	3.220478E-5	-1.926547E-5
3.109689E1	3.217837E-5	-1.898492E-5
3.119688E1	3.255443E-5	-1.888424E-5
3.129687E1	3.252221E-5	-1.856660E-5
3.139686E1	3.249080E-5	-1.867158E-5
3.149685E1	3.245387E-5	-1.858694E-5
3.159684E1	3.242782E-5	-1.818867E-5
3.169683E1	3.253790E-5	-1.816083E-5
3.179682E1	3.252720E-5	-1.836491E-5
3.189681E1	3.219280E-5	-1.835147E-5
3.199680E1	3.226010E-5	-1.836112E-5
3.209679E1	3.239265E-5	-1.835786E-5
3.219678E1	3.254417E-5	-1.859169E-5
3.229677E1	3.260601E-5	-1.857348E-5
3.239676E1	3.254675E-5	-1.842195E-5
3.249675E1	3.269671E-5	-1.866641E-5
3.259674E1	3.268494E-5	-1.860934E-5
3.269673E1	3.260288E-5	-1.856653E-5
3.279672E1	3.249712E-5	-1.845815E-5
3.289671E1	3.244439E-5	-1.844342E-5
3.299670E1	3.250807E-5	-1.856543E-5
3.309669E1	3.249014E-5	-1.884220E-5
3.319668E1	3.234959E-5	-1.892232E-5
3.329667E1	3.240095E-5	-1.884434E-5
3.339666E1	3.262252E-5	-1.869006E-5
3.349665E1	3.245856E-5	-1.857511E-5
3.359664E1	3.217833E-5	-1.881988E-5
3.369663E1	3.216959E-5	-1.894799E-5
3.379662E1	3.214092E-5	-1.894037E-5
3.389661E1	3.215918E-5	-1.906889E-5
3.399660E1	3.193117E-5	-1.889575E-5
3.409659E1	3.200268E-5	-1.874635E-5
3.419658E1	3.221600E-5	-1.859228E-5
3.429657E1	3.222490E-5	-1.824959E-5
3.439656E1	3.261858E-5	-1.812848E-5
3.449655E1	3.265542E-5	-1.827988E-5
3.459654E1	3.269876E-5	-1.822996E-5
3.469653E1	3.273238E-5	-1.814433E-5
3.479652E1	3.264632E-5	-1.799871E-5
3.489651E1	3.245785E-5	-1.816644E-5
3.499650E1	3.216812E-5	-1.823775E-5
3.509649E1	3.224331E-5	-1.836672E-5
3.519648E1	3.242777E-5	-1.829195E-5
3.529647E1	3.254369E-5	-1.824608E-5
3.539646E1	3.231415E-5	-1.844313E-5
3.549645E1	3.221335E-5	-1.840179E-5
3.559644E1	3.214783E-5	-1.875588E-5
3.569643E1	3.188242E-5	-1.887241E-5
3.579642E1	3.209616E-5	-1.886711E-5
3.589641E1	3.220234E-5	-1.858396E-5
3.599640E1	3.238251E-5	-1.837867E-5
3.609639E1	3.278429E-5	-1.826153E-5
3.619638E1	3.286879E-5	-1.812297E-5
3.629637E1	3.274543E-5	-1.799421E-5
3.639636E1	3.263643E-5	-1.800377E-5
3.649635E1	3.234373E-5	-1.798215E-5
3.659634E1	3.211406E-5	-1.799785E-5
3.669633E1	3.225642E-5	-1.807370E-5
3.679632E1	3.237358E-5	-1.813460E-5
3.689631E1	3.238357E-5	-1.801808E-5
3.699630E1	3.240035E-5	-1.806977E-5
3.709629E1	3.270292E-5	-1.793593E-5
3.719628E1	3.275973E-5	-1.811200E-5
3.729627E1	3.264515E-5	-1.827314E-5
3.739626E1	3.265200E-5	-1.825419E-5
3.749625E1	3.289678E-5	-1.827397E-5
3.759624E1	3.300957E-5	-1.850381E-5
3.769623E1	3.290124E-5	-1.830121E-5
3.779622E1	3.309162E-5	-1.825126E-5
3.789621E1	3.321187E-5	-1.810974E-5
3.799620E1	3.324044E-5	-1.807469E-5
3.809619E1	3.314195E-5	-1.819812E-5
3.819618E1	3.316674E-5	-1.855296E-5
3.829617E1	3.309633E-5	-1.870332E-5
3.839616E1	3.320095E-5	-1.854230E-5
3.849615E1	3.315173E-5	-1.837320E-5
3.859614E1	3.331523E-5	-1.858092E-5
3.869613E1	3.305728E-5	-1.846278E-5
3.879612E1	3.291607E-5	-1.829795E-5
3.889611E1	3.333526E-5	-1.864618E-5
3.899610E1	3.350217E-5	-1.869962E-5
3.909609E1	3.349729E-5	-1.843484E-5
3.919608E1	3.342653E-5	-1.826079E-5
3.929607E1	3.343441E-5	-1.820325E-5
3.939606E1	3.317302E-5	-1.799731E-5
3.949605E1	3.296707E-5	-1.807525E-5
3.959604E1	3.295374E-5	-1.801749E-5
3.969603E1	3.285206E-5	-1.798875E-5
3.979602E1	3.285350E-5	-1.800393E-5
3.989601E1	3.291491E-5	-1.776754E-5
3.999600E1	3.294324E-5	-1.775287E-5
4.009599E1	3.310689E-5	-1.771744E-5
4.019598E1	3.317799E-5	-1.784964E-5
4.029597E1	3.319983E-5	-1.790077E-5
4.039596E1	3.335370E-5	-1.787054E-5
4.049595E1	3.326267E-5	-1.754472E-5
4.059594E1	3.322836E-5	-1.762028E-5
4.069593E1	3.329445E-5	-1.776225E-5
4.079592E1	3.316720E-5	-1.761862E-5
4.089591E1	3.312147E-5	-1.741051E-5
4.099590E1	3.316893E-5	-1.755501E-5
4.109589E1	3.298604E-5	-1.741456E-5
4.119588E1	3.286986E-5	-1.751537E-5
4.129587E1	3.288438E-5	-1.763607E-5
4.139586E1	3.252329E-5	-1.746452E-5
4.149585E1	3.244074E-5	-1.739545E-5
4.159584E1	3.245282E-5	-1.730752E-5
4.169583E1	3.255636E-5	-1.742533E-5
4.179582E1	3.277587E-5	-1.740541E-5
4.189581E1	3.256171E-5	-1.734311E-5
4.199580E1	3.234631E-5	-1.749803E-5
4.209579E1	3.227764E-5	-1.720669E-5
4.219578E1	3.222535E-5	-1.720805E-5
4.229577E1	3.197557E-5	-1.700606E-5
4.239576E1	3.199812E-5	-1.704444E-5
4.249575E1	3.204866E-5	-1.711523E-5
4.259574E1	3.191095E-5	-1.702902E-5
4.269573E1	3.169403E-5	-1.716128E-5
4.279572E1	3.176862E-5	-1.736875E-5
4.289571E1	3.181891E-5	-1.745083E-5
4.299570E1	3.182583E-5	-1.757151E-5
4.309569E1	3.218277E-5	-1.734766E-5
4.319568E1	3.231308E-5	-1.702739E-5
4.329567E1	3.226636E-5	-1.679555E-5
4.339566E1	3.230518E-5	-1.669230E-5
4.349565E1	3.219987E-5	-1.679131E-5
4.359564E1	3.231173E-5	-1.690938E-5
4.369563E1	3.248976E-5	-1.702237E-5
4.379562E1	3.245077E-5	-1.700952E-5
4.389561E1	3.210844E-5	-1.721948E-5
4.399560E1	3.186995E-5	-1.720644E-5
4.409559E1	3.168634E-5	-1.724934E-5
4.419558E1	3.151279E-5	-1.740480E-5
4.429557E1	3.143903E-5	-1.742139E-5
4.439556E1	3.152419E-5	-1.750099E-5
4.449555E1	3.156587E-5	-1.774824E-5
4.459554E1	3.160235E-5	-1.770553E-5
4.469553E1	3.179231E-5	-1.761608E-5
4.479552E1	3.183480E-5	-1.733826E-5
4.489551E1	3.167081E-5	-1.728889E-5
4.499550E1	3.162713E-5	-1.735310E-5
4.509549E1	3.155141E-5	-1.731288E-5
4.519548E1	3.139096E-5	-1.745904E-5
4.529547E1	3.126632E-5	-1.786295E-5
4.539546E1	3.110327E-5	-1.784166E-5
4.549545E1	3.087696E-5	-1.802623E-5
4.559544E1	3.063607E-5	-1.801115E-5
4.569543E1	3.068129E-5	-1.807836E-5
4.579542E1	3.084431E-5	-1.808163E-5
4.589541E1	3.067759E-5	-1.826626E-5
4.599540E1	3.061612E-5	-1.823036E-5
4.609539E1	3.073088E-5	-1.802433E-5
4.619538E1	3.080036E-5	-1.789561E-5
4.629537E1	3.106510E-5	-1.767790E-5
4.639536E1	3.104895E-5	-1.770874E-5
4.649535E1	3.131843E-5	-1.776781E-5
4.659534E1	3.125364E-5	-1.768265E-5
4.669533E1	3.111490E-5	-1.738693E-5
4.679532E1	3.106563E-5	-1.730375E-5
4.689531E1	3.118703E-5	-1.742432E-5
4.699530E1	3.121813E-5	-1.770472E-5
4.709529E1	3.109858E-5	-1.791701E-5
4.719528E1	3.102769E-5	-1.817943E-5
4.729527E1	3.102293E-5	-1.817560E-5
4.739526E1	3.087524E-5	-1.819006E-5
4.749525E1	3.085394E-5	-1.814393E-5
4.759524E1	3.091403E-5	-1.825112E-5
4.769523E1	3.103039E-5	-1.812724E-5
4.779522E1	3.113128E-5	-1.812466E-5
4.789521E1	3.131348E-5	-1.817574E-5
4.799520E1	3.130299E-5	-1.809153E-5
4.809519E1	3.118592E-5	-1.818775E-5
4.819518E1	3.101685E-5	-1.807096E-5
4.829517E1	3.083605E-5	-1.801802E-5
4.839516E1	3.080620E-5	-1.837662E-5
4.849515E1	3.092587E-5	-1.841414E-5
4.859514E1	3.084811E-5	-1.843209E-5
4.869513E1	3.076256E-5	-1.873157E-5
4.879512E1	3.076702E-5	-1.868048E-5
4.889511E1	3.078976E-5	-1.837279E-5
4.899510E1	3.090282E-5	-1.826649E-5
4.909509E1	3.098863E-5	-1.833118E-5
4.919508E1	3.112880E-5	-1.836207E-5
4.929507E1	3.113931E-5	-1.847899E-5
4.939506E1	3.128650E-5	-1.831594E-5
4.949505E1	3.137037E-5	-1.815824E-5
4.959504E1	3.133052E-5	-1.806220E-5
4.969503E1	3.107897E-5	-1.787482E-5
4.979502E1	3.103836E-5	-1.769003E-5
4.989501E1	3.115937E-5	-1.751144E-5
4.999500E1	3.123034E-5	-1.750414E-5
5.009499E1	3.136285E-5	-1.740014E-5
5.019498E1	3.139898E-5	-1.746382E-5
5.029497E1	3.113344E-5	-1.731779E-5
5.039496E1	3.122040E-5	-1.743202E-5
5.049495E1	3.130899E-5	-1.744853E-5
5.059494E1	3.136286E-5	-1.730865E-5
5.069493E1	3.165478E-5	-1.733770E-5
5.079492E1	3.168246E-5	-1.722156E-5
5.089491E1	3.163217E-5	-1.731111E-5
5.099490E1	3.171097E-5	-1.757104E-5
5.109489E1	3.168435E-5	-1.764108E-5
5.119488E1	3.163375E-5	-1.773794E-5
5.129487E1	3.163417E-5	-1.797045E-5
5.139486E1	3.180746E-5	-1.790825E-5
5.149485E1	3.192897E-5	-1.808428E-5
5.159484E1	3.172827E-5	-1.826579E-5
5.169483E1	3.165739E-5	-1.818694E-5
5.179482E1	3.174925E-5	-1.825161E-5
5.189481E1	3.191405E-5	-1.810145E-5
5.199480E1	3.191383E-5	-1.815118E-5
5.209479E1	3.173020E-5	-1.813051E-5
5.219478E1	3.172240E-5	-1.797872E-5
5.229477E1	3.169447E-5	-1.788973E-5
5.239476E1	3.168185E-5	-1.785491E-5
5.249475E1	3.181731E-5	-1.772552E-5
5.259474E1	3.202628E-5	-1.764737E-5
5.269473E1	3.208816E-5	-1.757021E-5
5.279472E1	3.190106E-5	-1.763405E-5
5.289471E1	3.183606E-5	-1.793209E-5
5.299470E1	3.206310E-5	-1.799910E-5
5.309469E1	3.228533E-5	-1.822234E-5
5.319468E1	3.211292E-5	-1.835854E-5
5.329467E1	3.211472E-5	-1.826882E-5
5.339466E1	3.207430E-5	-1.838005E-5
5.349465E1	3.203403E-5	-1.851652E-5
5.359464E1	3.202165E-5	-1.873991E-5
5.369463E1	3.178703E-5	-1.878861E-5
5.379462E1	3.183004E-5	-1.900029E-5
5.389461E1	3.154259E-5	-1.900468E-5
5.399460E1	3.141799E-5	-1.894828E-5
5.409459E1	3.174204E-5	-1.862901E-5
5.419458E1	3.179143E-5	-1.853711E-5
5.429457E1	3.184056E-5	-1.849465E-5
5.439456E1	3.132501E-5	-1.827317E-5
5.449455E1	3.113535E-5	-1.824983E-5
5.459454E1	3.097699E-5	-1.839327E-5
5.469453E1	3.084143E-5	-1.809835E-5
5.479452E1	3.071473E-5	-1.810466E-5
5.489451E1	3.068985E-5	-1.798663E-5
5.499450E1	3.086240E-5	-1.777150E-5
5.509449E1	3.091896E-5	-1.756543E-5
5.519448E1	3.089828E-5	-1.751678E-5
5.529447E1	3.108659E-5	-1.742922E-5
5.539446E1	3.116894E-5	-1.745369E-5
5.549445E1	3.117909E-5	-1.752811E-5
5.559444E1	3.100250E-5	-1.719340E-5
5.569443E1	3.105534E-5	-1.701350E-5
5.579442E1	3.105927E-5	-1.709565E-5
5.589441E1	3.113702E-5	-1.730914E-5
5.599440E1	3.133687E-5	-1.740379E-5
5.609439E1	3.135441E-5	-1.718688E-5
5.619438E1	3.139989E-5	-1.710113E-5
5.629437E1	3.135790E-5	-1.684588E-5
5.639436E1	3.128364E-5	-1.655258E-5
5.649435E1	3.119828E-5	-1.649912E-5
5.659434E1	3.092579E-5	-1.643362E-5
5.669433E1	3.093581E-5	-1.639565E-5
5.679432E1	3.099528E-5	-1.624219E-5
5.689431E1	3.089303E-5	-1.628039E-5
5.699430E1	3.074713E-5	-1.632029E-5
5.709429E1	3.066640E-5	-1.650894E-5
5.719428E1	3.020502E-5	-1.665523E-5
5.729427E1	2.990397E-5	-1.684143E-5
5.739426E1	2.988466E-5	-1.716166E-5
5.749425E1	3.011974E-5	-1.720324E-5
5.759424E1	3.013121E-5	-1.714109E-5
5.769423E1	2.992398E-5	-1.727490E-5
5.779422E1	2.991144E-5	-1.731830E-5
5.789421E1	3.014777E-5	-1.732262E-5
5.799420E1	3.031855E-5	-1.724736E-5
5.809419E1	3.014386E-5	-1.715572E-5
5.819418E1	2.978972E-5	-1.711544E-5
5.829417E1	2.967982E-5	-1.693097E-5
5.839416E1	2.977660E-5	-1.688082E-5
5.849415E1	2.991152E-5	-1.713604E-5
5.859414E1	2.994086E-5	-1.718002E-5
5.869413E1	2.983460E-5	-1.728051E-5
5.879412E1	2.968694E-5	-1.723969E-5
5.889411E1	2.963581E-5	-1.707892E-5
5.899410E1	2.965824E-5	-1.715450E-5
5.909409E1	2.972505E-5	-1.722071E-5
5.919408E1	2.980354E-5	-1.706793E-5
5.929407E1	2.982312E-5	-1.702409E-5
5.939406E1	2.945215E-5	-1.711167E-5
5.949405E1	2.925974E-5	-1.717837E-5
5.959404E1	2.926394E-5	-1.721089E-5
5.969403E1	2.905857E-5	-1.713577E-5
5.979402E1	2.906826E-5	-1.715649E-5
5.989401E1	2.917352E-5	-1.702967E-5
5.999400E1	2.937934E-5	-1.704030E-5
6.009399E1	2.944230E-5	-1.700282E-5
6.019398E1	2.945867E-5	-1.710488E-5
6.029397E1	2.960692E-5	-1.727899E-5
6.039396E1	2.991210E-5	-1.759447E-5
6.049395E1	2.993673E-5	-1.752049E-5
6.059394E1	2.992293E-5	-1.762214E-5
6.069393E1	3.014412E-5	-1.756218E-5
6.079392E1	3.030490E-5	-1.733833E-5
6.089391E1	3.006836E-5	-1.732673E-5
6.099390E1	2.991590E-5	-1.735978E-5
6.109389E1	2.985463E-5	-1.720441E-5
6.119388E1	2.991242E-5	-1.687752E-5
6.129387E1	3.002435E-5	-1.657038E-5
6.139386E1	2.997379E-5	-1.646655E-5
6.149385E1	2.983903E-5	-1.660538E-5
6.159384E1	2.989301E-5	-1.640024E-5
6.169383E1	2.987137E-5	-1.628560E-5
6.179382E1	2.974196E-5	-1.624998E-5
6.189381E1	2.947500E-5	-1.619683E-5
6.199380E1	2.949386E-5	-1.592691E-5
6.209379E1	2.956493E-5	-1.565849E-5
6.219378E1	2.946074E-5	-1.571389E-5
6.229377E1	2.953767E-5	-1.582482E-5
6.239376E1	2.962184E-5	-1.590697E-5
6.249375E1	2.956221E-5	-1.599772E-5
6.259374E1	2.920655E-5	-1.592030E-5
6.269373E1	2.923565E-5	-1.607563E-5
6.279372E1	2.912383E-5	-1.631386E-5
6.289371E1	2.888988E-5	-1.636648E-5
6.299370E1	2.916958E-5	-1.613696E-5
6.309369E1	2.916076E-5	-1.583463E-5
6.319368E1	2.897184E-5	-1.582266E-5
6.329367E1	2.934949E-5	-1.569865E-5
6.339366E1	2.967263E-5	-1.569900E-5
6.349365E1	2.979825E-5	-1.578583E-5
6.359364E1	2.987311E-5	-1.586863E-5
6.369363E1	2.997126E-5	-1.577477E-5
6.379362E1	2.986276E-5	-1.596188E-5
6.389361E1	2.985341E-5	-1.613927E-5
6.399360E1	3.003299E-5	-1.620483E-5
6.409359E1	3.011614E-5	-1.618543E-5
6.419358E1	3.024546E-5	-1.619224E-5
6.429357E1	2.998190E-5	-1.627014E-5
6.439356E1	2.966331E-5	-1.631568E-5
6.449355E1	2.949683E-5	-1.646984E-5
6.459354E1	2.970496E-5	-1.656633E-5
6.469353E1	2.985291E-5	-1.665007E-5
6.479352E1	2.977997E-5	-1.643290E-5
6.489351E1	2.985896E-5	-1.632314E-5
6.499350E1	2.995623E-5	-1.618999E-5
6.509349E1	3.013678E-5	-1.621835E-5
6.519348E1	3.000579E-5	-1.600259E-5
6.529347E1	2.995941E-5	-1.582379E-5
6.539346E1	2.994237E-5	-1.560850E-5
6.549345E1	2.993588E-5	-1.538660E-5
6.559344E1	3.000089E-5	-1.545121E-5
6.569343E1	3.018638E-5	-1.560230E-5
6.579342E1	2.996599E-5	-1.588893E-5
6.589341E1	2.964676E-5	-1.588705E-5
6.599340E1	2.974935E-5	-1.599335E-5
6.609339E1	2.978814E-5	-1.619815E-5
6.619338E1	2.976785E-5	-1.633844E-5
6.629337E1	2.975643E-5	-1.643372E-5
6.639336E1	2.998595E-5	-1.650355E-5
6.649335E1	2.997765E-5	-1.656337E-5
6.659334E1	3.002070E-5	-1.653688E-5
6.669333E1	2.994588E-5	-1.662935E-5
6.679332E1	2.974418E-5	-1.647569E-5
6.689331E1	2.969385E-5	-1.652508E-5
6.699330E1	2.955932E-5	-1.664982E-5
6.709329E1	2.976251E-5	-1.637903E-5
6.719328E1	2.991364E-5	-1.630254E-5
6.729327E1	3.008921E-5	-1.604047E-5
6.739326E1	2.999303E-5	-1.588936E-5
6.749325E1	2.999411E-5	-1.584391E-5
6.759324E1	3.004634E-5	-1.596829E-5
6.769323E1	2.996982E-5	-1.588643E-5
6.779322E1	3.004088E-5	-1.588668E-5
6.789321E1	3.005343E-5	-1.612061E-5
6.799320E1	3.005885E-5	-1.610578E-5
6.809319E1	3.002168E-5	-1.604254E-5
6.819318E1	2.992386E-5	-1.612949E-5
6.829317E1	2.988917E-5	-1.612378E-5
6.839316E1	3.005112E-5	-1.587847E-5
6.849315E1	3.000832E-5	-1.558107E-5
6.859314E1	3.005454E-5	-1.556235E-5
6.869313E1	3.007001E-5	-1.564239E-5
6.879312E1	3.018055E-5	-1.539278E-5
6.889311E1	3.002472E-5	-1.545084E-5
6.899310E1	2.982662E-5	-1.544575E-5
6.909309E1	2.982324E-5	-1.545168E-5
6.919308E1	3.012137E-5	-1.549987E-5
6.929307E1	3.007844E-5	-1.566220E-5
6.939306E1	2.998179E-5	-1.570436E-5
6.949305E1	2.981365E-5	-1.566167E-5
6.959304E1	2.962238E-5	-1.574793E-5
6.969303E1	2.947061E-5	-1.567924E-5
6.979302E1	2.947821E-5	-1.548002E-5
6.989301E1	2.962252E-5	-1.535563E-5
6.999300E1	2.982518E-5	-1.525290E-5
7.009299E1	2.987809E-5	-1.517494E-5
7.019298E1	2.986984E-5	-1.524090E-5
7.029297E1	2.996699E-5	-1.536879E-5
7.039296E1	2.985970E-5	-1.529625E-5
7.049295E1	2.965542E-5	-1.522888E-5
7.059294E1	2.944632E-5	-1.505009E-5
7.069293E1	2.965805E-5	-1.508952E-5
7.079292E1	2.969841E-5	-1.512027E-5
7.089291E1	2.983098E-5	-1.515695E-5
7.099290E1	2.979279E-5	-1.519126E-5
7.109289E1	2.967348E-5	-1.509523E-5
7.119288E1	2.974778E-5	-1.494439E-5
7.129287E1	2.962710E-5	-1.490344E-5
7.139286E1	2.948147E-5	-1.504414E-5
7.149285E1	2.951286E-5	-1.508388E-5
7.159284E1	2.962447E-5	-1.513254E-5
7.169283E1	2.977347E-5	-1.515185E-5
7.179282E1	2.978300E-5	-1.500825E-5
7.189281E1	2.995314E-5	-1.506483E-5
7.199280E1	2.995123E-5	-1.503070E-5
7.209279E1	2.985252E-5	-1.467420E-5
7.219278E1	2.991459E-5	-1.463325E-5
7.229277E1	2.987629E-5	-1.461534E-5
7.239276E1	2.968999E-5	-1.455946E-5
7.249275E1	2.967734E-5	-1.437450E-5
7.259274E1	2.971050E-5	-1.430582E-5
7.269273E1	2.979688E-5	-1.438169E-5
7.279272E1	2.979426E-5	-1.441111E-5
7.289271E1	2.973465E-5	-1.442848E-5
7.299270E1	2.978763E-5	-1.411690E-5
7.309269E1	2.977529E-5	-1.413758E-5
7.319268E1	2.965246E-5	-1.441113E-5
7.329267E1	2.950628E-5	-1.451527E-5
7.339266E1	2.953668E-5	-1.414521E-5
7.349265E1	2.966114E-5	-1.395427E-5
7.359264E1	2.966440E-5	-1.392086E-5
7.369263E1	2.968839E-5	-1.405346E-5
7.379262E1	2.940397E-5	-1.413552E-5
7.389261E1	2.915300E-5	-1.390531E-5
7.399260E1	2.922856E-5	-1.378237E-5
7.409259E1	2.893668E-5	-1.366137E-5
7.419258E1	2.887356E-5	-1.369750E-5
7.429257E1	2.889893E-5	-1.364748E-5
7.439256E1	2.897861E-5	-1.346921E-5
7.449255E1	2.903046E-5	-1.328123E-5
7.459254E1	2.912856E-5	-1.344559E-5
7.469253E1	2.900133E-5	-1.360107E-5
7.479252E1	2.907990E-5	-1.351623E-5
7.489251E1	2.878802E-5	-1.346935E-5
7.499250E1	2.870679E-5	-1.318144E-5
7.509249E1	2.850380E-5	-1.307392E-5
7.519248E1	2.848052E-5	-1.290735E-5
7.529247E1	2.872861E-5	-1.293005E-5
7.539246E1	2.880905E-5	-1.291772E-5
7.549245E1	2.897009E-5	-1.280279E-5
7.559244E1	2.899373E-5	-1.290083E-5
7.569243E1	2.906727E-5	-1.287914E-5
7.579242E1	2.926718E-5	-1.299503E-5
7.589241E1	2.925240E-5	-1.305441E-5
7.599240E1	2.928511E-5	-1.285166E-5
7.609239E1	2.933860E-5	-1.280106E-5
7.619238E1	2.934069E-5	-1.281633E-5
7.629237E1	2.946466E-5	-1.313347E-5
7.639236E1	2.917399E-5	-1.320617E-5
7.649235E1	2.893003E-5	-1.319916E-5
7.659234E1	2.880671E-5	-1.307457E-5
7.669233E1	2.863139E-5	-1.288291E-5
7.679232E1	2.860861E-5	-1.261185E-5
7.689231E1	2.864547E-5	-1.246417E-5
7.699230E1	2.843414E-5	-1.262520E-5
7.709229E1	2.842918E-5	-1.250760E-5
7.719228E1	2.841855E-5	-1.247619E-5
7.729227E1	2.873341E-5	-1.251057E-5
7.739226E1	2.899046E-5	-1.268456E-5
7.749225E1	2.889105E-5	-1.276487E-5
7.759224E1	2.886922E-5	-1.285092E-5
7.769223E1	2.892373E-5	-1.293944E-5
7.779222E1	2.900818E-5	-1.306113E-5
7.789221E1	2.889950E-5	-1.309947E-5
7.799220E1	2.902605E-5	-1.327807E-5
7.809219E1	2.910709E-5	-1.320725E-5
7.819218E1	2.919268E-5	-1.322027E-5
7.829217E1	2.919641E-5	-1.283996E-5
7.839216E1	2.912703E-5	-1.266814E-5
7.849215E1	2.918570E-5	-1.232470E-5
7.859214E1	2.907133E-5	-1.226561E-5
7.869213E1	2.888933E-5	-1.233607E-5
7.879212E1	2.907938E-5	-1.225526E-5
7.889211E1	2.923948E-5	-1.238157E-5
7.899210E1	2.892682E-5	-1.219226E-5
7.909209E1	2.893622E-5	-1.209722E-5
7.919208E1	2.914452E-5	-1.212874E-5
7.929207E1	2.914287E-5	-1.213174E-5
7.939206E1	2.906767E-5	-1.227526E-5
7.949205E1	2.911670E-5	-1.218288E-5
7.959204E1	2.919322E-5	-1.234257E-5
7.969203E1	2.928242E-5	-1.226019E-5
7.979202E1	2.938386E-5	-1.225693E-5
7.989201E1	2.957063E-5	-1.242309E-5
7.999200E1	2.972229E-5	-1.261058E-5
8.009199E1	2.995746E-5	-1.253375E-5
8.019198E1	3.011305E-5	-1.250983E-5
8.029197E1	3.020428E-5	-1.250109E-5
8.039196E1	3.060861E-5	-1.244126E-5
8.049195E1	3.058485E-5	-1.244565E-5
8.059194E1	3.055274E-5	-1.254866E-5
8.069193E1	3.032676E-5	-1.265616E-5
8.079192E1	3.043444E-5	-1.251071E-5
8.089191E1	3.047692E-5	-1.269456E-5
8.099190E1	3.062243E-5	-1.272185E-5
8.109189E1	3.076702E-5	-1.258558E-5
8.119188E1	3.065038E-5	-1.235115E-5
8.129187E1	3.047162E-5	-1.225917E-5
8.139186E1	3.086954E-5	-1.200801E-5
8.149185E1	3.100022E-5	-1.213898E-5
8.159184E1	3.113235E-5	-1.240787E-5
8.169183E1	3.095968E-5	-1.249092E-5
8.179182E1	3.100710E-5	-1.233598E-5
8.189181E1	3.104659E-5	-1.225219E-5
8.199180E1	3.079762E-5	-1.210171E-5
8.209179E1	3.058760E-5	-1.199235E-5
8.219178E1	3.047581E-5	-1.205294E-5
8.229177E1	3.042006E-5	-1.242574E-5
8.239176E1	3.017693E-5	-1.241266E-5
8.249175E1	3.025709E-5	-1.245327E-5
8.259174E1	3.058254E-5	-1.271007E-5
8.269173E1	3.073197E-5	-1.283521E-5
8.279172E1	3.098443E-5	-1.286700E-5
8.289171E1	3.100088E-5	-1.305907E-5
8.299170E1	3.108605E-5	-1.300643E-5
8.309169E1	3.108885E-5	-1.321714E-5
8.319168E1	3.126404E-5	-1.329344E-5
8.329167E1	3.125118E-5	-1.341623E-5
8.339166E1	3.131958E-5	-1.341827E-5
8.349165E1	3.125219E-5	-1.350321E-5
8.359164E1	3.142723E-5	-1.367981E-5
8.369163E1	3.136366E-5	-1.394946E-5
8.379162E1	3.133520E-5	-1.374679E-5
8.389161E1	3.132327E-5	-1.371939E-5
8.399160E1	3.148099E-5	-1.367048E-5
8.409159E1	3.157808E-5	-1.342537E-5
8.419158E1	3.181185E-5	-1.337885E-5
8.429157E1	3.182521E-5	-1.360149E-5
8.439156E1	3.161074E-5	-1.391231E-5
8.449155E1	3.162867E-5	-1.398161E-5
8.459154E1	3.177547E-5	-1.415938E-5
8.469153E1	3.152566E-5	-1.436896E-5
8.479152E1	3.160827E-5	-1.443412E-5
8.489151E1	3.202125E-5	-1.436825E-5
8.499150E1	3.243192E-5	-1.450469E-5
8.509149E1	3.254486E-5	-1.448511E-5
8.519148E1	3.274180E-5	-1.424577E-5
8.529147E1	3.285224E-5	-1.450240E-5
8.539146E1	3.274266E-5	-1.468935E-5
8.549145E1	3.275301E-5	-1.452167E-5
8.559144E1	3.256991E-5	-1.439964E-5
8.569143E1	3.256528E-5	-1.473452E-5
8.579142E1	3.264295E-5	-1.507606E-5
8.589141E1	3.246255E-5	-1.541419E-5
8.599140E1	3.235177E-5	-1.524232E-5
8.609139E1	3.260165E-5	-1.513144E-5
8.619138E1	3.278035E-5	-1.525843E-5
8.629137E1	3.284536E-5	-1.516774E-5
8.639136E1	3.277096E-5	-1.488861E-5
8.649135E1	3.260755E-5	-1.476572E-5
8.659134E1	3.256302E-5	-1.467574E-5
8.669133E1	3.228876E-5	-1.463737E-5
8.679132E1	3.200838E-5	-1.440322E-5
8.689131E1	3.206531E-5	-1.414708E-5
8.699130E1	3.232078E-5	-1.391515E-5
8.709129E1	3.236915E-5	-1.364393E-5
8.719128E1	3.238104E-5	-1.340190E-5
8.729127E1	3.236421E-5	-1.339171E-5
8.739126E1	3.231878E-5	-1.342587E-5
8.749125E1	3.247881E-5	-1.335146E-5
8.759124E1	3.246259E-5	-1.322794E-5
8.769123E1	3.249513E-5	-1.316529E-5
8.779122E1	3.261171E-5	-1.303883E-5
8.789121E1	3.249478E-5	-1.304652E-5
8.799120E1	3.235936E-5	-1.295117E-5
8.809119E1	3.228135E-5	-1.275817E-5
8.819118E1	3.234215E-5	-1.247380E-5
8.829117E1	3.221327E-5	-1.262549E-5
8.839116E1	3.213787E-5	-1.253180E-5
8.849115E1	3.233038E-5	-1.269440E-5
8.859114E1	3.206387E-5	-1.281300E-5
8.869113E1	3.217197E-5	-1.285020E-5
8.879112E1	3.230677E-5	-1.302835E-5
8.889111E1	3.215927E-5	-1.294745E-5
8.899110E1	3.195062E-5	-1.289479E-5
8.909109E1	3.190404E-5	-1.306544E-5
8.919108E1	3.169570E-5	-1.334279E-5
8.929107E1	3.149187E-5	-1.354001E-5
8.939106E1	3.133311E-5	-1.356045E-5
8.949105E1	3.120036E-5	-1.393347E-5
8.959104E1	3.106775E-5	-1.399575E-5
8.969103E1	3.120319E-5	-1.370823E-5
8.979102E1	3.130351E-5	-1.360307E-5
8.989101E1	3.133227E-5	-1.368308E-5
8.999100E1	3.126823E-5	-1.360959E-5
9.009099E1	3.096536E-5	-1.355726E-5
9.019098E1	3.086790E-5	-1.347516E-5
9.029097E1	3.083148E-5	-1.346950E-5
9.039096E1	3.084326E-5	-1.344798E-5
9.049095E1	3.095697E-5	-1.331869E-5
9.059094E1	3.107200E-5	-1.353932E-5
9.069093E1	3.117792E-5	-1.373080E-5
9.079092E1	3.118277E-5	-1.367182E-5
9.089091E1	3.114452E-5	-1.368415E-5
9.099090E1	3.096146E-5	-1.382154E-5
9.109089E1	3.087231E-5	-1.384991E-5
9.119088E1	3.072687E-5	-1.387379E-5
9.129087E1	3.058189E-5	-1.377490E-5
9.139086E1	3.046574E-5	-1.358749E-5
9.149085E1	3.046260E-5	-1.381000E-5
9.159084E1	3.036163E-5	-1.379769E-5
9.169083E1	3.034377E-5	-1.375826E-5
9.179082E1	3.047716E-5	-1.370257E-5
9.189081E1	3.036776E-5	-1.369069E-5
9.199080E1	3.035921E-5	-1.371770E-5
9.209079E1	3.035020E-5	-1.366904E-5
9.219078E1	3.017547E-5	-1.365075E-5
9.229077E1	3.018037E-5	-1.357192E-5
9.239076E1	3.022407E-5	-1.357372E-5
9.249075E1	3.042067E-5	-1.367204E-5
9.259074E1	3.058450E-5	-1.363154E-5
9.269073E1	3.055468E-5	-1.362979E-5
9.279072E1	3.043449E-5	-1.362608E-5
9.289071E1	3.026955E-5	-1.383185E-5
9.299070E1	3.032434E-5	-1.380132E-5
9.309069E1	3.033061E-5	-1.377633E-5
9.319068E1	3.032089E-5	-1.365675E-5
9.329067E1	3.027023E-5	-1.361782E-5
9.339066E1	3.043964E-5	-1.378604E-5
9.349065E1	3.062098E-5	-1.367406E-5
9.359064E1	3.056291E-5	-1.356587E-5
9.369063E1	3.063298E-5	-1.353603E-5
9.379062E1	3.055754E-5	-1.335739E-5
9.389061E1	3.044843E-5	-1.323456E-5
9.399060E1	3.062627E-5	-1.325195E-5
9.409059E1	3.083070E-5	-1.316983E-5
9.419058E1	3.066844E-5	-1.304617E-5
9.429057E1	3.040315E-5	-1.301577E-5
9.439056E1	3.036502E-5	-1.296239E-5
9.449055E1	3.053288E-5	-1.273559E-5
9.459054E1	3.052132E-5	-1.261213E-5
9.469053E1	3.030246E-5	-1.267570E-5
9.479052E1	3.043158E-5	-1.288647E-5
9.489051E1	3.061205E-5	-1.300319E-5
9.499050E1	3.081061E-5	-1.301118E-5
9.509049E1	3.102446E-5	-1.308527E-5
9.519048E1	3.120164E-5	-1.331456E-5
9.529047E1	3.114980E-5	-1.346381E-5
9.539046E1	3.129516E-5	-1.346654E-5
9.549045E1	3.152976E-5	-1.343272E-5
9.559044E1	3.141302E-5	-1.352175E-5
9.569043E1	3.121406E-5	-1.371569E-5
9.579042E1	3.112761E-5	-1.362227E-5
9.589041E1	3.119720E-5	-1.359796E-5
9.599040E1	3.123462E-5	-1.368278E-5
9.609039E1	3.112188E-5	-1.351186E-5
9.619038E1	3.074922E-5	-1.368779E-5
9.629037E1	3.062467E-5	-1.382022E-5
9.639036E1	3.046291E-5	-1.385014E-5
9.649035E1	3.063679E-5	-1.380622E-5
9.659034E1	3.107663E-5	-1.370113E-5
9.669033E1	3.134383E-5	-1.376118E-5
9.679032E1	3.176912E-5	-1.364949E-5
9.689031E1	3.175396E-5	-1.358397E-5
9.699030E1	3.174284E-5	-1.370089E-5
9.709029E1	3.168653E-5	-1.368513E-5
9.719028E1	3.187542E-5	-1.388629E-5
9.729027E1	3.215612E-5	-1.363929E-5
9.739026E1	3.231026E-5	-1.336446E-5
9.749025E1	3.234058E-5	-1.337193E-5
9.759024E1	3.236894E-5	-1.336904E-5
9.769023E1	3.251672E-5	-1.344023E-5
9.779022E1	3.236870E-5	-1.334020E-5
9.789021E1	3.260562E-5	-1.346127E-5
9.799020E1	3.281870E-5	-1.366584E-5
9.809019E1	3.269454E-5	-1.355882E-5
9.819018E1	3.258943E-5	-1.364692E-5
9.829017E1	3.264166E-5	-1.357853E-5
9.839016E1	3.247149E-5	-1.340685E-5
9.849015E1	3.237802E-5	-1.340066E-5
9.859014E1	3.235634E-5	-1.318744E-5
9.869013E1	3.237509E-5	-1.316290E-5
9.879012E1	3.243929E-5	-1.295146E-5
9.889011E1	3.241779E-5	-1.267839E-5
9.899010E1	3.232814E-5	-1.286081E-5
9.909009E1	3.236890E-5	-1.284602E-5
9.919008E1	3.232628E-5	-1.283205E-5
9.929007E1	3.233925E-5	-1.314679E-5
9.939006E1	3.238201E-5	-1.326180E-5
9.949005E1	3.230266E-5	-1.351394E-5
9.959004E1	3.245953E-5	-1.346207E-5
9.969003E1	3.259205E-5	-1.347234E-5
9.979002E1	3.272228E-5	-1.336874E-5
9.989001E1	3.289004E-5	-1.340732E-5
9.999000E1	3.291815E-5	-1.343051E-5
1.000900E2	3.296685E-5	-1.356304E-5
1.001900E2	3.305832E-5	-1.352850E-5
1.002900E2	3.282282E-5	-1.328731E-5
1.003900E2	3.286427E-5	-1.323281E-5
1.004900E2	3.279790E-5	-1.321685E-5
1.005899E2	3.285596E-5	-1.327506E-5
1.006899E2	3.301029E-5	-1.363838E-5
1.007899E2	3.322713E-5	-1.357426E-5
1.008899E2	3.321741E-5	-1.343005E-5
1.009899E2	3.301722E-5	-1.371107E-5
1.010899E2	3.300510E-5	-1.368347E-5
1.011899E2	3.303402E-5	-1.357773E-5
1.012899E2	3.292510E-5	-1.343914E-5
1.013899E2	3.278830E-5	-1.337212E-5
1.014899E2	3.262126E-5	-1.333780E-5
1.015898E2	3.254209E-5	-1.348934E-5
1.016898E2	3.236994E-5	-1.366982E-5
1.017898E2	3.236738E-5	-1.354403E-5
1.018898E2	3.233733E-5	-1.359115E-5
1.019898E2	3.250901E-5	-1.363065E-5
1.020898E2	3.276035E-5	-1.348954E-5
1.021898E2	3.267200E-5	-1.331444E-5
1.022898E2	3.286165E-5	-1.358633E-5
1.023898E2	3.267294E-5	-1.352455E-5
1.024898E2	3.266203E-5	-1.367194E-5
1.025897E2	3.250273E-5	-1.348874E-5
1.026897E2	3.256349E-5	-1.339045E-5
1.027897E2	3.225976E-5	-1.337384E-5
1.028897E2	3.233147E-5	-1.349047E-5
1.029897E2	3.233620E-5	-1.361852E-5
1.030897E2	3.227831E-5	-1.348778E-5
1.031897E2	3.218800E-5	-1.346256E-5
1.032897E2	3.231390E-5	-1.354959E-5
1.033897E2	3.239493E-5	-1.367460E-5
1.034897E2	3.261661E-5	-1.338396E-5
1.035896E2	3.242864E-5	-1.323737E-5
1.036896E2	3.233925E-5	-1.313315E-5
1.037896E2	3.224751E-5	-1.319358E-5
1.038896E2	3.232328E-5	-1.339823E-5
1.039896E2	3.232155E-5	-1.363571E-5
1.040896E2	3.254668E-5	-1.381837E-5
1.041896E2	3.270138E-5	-1.400929E-5
1.042896E2	3.287891E-5	-1.374547E-5
1.043896E2	3.279703E-5	-1.370383E-5
1.044896E2	3.275345E-5	-1.367954E-5
1.045895E2	3.250758E-5	-1.372945E-5
1.046895E2	3.239396E-5	-1.356018E-5
1.047895E2	3.243092E-5	-1.393711E-5
1.048895E2	3.243439E-5	-1.417118E-5
1.049895E2	3.229134E-5	-1.413255E-5
1.050895E2	3.215468E-5	-1.397525E-5
1.051895E2	3.228468E-5	-1.410901E-5
1.052895E2	3.222016E-5	-1.407017E-5
1.053895E2	3.221429E-5	-1.408726E-5
1.054895E2	3.237692E-5	-1.422198E-5
1.055894E2	3.229271E-5	-1.448298E-5
1.056894E2	3.264000E-5	-1.466084E-5
1.057894E2	3.256687E-5	-1.472439E-5
1.058894E2	3.249776E-5	-1.455394E-5
1.059894E2	3.261652E-5	-1.438254E-5
1.060894E2	3.242722E-5	-1.413140E-5
1.061894E2	3.230035E-5	-1.426773E-5
1.062894E2	3.215238E-5	-1.446137E-5
1.063894E2	3.212722E-5	-1.469743E-5
1.064894E2	3.209234E-5	-1.469059E-5
1.065893E2	3.195992E-5	-1.461410E-5
1.066893E2	3.166941E-5	-1.468293E-5
1.067893E2	3.146075E-5	-1.476195E-5
1.068893E2	3.149593E-5	-1.473017E-5
1.069893E2	3.167898E-5	-1.462698E-5
1.070893E2	3.158655E-5	-1.450502E-5
1.071893E2	3.151660E-5	-1.474962E-5
1.072893E2	3.161405E-5	-1.470355E-5
1.073893E2	3.181055E-5	-1.464899E-5
1.074893E2	3.186748E-5	-1.472660E-5
1.075892E2	3.194907E-5	-1.481023E-5
1.076892E2	3.211522E-5	-1.497086E-5
1.077892E2	3.204939E-5	-1.499441E-5
1.078892E2	3.212924E-5	-1.477107E-5
1.079892E2	3.213026E-5	-1.467776E-5
1.080892E2	3.216419E-5	-1.472525E-5
1.081892E2	3.207384E-5	-1.466806E-5
1.082892E2	3.217109E-5	-1.471251E-5
1.083892E2	3.231745E-5	-1.448490E-5
1.084892E2	3.232622E-5	-1.444795E-5
1.085891E2	3.224544E-5	-1.421574E-5
1.086891E2	3.212978E-5	-1.413841E-5
1.087891E2	3.218859E-5	-1.410635E-5
1.088891E2	3.221329E-5	-1.389830E-5
1.089891E2	3.211712E-5	-1.385141E-5
1.090891E2	3.218463E-5	-1.397744E-5
1.091891E2	3.261494E-5	-1.424054E-5
1.092891E2	3.257976E-5	-1.435276E-5
1.093891E2	3.242935E-5	-1.411865E-5
1.094891E2	3.229314E-5	-1.413378E-5
1.095890E2	3.231323E-5	-1.400157E-5
1.096890E2	3.211786E-5	-1.406885E-5
1.097890E2	3.214585E-5	-1.413153E-5
1.098890E2	3.233177E-5	-1.400710E-5
1.099890E2	3.250348E-5	-1.418611E-5
1.100890E2	3.240039E-5	-1.442688E-5
1.101890E2	3.233164E-5	-1.469504E-5
1.102890E2	3.215535E-5	-1.478976E-5
1.103890E2	3.227275E-5	-1.467276E-5
1.104890E2	3.240228E-5	-1.484438E-5
1.105889E2	3.254301E-5	-1.486809E-5
1.106889E2	3.255367E-5	-1.463532E-5
1.107889E2	3.263611E-5	-1.457426E-5
1.108889E2	3.249466E-5	-1.470179E-5
1.109889E2	3.254796E-5	-1.473981E-5
1.110889E2	3.269492E-5	-1.497534E-5
1.111889E2	3.284128E-5	-1.501264E-5
1.112889E2	3.276617E-5	-1.501069E-5
1.113889E2	3.279485E-5	-1.504967E-5
1.114889E2	3.271076E-5	-1.493908E-5
1.115888E2	3.277462E-5	-1.490858E-5
1.116888E2	3.281028E-5	-1.504150E-5
1.117888E2	3.281662E-5	-1.515714E-5
1.118888E2	3.292406E-5	-1.506850E-5
1.119888E2	3.292832E-5	-1.523133E-5
1.120888E2	3.294697E-5	-1.543294E-5
1.121888E2	3.308653E-5	-1.543983E-5
1.122888E2	3.315023E-5	-1.553591E-5
1.123888E2	3.293009E-5	-1.550757E-5
1.124888E2	3.276995E-5	-1.559031E-5
1.125887E2	3.265386E-5	-1.558035E-5
1.126887E2	3.277443E-5	-1.555869E-5
1.127887E2	3.302434E-5	-1.563670E-5
1.128887E2	3.285683E-5	-1.575559E-5
1.129887E2	3.284927E-5	-1.591053E-5
1.130887E2	3.257381E-5	-1.588205E-5
1.131887E2	3.251951E-5	-1.580443E-5
1.132887E2	3.237440E-5	-1.592161E-5
1.133887E2	3.270012E-5	-1.618925E-5
1.134887E2	3.312429E-5	-1.626839E-5
1.135886E2	3.331946E-5	-1.628912E-5
1.136886E2	3.337915E-5	-1.597767E-5
1.137886E2	3.341091E-5	-1.635299E-5
1.138886E2	3.349394E-5	-1.642578E-5
1.139886E2	3.368968E-5	-1.672872E-5
1.140886E2	3.374077E-5	-1.673287E-5
1.141886E2	3.389409E-5	-1.668048E-5
1.142886E2	3.400730E-5	-1.704271E-5
1.143886E2	3.384929E-5	-1.705830E-5
1.144886E2	3.344259E-5	-1.675926E-5
1.145885E2	3.332301E-5	-1.663762E-5
1.146885E2	3.312352E-5	-1.687925E-5
1.147885E2	3.324991E-5	-1.683296E-5
1.148885E2	3.330328E-5	-1.690896E-5
1.149885E2	3.355493E-5	-1.683538E-5
1.150885E2	3.358941E-5	-1.656582E-5
1.151885E2	3.362166E-5	-1.649024E-5
1.152885E2	3.363590E-5	-1.645935E-5
1.153885E2	3.368890E-5	-1.637818E-5
1.154885E2	3.359618E-5	-1.629418E-5
1.155884E2	3.370061E-5	-1.627113E-5
1.156884E2	3.369108E-5	-1.621510E-5
1.157884E2	3.356641E-5	-1.621930E-5
1.158884E2	3.348627E-5	-1.618267E-5
1.159884E2	3.345836E-5	-1.627081E-5
1.160884E2	3.359356E-5	-1.611054E-5
1.161884E2	3.359485E-5	-1.605688E-5
1.162884E2	3.335775E-5	-1.595641E-5
1.163884E2	3.324845E-5	-1.611654E-5
1.164884E2	3.330473E-5	-1.612188E-5
1.165883E2	3.309006E-5	-1.626360E-5
1.166883E2	3.297140E-5	-1.644719E-5
1.167883E2	3.283349E-5	-1.638261E-5
1.168883E2	3.289270E-5	-1.642377E-5
1.169883E2	3.275262E-5	-1.650316E-5
1.170883E2	3.253353E-5	-1.611944E-5
1.171883E2	3.242945E-5	-1.608768E-5
1.172883E2	3.242130E-5	-1.599858E-5
1.173883E2	3.239649E-5	-1.608276E-5
1.174883E2	3.255381E-5	-1.610473E-5
1.175882E2	3.262214E-5	-1.629554E-5
1.176882E2	3.245057E-5	-1.630844E-5
1.177882E2	3.240809E-5	-1.614676E-5
1.178882E2	3.248654E-5	-1.619136E-5
1.179882E2	3.244041E-5	-1.642036E-5
1.180882E2	3.236901E-5	-1.655026E-5
1.181882E2	3.256461E-5	-1.657755E-5
1.182882E2	3.259502E-5	-1.658250E-5
1.183882E2	3.273322E-5	-1.660833E-5
1.184882E2	3.303721E-5	-1.658994E-5
1.185881E2	3.307545E-5	-1.647720E-5
1.186881E2	3.306365E-5	-1.662188E-5
1.187881E2	3.310453E-5	-1.678295E-5
1.188881E2	3.298721E-5	-1.674397E-5
1.189881E2	3.298603E-5	-1.672112E-5
1.190881E2	3.306727E-5	-1.669930E-5
1.191881E2	3.306286E-5	-1.657708E-5
1.192881E2	3.305267E-5	-1.653006E-5
1.193881E2	3.304888E-5	-1.654961E-5
1.194881E2	3.309306E-5	-1.640893E-5
1.195880E2	3.322983E-5	-1.609658E-5
1.196880E2	3.319324E-5	-1.598050E-5
1.197880E2	3.323463E-5	-1.597318E-5
1.198880E2	3.320907E-5	-1.607800E-5
1.199880E2	3.326651E-5	-1.613949E-5
1.200880E2	3.327730E-5	-1.602192E-5
1.201880E2	3.311426E-5	-1.616366E-5
1.202880E2	3.311071E-5	-1.620792E-5
1.203880E2	3.299513E-5	-1.602704E-5
1.204880E2	3.288326E-5	-1.621003E-5
1.205879E2	3.286222E-5	-1.644962E-5
1.206879E2	3.274732E-5	-1.642478E-5
1.207879E2	3.268302E-5	-1.630029E-5
1.208879E2	3.269795E-5	-1.633682E-5
1.209879E2	3.281860E-5	-1.644959E-5
1.210879E2	3.277920E-5	-1.658254E-5
1.211879E2	3.280939E-5	-1.660614E-5
1.212879E2	3.288153E-5	-1.649340E-5
1.213879E2	3.294035E-5	-1.623391E-5
1.214879E2	3.268533E-5	-1.611231E-5
1.215878E2	3.251175E-5	-1.580944E-5
1.216878E2	3.258628E-5	-1.599559E-5
1.217878E2	3.274512E-5	-1.592204E-5
1.218878E2	3.274724E-5	-1.589945E-5
1.219878E2	3.292860E-5	-1.564853E-5
1.220878E2	3.293209E-5	-1.567542E-5
1.221878E2	3.290757E-5	-1.568554E-5
1.222878E2	3.287675E-5	-1.571231E-5
1.223878E2	3.266467E-5	-1.574602E-5
1.224878E2	3.263849E-5	-1.577429E-5
1.225877E2	3.265619E-5	-1.570317E-5
1.226877E2	3.266828E-5	-1.556702E-5
1.227877E2	3.267425E-5	-1.547436E-5
1.228877E2	3.291953E-5	-1.530631E-5
1.229877E2	3.290928E-5	-1.541682E-5
1.230877E2	3.294591E-5	-1.549404E-5
1.231877E2	3.295142E-5	-1.536563E-5
1.232877E2	3.295173E-5	-1.527283E-5
1.233877E2	3.309526E-5	-1.534953E-5
1.234877E2	3.303740E-5	-1.536278E-5
1.235876E2	3.303121E-5	-1.532064E-5
1.236876E2	3.306258E-5	-1.531045E-5
1.237876E2	3.293922E-5	-1.532136E-5
1.238876E2	3.290289E-5	-1.534260E-5
1.239876E2	3.274487E-5	-1.549173E-5
1.240876E2	3.274903E-5	-1.557678E-5
1.241876E2	3.268611E-5	-1.566757E-5
1.242876E2	3.265183E-5	-1.563275E-5
1.243876E2	3.279623E-5	-1.569130E-5
1.244876E2	3.280240E-5	-1.565470E-5
1.245875E2	3.285970E-5	-1.545055E-5
1.246875E2	3.291736E-5	-1.551700E-5
1.247875E2	3.298257E-5	-1.558043E-5
1.248875E2	3.307723E-5	-1.553114E-5
1.249875E2	3.286183E-5	-1.551476E-5
1.250875E2	3.269091E-5	-1.555192E-5
1.251875E2	3.277703E-5	-1.567914E-5
1.252875E2	3.288999E-5	-1.578126E-5
1.253875E2	3.310512E-5	-1.567658E-5
1.254875E2	3.294328E-5	-1.568110E-5
1.255874E2	3.287541E-5	-1.554813E-5
1.256874E2	3.291242E-5	-1.563726E-5
1.257874E2	3.302478E-5	-1.578839E-5
1.258874E2	3.300125E-5	-1.583659E-5
1.259874E2	3.311724E-5	-1.575410E-5
1.260874E2	3.299233E-5	-1.578038E-5
1.261874E2	3.292834E-5	-1.575153E-5
1.262874E2	3.291799E-5	-1.571980E-5
1.263874E2	3.298932E-5	-1.559038E-5
1.264874E2	3.299931E-5	-1.555598E-5
1.265873E2	3.298574E-5	-1.540444E-5
1.266873E2	3.294739E-5	-1.534497E-5
1.267873E2	3.288646E-5	-1.542493E-5
1.268873E2	3.282941E-5	-1.543245E-5
1.269873E2	3.291634E-5	-1.545340E-5
1.270873E2	3.298526E-5	-1.551764E-5
1.271873E2	3.300234E-5	-1.560542E-5
1.272873E2	3.298219E-5	-1.559728E-5
1.273873E2	3.295447E-5	-1.567686E-5
1.274873E2	3.300127E-5	-1.579222E-5
1.275872E2	3.301581E-5	-1.570596E-5
1.276872E2	3.283716E-5	-1.574202E-5
1.277872E2	3.279755E-5	-1.566118E-5
1.278872E2	3.280198E-5	-1.560933E-5
1.279872E2	3.298238E-5	-1.568517E-5
1.280872E2	3.302123E-5	-1.577501E-5
1.281872E2	3.301589E-5	-1.583494E-5
1.282872E2	3.304401E-5	-1.576625E-5
1.283872E2	3.320311E-5	-1.575710E-5
1.284872E2	3.309411E-5	-1.562264E-5
1.285871E2	3.305510E-5	-1.552264E-5
1.286871E2	3.304989E-5	-1.545577E-5
1.287871E2	3.299930E-5	-1.564226E-5
1.288871E2	3.297776E-5	-1.542752E-5
1.289871E2	3.288827E-5	-1.540350E-5
1.290871E2	3.290197E-5	-1.536881E-5
1.291871E2	3.300357E-5	-1.541642E-5
1.292871E2	3.301302E-5	-1.551379E-5
1.293871E2	3.303105E-5	-1.553598E-5
1.294871E2	3.318051E-5	-1.550008E-5
1.295870E2	3.320138E-5	-1.556664E-5
1.296870E2	3.293172E-5	-1.568754E-5
1.297870E2	3.286007E-5	-1.565041E-5
1.298870E2	3.281914E-5	-1.567763E-5
1.299870E2	3.277009E-5	-1.567457E-5
1.300870E2	3.269649E-5	-1.570631E-5
1.301870E2	3.279229E-5	-1.564364E-5
1.302870E2	3.285392E-5	-1.575056E-5
1.303870E2	3.282913E-5	-1.587496E-5
1.304870E2	3.285400E-5	-1.589095E-5
1.305869E2	3.285283E-5	-1.583569E-5
1.306869E2	3.284119E-5	-1.581243E-5
1.307869E2	3.288034E-5	-1.565375E-5
1.308869E2	3.292830E-5	-1.552060E-5
1.309869E2	3.294413E-5	-1.540428E-5
1.310869E2	3.280621E-5	-1.542557E-5
1.311869E2	3.277173E-5	-1.546427E-5
1.312869E2	3.277483E-5	-1.561435E-5
1.313869E2	3.282292E-5	-1.552651E-5
1.314869E2	3.285349E-5	-1.555633E-5
1.315868E2	3.289729E-5	-1.554118E-5
1.316868E2	3.294717E-5	-1.544074E-5
1.317868E2	3.299432E-5	-1.539971E-5
1.318868E2	3.289692E-5	-1.543005E-5
1.319868E2	3.293611E-5	-1.554874E-5
1.320868E2	3.297214E-5	-1.553890E-5
1.321868E2	3.300435E-5	-1.547928E-5
1.322868E2	3.316955E-5	-1.558549E-5
1.323868E2	3.301072E-5	-1.559484E-5
1.324868E2	3.308690E-5	-1.563411E-5
1.325867E2	3.281638E-5	-1.563440E-5
1.326867E2	3.277949E-5	-1.569556E-5
1.327867E2	3.269855E-5	-1.579744E-5
1.328867E2	3.269724E-5	-1.568028E-5
1.329867E2	3.274143E-5	-1.581980E-5
1.330867E2	3.277357E-5	-1.587864E-5
1.331867E2	3.280635E-5	-1.568534E-5
1.332867E2	3.278025E-5	-1.559433E-5
1.333867E2	3.270442E-5	-1.569803E-5
1.334867E2	3.269256E-5	-1.579429E-5
1.335866E2	3.269537E-5	-1.570169E-5
1.336866E2	3.272694E-5	-1.575362E-5
1.337866E2	3.275733E-5	-1.580792E-5
1.338866E2	3.268265E-5	-1.584935E-5
1.339866E2	3.261406E-5	-1.578292E-5
1.340866E2	3.266014E-5	-1.572080E-5
1.341866E2	3.276602E-5	-1.569723E-5
1.342866E2	3.284373E-5	-1.571826E-5
1.343866E2	3.279441E-5	-1.575001E-5
1.344866E2	3.280759E-5	-1.556915E-5
1.345865E2	3.290287E-5	-1.569438E-5
1.346865E2	3.301784E-5	-1.580914E-5
1.347865E2	3.306773E-5	-1.577629E-5
1.348865E2	3.299367E-5	-1.578511E-5
1.349865E2	3.305739E-5	-1.573924E-5
1.350865E2	3.308050E-5	-1.555263E-5
1.351865E2	3.302479E-5	-1.544714E-5
1.352865E2	3.303148E-5	-1.546780E-5
1.353865E2	3.301031E-5	-1.541187E-5
1.354865E2	3.297252E-5	-1.537627E-5
1.355864E2	3.307769E-5	-1.543221E-5
1.356864E2	3.302083E-5	-1.543077E-5
1.357864E2	3.284686E-5	-1.541013E-5
1.358864E2	3.265087E-5	-1.547288E-5
1.359864E2	3.259997E-5	-1.563484E-5
1.360864E2	3.257897E-5	-1.561197E-5
1.361864E2	3.266960E-5	-1.563543E-5
1.362864E2	3.268530E-5	-1.562805E-5
1.363864E2	3.269331E-5	-1.575511E-5
1.364864E2	3.279445E-5	-1.578652E-5
1.365863E2	3.296228E-5	-1.571612E-5
1.366863E2	3.294406E-5	-1.561870E-5
1.367863E2	3.295001E-5	-1.552053E-5
1.368863E2	3.290509E-5	-1.541084E-5
1.369863E2	3.288853E-5	-1.532126E-5
1.370863E2	3.289797E-5	-1.536668E-5
1.371863E2	3.294946E-5	-1.540886E-5
1.372863E2	3.289476E-5	-1.542112E-5
1.373863E2	3.283726E-5	-1.537548E-5
1.374863E2	3.276138E-5	-1.539259E-5
1.375862E2	3.276428E-5	-1.541273E-5
1.376862E2	3.281414E-5	-1.549769E-5
1.377862E2	3.282166E-5	-1.565342E-5
1.378862E2	3.300137E-5	-1.564435E-5
1.379862E2	3.301147E-5	-1.566907E-5
1.380862E2	3.287888E-5	-1.574066E-5
1.381862E2	3.295684E-5	-1.577669E-5
1.382862E2	3.300987E-5	-1.580244E-5
1.383862E2	3.295810E-5	-1.572195E-5
1.384862E2	3.298905E-5	-1.550025E-5
1.385861E2	3.288985E-5	-1.552068E-5
1.386861E2	3.297356E-5	-1.549333E-5
1.387861E2	3.292230E-5	-1.552648E-5
1.388861E2	3.292241E-5	-1.551894E-5
1.389861E2	3.270391E-5	-1.547572E-5
1.390861E2	3.284323E-5	-1.549712E-5
1.391861E2	3.305924E-5	-1.546766E-5
1.392861E2	3.296633E-5	-1.549490E-5
1.393861E2	3.286847E-5	-1.545475E-5
1.394861E2	3.282709E-5	-1.551777E-5
1.395860E2	3.283891E-5	-1.572121E-5
1.396860E2	3.280725E-5	-1.583423E-5
1.397860E2	3.278087E-5	-1.588768E-5
1.398860E2	3.286864E-5	-1.581179E-5
1.399860E2	3.283660E-5	-1.593095E-5
1.400860E2	3.285268E-5	-1.598909E-5
1.401860E2	3.286827E-5	-1.597010E-5
1.402860E2	3.286863E-5	-1.594627E-5
1.403860E2	3.286855E-5	-1.593108E-5
1.404860E2	3.278856E-5	-1.596395E-5
1.405859E2	3.278066E-5	-1.582097E-5
1.406859E2	3.297660E-5	-1.573433E-5
1.407859E2	3.303318E-5	-1.568146E-5
1.408859E2	3.293739E-5	-1.569747E-5
1.409859E2	3.266308E-5	-1.578136E-5
1.410859E2	3.255556E-5	-1.570341E-5
1.411859E2	3.255772E-5	-1.572577E-5
1.412859E2	3.259184E-5	-1.567488E-5
1.413859E2	3.262255E-5	-1.570869E-5
1.414859E2	3.272596E-5	-1.562940E-5
1.415858E2	3.264623E-5	-1.544714E-5
1.416858E2	3.259318E-5	-1.550069E-5
1.417858E2	3.263132E-5	-1.549027E-5
1.418858E2	3.274023E-5	-1.554514E-5
1.419858E2	3.269113E-5	-1.555423E-5
1.420858E2	3.265217E-5	-1.564025E-5
1.421858E2	3.277652E-5	-1.559318E-5
1.422858E2	3.279557E-5	-1.545563E-5
1.423858E2	3.285073E-5	-1.545512E-5
1.424858E2	3.291100E-5	-1.555971E-5
1.425857E2	3.295002E-5	-1.565982E-5
1.426857E2	3.279468E-5	-1.553547E-5
1.427857E2	3.293428E-5	-1.556872E-5
1.428857E2	3.296790E-5	-1.564911E-5
1.429857E2	3.300483E-5	-1.566909E-5
1.430857E2	3.301938E-5	-1.557771E-5
1.431857E2	3.296389E-5	-1.547127E-5
1.432857E2	3.292990E-5	-1.547560E-5
1.433857E2	3.286487E-5	-1.549133E-5
1.434857E2	3.292021E-5	-1.545511E-5
1.435856E2	3.292870E-5	-1.553986E-5
1.436856E2	3.276748E-5	-1.563014E-5
1.437856E2	3.269400E-5	-1.567939E-5
1.438856E2	3.268610E-5	-1.569986E-5
1.439856E2	3.264574E-5	-1.566589E-5
1.440856E2	3.261089E-5	-1.566770E-5
1.441856E2	3.265709E-5	-1.570618E-5
1.442856E2	3.271442E-5	-1.573707E-5
1.443856E2	3.287494E-5	-1.556256E-5
1.444856E2	3.299579E-5	-1.562957E-5
1.445855E2	3.308971E-5	-1.570924E-5
1.446855E2	3.298834E-5	-1.570374E-5
1.447855E2	3.290028E-5	-1.568863E-5
1.448855E2	3.265846E-5	-1.564579E-5
1.449855E2	3.268248E-5	-1.560057E-5
1.450855E2	3.276159E-5	-1.549703E-5
1.451855E2	3.274068E-5	-1.543472E-5
1.452855E2	3.276967E-5	-1.543672E-5
1.453855E2	3.286229E-5	-1.546190E-5
1.454855E2	3.285237E-5	-1.557127E-5
1.455854E2	3.286989E-5	-1.572393E-5
1.456854E2	3.275286E-5	-1.581859E-5
1.457854E2	3.278569E-5	-1.591056E-5
1.458854E2	3.287835E-5	-1.589806E-5
1.459854E2	3.297091E-5	-1.580272E-5
1.460854E2	3.280450E-5	-1.575563E-5
1.461854E2	3.277596E-5	-1.568912E-5
1.462854E2	3.279782E-5	-1.552807E-5
1.463854E2	3.281819E-5	-1.560600E-5
1.464854E2	3.284714E-5	-1.565241E-5
1.465853E2	3.285556E-5	-1.563827E-5
1.466853E2	3.302913E-5	-1.566008E-5
1.467853E2	3.298482E-5	-1.560878E-5
1.468853E2	3.304595E-5	-1.562078E-5
1.469853E2	3.309424E-5	-1.564569E-5
1.470853E2	3.306146E-5	-1.561258E-5
1.471853E2	3.301475E-5	-1.563956E-5
1.472853E2	3.298317E-5	-1.562364E-5
1.473853E2	3.295513E-5	-1.556949E-5
1.474853E2	3.281661E-5	-1.568354E-5
1.475852E2	3.274400E-5	-1.577037E-5
1.476852E2	3.282658E-5	-1.580954E-5
1.477852E2	3.301357E-5	-1.583248E-5
1.478852E2	3.301335E-5	-1.580314E-5
1.479852E2	3.302295E-5	-1.571232E-5
1.480852E2	3.304946E-5	-1.563972E-5
1.481852E2	3.303969E-5	-1.558646E-5
1.482852E2	3.300712E-5	-1.580679E-5
1.483852E2	3.295578E-5	-1.584000E-5
1.484852E2	3.297493E-5	-1.579949E-5
1.485851E2	3.298184E-5	-1.578970E-5
1.486851E2	3.292641E-5	-1.585054E-5
1.487851E2	3.290737E-5	-1.580730E-5
1.488851E2	3.289510E-5	-1.576150E-5
1.489851E2	3.305230E-5	-1.574913E-5
1.490851E2	3.296378E-5	-1.571276E-5
1.491851E2	3.298502E-5	-1.567057E-5
1.492851E2	3.295269E-5	-1.567554E-5
1.493851E2	3.290192E-5	-1.568188E-5
1.494851E2	3.287979E-5	-1.566533E-5
1.495850E2	3.279474E-5	-1.586547E-5
1.496850E2	3.275099E-5	-1.583298E-5
1.497850E2	3.276148E-5	-1.587550E-5
1.498850E2	3.275381E-5	-1.588714E-5
1.499850E2	3.264762E-5	-1.587387E-5
1.500850E2	3.262938E-5	-1.578200E-5
1.501850E2	3.284306E-5	-1.569932E-5
1.502850E2	3.279839E-5	-1.557272E-5
1.503850E2	3.275446E-5	-1.553446E-5
1.504850E2	3.283785E-5	-1.545071E-5
1.505849E2	3.287162E-5	-1.548513E-5
1.506849E2	3.296189E-5	-1.547377E-5
1.507849E2	3.288990E-5	-1.541609E-5
1.508849E2	3.276984E-5	-1.537336E-5
1.509849E2	3.285263E-5	-1.538163E-5
1.510849E2	3.291364E-5	-1.546824E-5
1.511849E2	3.283577E-5	-1.562275E-5
1.512849E2	3.268592E-5	-1.545661E-5
1.513849E2	3.281974E-5	-1.535613E-5
1.514849E2	3.288236E-5	-1.547222E-5
1.515848E2	3.292237E-5	-1.548411E-5
1.516848E2	3.301927E-5	-1.549689E-5
1.517848E2	3.300315E-5	-1.554260E-5
1.518848E2	3.302431E-5	-1.557131E-5
1.519848E2	3.282006E-5	-1.562901E-5
1.520848E2	3.293137E-5	-1.557717E-5
1.521848E2	3.279759E-5	-1.541270E-5
1.522848E2	3.277706E-5	-1.536297E-5
1.523848E2	3.269498E-5	-1.544662E-5
1.524848E2	3.265541E-5	-1.555238E-5
1.525847E2	3.258065E-5	-1.553942E-5
1.526847E2	3.255893E-5	-1.545940E-5
1.527847E2	3.270023E-5	-1.544780E-5
1.528847E2	3.257820E-5	-1.552964E-5
1.529847E2	3.254622E-5	-1.558200E-5
1.530847E2	3.248110E-5	-1.563754E-5
1.531847E2	3.247227E-5	-1.566893E-5
1.532847E2	3.256749E-5	-1.563929E-5
1.533847E2	3.260099E-5	-1.561148E-5
1.534847E2	3.278889E-5	-1.574867E-5
1.535846E2	3.284860E-5	-1.576398E-5
1.536846E2	3.287419E-5	-1.572573E-5
1.537846E2	3.291884E-5	-1.567457E-5
1.538846E2	3.276897E-5	-1.564809E-5
1.539846E2	3.283512E-5	-1.558673E-5
1.540846E2	3.294811E-5	-1.566684E-5
1.541846E2	3.300178E-5	-1.566713E-5
1.542846E2	3.300585E-5	-1.571319E-5
1.543846E2	3.299046E-5	-1.579302E-5
1.544846E2	3.300169E-5	-1.581773E-5
1.545845E2	3.297130E-5	-1.577826E-5
1.546845E2	3.279675E-5	-1.573789E-5
1.547845E2	3.289472E-5	-1.564460E-5
1.548845E2	3.298670E-5	-1.561620E-5
1.549845E2	3.299227E-5	-1.564087E-5
1.550845E2	3.305636E-5	-1.565402E-5
1.551845E2	3.300527E-5	-1.561094E-5
1.552845E2	3.294262E-5	-1.559262E-5
1.553845E2	3.283561E-5	-1.565551E-5
1.554845E2	3.292645E-5	-1.570190E-5
1.555844E2	3.284922E-5	-1.562814E-5
1.556844E2	3.288142E-5	-1.565635E-5
1.557844E2	3.300201E-5	-1.560110E-5
1.558844E2	3.300817E-5	-1.546086E-5
1.559844E2	3.300266E-5	-1.552338E-5
1.560844E2	3.280943E-5	-1.548232E-5
1.561844E2	3.278605E-5	-1.561269E-5
1.562844E2	3.274793E-5	-1.552997E-5
1.563844E2	3.261405E-5	-1.543911E-5
1.564844E2	3.258043E-5	-1.547773E-5
1.565843E2	3.272612E-5	-1.565963E-5
1.566843E2	3.283964E-5	-1.581427E-5
1.567843E2	3.283612E-5	-1.594397E-5
1.568843E2	3.289070E-5	-1.588543E-5
1.569843E2	3.291941E-5	-1.581482E-5
1.570843E2	3.292242E-5	-1.584744E-5
1.571843E2	3.286161E-5	-1.569900E-5
1.572843E2	3.270414E-5	-1.568196E-5
1.573843E2	3.267175E-5	-1.570781E-5
1.574843E2	3.279584E-5	-1.568568E-5
1.575842E2	3.289846E-5	-1.558591E-5
1.576842E2	3.258414E-5	-1.561104E-5
1.577842E2	3.268594E-5	-1.555298E-5
1.578842E2	3.279129E-5	-1.549849E-5
1.579842E2	3.275029E-5	-1.573337E-5
1.580842E2	3.292119E-5	-1.576646E-5
1.581842E2	3.288450E-5	-1.576146E-5
1.582842E2	3.293687E-5	-1.564943E-5
