0.000000E0	-2.094063E-5	-2.533742E-5
9.999000E-2	-2.084065E-5	-2.525106E-5
1.999800E-1	-2.082464E-5	-2.498756E-5
2.999700E-1	-2.053756E-5	-2.519780E-5
3.999600E-1	-2.064977E-5	-2.525567E-5
4.999500E-1	-2.068793E-5	-2.506120E-5
5.999400E-1	-2.064334E-5	-2.500679E-5
6.999300E-1	-2.062971E-5	-2.497244E-5
7.999200E-1	-2.042551E-5	-2.494059E-5
8.999100E-1	-2.038124E-5	-2.491471E-5
9.999000E-1	-2.041840E-5	-2.452419E-5
1.099890E0	-2.039400E-5	-2.442304E-5
1.199880E0	-2.009745E-5	-2.450117E-5
1.299870E0	-1.999399E-5	-2.453287E-5
1.399860E0	-1.977848E-5	-2.443193E-5
1.499850E0	-1.967768E-5	-2.448528E-5
1.599840E0	-1.971470E-5	-2.448514E-5
1.699830E0	-1.974596E-5	-2.478676E-5
1.799820E0	-1.973080E-5	-2.517688E-5
1.899810E0	-2.000345E-5	-2.544906E-5
1.999800E0	-2.017749E-5	-2.549555E-5
2.099790E0	-2.016104E-5	-2.553205E-5
2.199780E0	-1.985122E-5	-2.559608E-5
2.299770E0	-1.988963E-5	-2.548052E-5
2.399760E0	-1.995279E-5	-2.518962E-5
2.499750E0	-2.000475E-5	-2.502826E-5
2.599740E0	-1.976411E-5	-2.529936E-5
2.699730E0	-1.988690E-5	-2.564849E-5
2.799720E0	-1.967531E-5	-2.559925E-5
2.899710E0	-1.955918E-5	-2.566661E-5
2.999700E0	-1.955140E-5	-2.570352E-5
3.099690E0	-1.958817E-5	-2.561475E-5
3.199680E0	-1.950792E-5	-2.562293E-5
3.299670E0	-1.955477E-5	-2.564554E-5
3.399660E0	-1.977395E-5	-2.554277E-5
3.499650E0	-1.986833E-5	-2.571369E-5
3.599640E0	-1.985384E-5	-2.580506E-5
3.699630E0	-2.008689E-5	-2.570697E-5
3.799620E0	-2.017382E-5	-2.533022E-5
3.899610E0	-2.015174E-5	-2.518377E-5
3.999600E0	-2.033779E-5	-2.539063E-5
4.099590E0	-2.022287E-5	-2.555128E-5
4.199580E0	-1.999055E-5	-2.566890E-5
4.299570E0	-1.978962E-5	-2.596216E-5
4.399560E0	-1.978654E-5	-2.618131E-5
4.499550E0	-1.975841E-5	-2.611488E-5
4.599540E0	-1.985325E-5	-2.604831E-5
4.699530E0	-1.990385E-5	-2.610261E-5
4.799520E0	-2.001171E-5	-2.613246E-5
4.899510E0	-2.005820E-5	-2.612053E-5
4.999500E0	-2.011259E-5	-2.612052E-5
5.099490E0	-1.999719E-5	-2.604478E-5
5.199480E0	-2.005591E-5	-2.634458E-5
5.299470E0	-2.031469E-5	-2.635768E-5
5.399460E0	-2.015358E-5	-2.595795E-5
5.499450E0	-2.029325E-5	-2.591263E-5
5.599440E0	-2.039527E-5	-2.630080E-5
5.699430E0	-2.051935E-5	-2.652320E-5
5.799420E0	-2.056193E-5	-2.658238E-5
5.899410E0	-2.067757E-5	-2.668965E-5
5.999400E0	-2.063788E-5	-2.662848E-5
6.099390E0	-2.086305E-5	-2.654518E-5
6.199380E0	-2.099366E-5	-2.651262E-5
6.299370E0	-2.085073E-5	-2.652105E-5
6.399360E0	-2.082289E-5	-2.644174E-5
6.499350E0	-2.074227E-5	-2.646348E-5
6.599340E0	-2.101708E-5	-2.616602E-5
6.699330E0	-2.116817E-5	-2.594768E-5
6.799320E0	-2.126121E-5	-2.602624E-5
6.899310E0	-2.165306E-5	-2.603674E-5
6.999300E0	-2.167411E-5	-2.626408E-5
7.099290E0	-2.190521E-5	-2.627293E-5
7.199280E0	-2.220151E-5	-2.641407E-5
7.299270E0	-2.193153E-5	-2.653568E-5
7.399260E0	-2.172618E-5	-2.628610E-5
7.499250E0	-2.167668E-5	-2.631881E-5
7.599240E0	-2.167727E-5	-2.632509E-5
7.699230E0	-2.161843E-5	-2.651683E-5
7.799220E0	-2.187726E-5	-2.652766E-5
7.899210E0	-2.188128E-5	-2.660784E-5
7.999200E0	-2.167793E-5	-2.662650E-5
8.099190E0	-2.146806E-5	-2.656544E-5
8.199180E0	-2.146425E-5	-2.669488E-5
8.299170E0	-2.140945E-5	-2.687800E-5
8.399160E0	-2.142518E-5	-2.699065E-5
8.499150E0	-2.149690E-5	-2.699410E-5
8.599140E0	-2.147350E-5	-2.703495E-5
8.699130E0	-2.129464E-5	-2.709953E-5
8.799120E0	-2.119931E-5	-2.700707E-5
8.899110E0	-2.098754E-5	-2.706941E-5
8.999100E0	-2.083699E-5	-2.715200E-5
9.099090E0	-2.119303E-5	-2.628645E-5
9.199080E0	-2.116344E-5	-2.638707E-5
9.299070E0	-2.118912E-5	-2.632221E-5
9.399060E0	-2.091529E-5	-2.629593E-5
9.499050E0	-2.111711E-5	-2.618807E-5
9.599040E0	-2.111362E-5	-2.639278E-5
9.699030E0	-2.092610E-5	-2.643812E-5
9.799020E0	-2.074520E-5	-2.652124E-5
9.899010E0	-2.099918E-5	-2.644086E-5
9.999000E0	-2.090506E-5	-2.641609E-5
1.009899E1	-2.102995E-5	-2.602481E-5
1.019898E1	-2.129386E-5	-2.607324E-5
1.029897E1	-2.140421E-5	-2.621036E-5
1.039896E1	-2.118154E-5	-2.613871E-5
1.049895E1	-2.116379E-5	-2.607030E-5
1.059894E1	-2.129136E-5	-2.590250E-5
1.069893E1	-2.130000E-5	-2.554508E-5
1.079892E1	-2.123805E-5	-2.555146E-5
1.089891E1	-2.081337E-5	-2.560264E-5
1.099890E1	-2.060364E-5	-2.559498E-5
1.109889E1	-2.044194E-5	-2.545738E-5
1.119888E1	-2.056213E-5	-2.554343E-5
1.129887E1	-2.064407E-5	-2.534385E-5
1.139886E1	-2.068505E-5	-2.510276E-5
1.149885E1	-2.076803E-5	-2.492332E-5
1.159884E1	-2.068198E-5	-2.505936E-5
1.169883E1	-2.033598E-5	-2.494283E-5
1.179882E1	-2.013675E-5	-2.491163E-5
1.189881E1	-2.015447E-5	-2.474995E-5
1.199880E1	-2.005436E-5	-2.461917E-5
1.209879E1	-2.017677E-5	-2.461711E-5
1.219878E1	-2.040603E-5	-2.467173E-5
1.229877E1	-2.038312E-5	-2.478763E-5
1.239876E1	-2.041196E-5	-2.471327E-5
1.249875E1	-2.044838E-5	-2.481553E-5
1.259874E1	-2.045358E-5	-2.473861E-5
1.269873E1	-2.068313E-5	-2.470259E-5
1.279872E1	-2.051247E-5	-2.483086E-5
1.289871E1	-2.039794E-5	-2.500843E-5
1.299870E1	-2.048045E-5	-2.502461E-5
1.309869E1	-2.054843E-5	-2.514721E-5
1.319868E1	-2.040988E-5	-2.534255E-5
1.329867E1	-2.055960E-5	-2.527156E-5
1.339866E1	-2.090007E-5	-2.528464E-5
1.349865E1	-2.105553E-5	-2.543727E-5
1.359864E1	-2.100551E-5	-2.563061E-5
1.369863E1	-2.100524E-5	-2.586307E-5
1.379862E1	-2.071657E-5	-2.580966E-5
1.389861E1	-2.066827E-5	-2.581288E-5
1.399860E1	-2.073055E-5	-2.547676E-5
1.409859E1	-2.071281E-5	-2.547202E-5
1.419858E1	-2.077579E-5	-2.535628E-5
1.429857E1	-2.069866E-5	-2.523750E-5
1.439856E1	-2.063948E-5	-2.546741E-5
1.449855E1	-2.061055E-5	-2.511399E-5
1.459854E1	-2.076022E-5	-2.505064E-5
1.469853E1	-2.127031E-5	-2.484893E-5
1.479852E1	-2.155144E-5	-2.488487E-5
1.489851E1	-2.164655E-5	-2.511126E-5
1.499850E1	-2.159195E-5	-2.507096E-5
1.509849E1	-2.138801E-5	-2.483376E-5
1.519848E1	-2.117612E-5	-2.456487E-5
1.529847E1	-2.092286E-5	-2.464036E-5
1.539846E1	-2.090501E-5	-2.498637E-5
1.549845E1	-2.097779E-5	-2.512330E-5
1.559844E1	-2.121417E-5	-2.516772E-5
1.569843E1	-2.110138E-5	-2.520280E-5
1.579842E1	-2.089233E-5	-2.523883E-5
1.589841E1	-2.070930E-5	-2.532267E-5
1.599840E1	-2.050319E-5	-2.554885E-5
1.609839E1	-2.020604E-5	-2.541454E-5
1.619838E1	-2.019084E-5	-2.514022E-5
1.629837E1	-2.039913E-5	-2.516397E-5
1.639836E1	-2.045746E-5	-2.520831E-5
1.649835E1	-2.045956E-5	-2.530221E-5
1.659834E1	-2.067177E-5	-2.514762E-5
1.669833E1	-2.068594E-5	-2.509416E-5
1.679832E1	-2.089636E-5	-2.501832E-5
1.689831E1	-2.105813E-5	-2.474996E-5
1.699830E1	-2.115734E-5	-2.463816E-5
1.709829E1	-2.104422E-5	-2.477481E-5
1.719828E1	-2.104954E-5	-2.474881E-5
1.729827E1	-2.093943E-5	-2.476431E-5
1.739826E1	-2.098438E-5	-2.466346E-5
1.749825E1	-2.120925E-5	-2.456948E-5
1.759824E1	-2.118650E-5	-2.460516E-5
1.769823E1	-2.117883E-5	-2.448648E-5
1.779822E1	-2.141949E-5	-2.429583E-5
1.789821E1	-2.161502E-5	-2.425566E-5
1.799820E1	-2.144400E-5	-2.450155E-5
1.809819E1	-2.123821E-5	-2.473932E-5
1.819818E1	-2.127802E-5	-2.472593E-5
1.829817E1	-2.105357E-5	-2.469614E-5
1.839816E1	-2.095063E-5	-2.446231E-5
1.849815E1	-2.109139E-5	-2.432719E-5
1.859814E1	-2.118884E-5	-2.436111E-5
1.869813E1	-2.131178E-5	-2.435947E-5
1.879812E1	-2.133295E-5	-2.433152E-5
1.889811E1	-2.126266E-5	-2.421927E-5
1.899810E1	-2.131871E-5	-2.409627E-5
1.909809E1	-2.123790E-5	-2.394085E-5
1.919808E1	-2.122100E-5	-2.392965E-5
1.929807E1	-2.100010E-5	-2.390451E-5
1.939806E1	-2.110104E-5	-2.389618E-5
1.949805E1	-2.107535E-5	-2.361255E-5
1.959804E1	-2.086423E-5	-2.316940E-5
1.969803E1	-2.108678E-5	-2.294012E-5
1.979802E1	-2.099637E-5	-2.277610E-5
1.989801E1	-2.099073E-5	-2.296490E-5
1.999800E1	-2.072083E-5	-2.312129E-5
2.009799E1	-2.058965E-5	-2.314248E-5
2.019798E1	-2.079470E-5	-2.320279E-5
2.029797E1	-2.105700E-5	-2.348917E-5
2.039796E1	-2.126276E-5	-2.354623E-5
2.049795E1	-2.152526E-5	-2.331314E-5
2.059794E1	-2.156425E-5	-2.322776E-5
2.069793E1	-2.168628E-5	-2.328439E-5
2.079792E1	-2.154443E-5	-2.314643E-5
2.089791E1	-2.127776E-5	-2.290948E-5
2.099790E1	-2.121362E-5	-2.289688E-5
2.109789E1	-2.113852E-5	-2.306519E-5
2.119788E1	-2.114493E-5	-2.282582E-5
2.129787E1	-2.107571E-5	-2.255946E-5
2.139786E1	-2.128298E-5	-2.247013E-5
2.149785E1	-2.103259E-5	-2.240945E-5
2.159784E1	-2.122274E-5	-2.251325E-5
2.169783E1	-2.126235E-5	-2.266595E-5
2.179782E1	-2.129467E-5	-2.258991E-5
2.189781E1	-2.114189E-5	-2.255661E-5
2.199780E1	-2.075214E-5	-2.270826E-5
2.209779E1	-2.052003E-5	-2.267726E-5
2.219778E1	-2.045069E-5	-2.269655E-5
2.229777E1	-2.067070E-5	-2.235311E-5
2.239776E1	-2.080699E-5	-2.255024E-5
2.249775E1	-2.073792E-5	-2.262449E-5
2.259774E1	-2.100114E-5	-2.262310E-5
2.269773E1	-2.109840E-5	-2.245382E-5
2.279772E1	-2.137836E-5	-2.220179E-5
2.289771E1	-2.147097E-5	-2.194857E-5
2.299770E1	-2.146096E-5	-2.206078E-5
2.309769E1	-2.143200E-5	-2.220077E-5
2.319768E1	-2.140954E-5	-2.208147E-5
2.329767E1	-2.131263E-5	-2.183013E-5
2.339766E1	-2.110828E-5	-2.173267E-5
2.349765E1	-2.116364E-5	-2.174018E-5
2.359764E1	-2.143142E-5	-2.144171E-5
2.369763E1	-2.178667E-5	-2.133648E-5
2.379762E1	-2.205913E-5	-2.138639E-5
2.389761E1	-2.217964E-5	-2.143352E-5
2.399760E1	-2.211881E-5	-2.165450E-5
2.409759E1	-2.186494E-5	-2.163995E-5
2.419758E1	-2.176856E-5	-2.169059E-5
2.429757E1	-2.147011E-5	-2.200283E-5
2.439756E1	-2.139123E-5	-2.209172E-5
2.449755E1	-2.137583E-5	-2.211646E-5
2.459754E1	-2.099857E-5	-2.241366E-5
2.469753E1	-2.092672E-5	-2.253501E-5
2.479752E1	-2.074523E-5	-2.257510E-5
2.489751E1	-2.059958E-5	-2.253600E-5
2.499750E1	-2.056388E-5	-2.253043E-5
2.509749E1	-2.064921E-5	-2.261795E-5
2.519748E1	-2.067415E-5	-2.263585E-5
2.529747E1	-2.070819E-5	-2.258962E-5
2.539746E1	-2.070408E-5	-2.260723E-5
2.549745E1	-2.057086E-5	-2.233643E-5
2.559744E1	-2.079013E-5	-2.205913E-5
2.569743E1	-2.088664E-5	-2.220122E-5
2.579742E1	-2.093338E-5	-2.226462E-5
2.589741E1	-2.111886E-5	-2.231057E-5
2.599740E1	-2.122907E-5	-2.253561E-5
2.609739E1	-2.125886E-5	-2.248839E-5
2.619738E1	-2.129386E-5	-2.260690E-5
2.629737E1	-2.116701E-5	-2.269900E-5
2.639736E1	-2.124025E-5	-2.269878E-5
2.649735E1	-2.127931E-5	-2.264834E-5
2.659734E1	-2.143309E-5	-2.257873E-5
2.669733E1	-2.148931E-5	-2.254483E-5
2.679732E1	-2.166733E-5	-2.266610E-5
2.689731E1	-2.159515E-5	-2.264196E-5
2.699730E1	-2.155776E-5	-2.257720E-5
2.709729E1	-2.157856E-5	-2.250325E-5
2.719728E1	-2.160640E-5	-2.229347E-5
2.729727E1	-2.167722E-5	-2.236646E-5
2.739726E1	-2.161972E-5	-2.245038E-5
2.749725E1	-2.164714E-5	-2.229511E-5
2.759724E1	-2.163752E-5	-2.245488E-5
2.769723E1	-2.143825E-5	-2.251252E-5
2.779722E1	-2.127237E-5	-2.237752E-5
2.789721E1	-2.117396E-5	-2.206375E-5
2.799720E1	-2.119447E-5	-2.186743E-5
2.809719E1	-2.130462E-5	-2.195642E-5
2.819718E1	-2.143733E-5	-2.191117E-5
2.829717E1	-2.128478E-5	-2.182230E-5
2.839716E1	-2.123976E-5	-2.182792E-5
2.849715E1	-2.122708E-5	-2.206905E-5
2.859714E1	-2.120560E-5	-2.214158E-5
2.869713E1	-2.117479E-5	-2.196758E-5
2.879712E1	-2.108546E-5	-2.202194E-5
2.889711E1	-2.121295E-5	-2.217619E-5
2.899710E1	-2.126992E-5	-2.223108E-5
2.909709E1	-2.134607E-5	-2.224412E-5
2.919708E1	-2.118984E-5	-2.249135E-5
2.929707E1	-2.116248E-5	-2.259872E-5
2.939706E1	-2.121948E-5	-2.257625E-5
2.949705E1	-2.147555E-5	-2.256823E-5
2.959704E1	-2.151763E-5	-2.239816E-5
2.969703E1	-2.158755E-5	-2.260202E-5
2.979702E1	-2.158661E-5	-2.263819E-5
2.989701E1	-2.158422E-5	-2.268450E-5
2.999700E1	-2.147908E-5	-2.276470E-5
3.009699E1	-2.143371E-5	-2.284391E-5
3.019698E1	-2.124321E-5	-2.291839E-5
3.029697E1	-2.109012E-5	-2.295567E-5
3.039696E1	-2.082182E-5	-2.295883E-5
3.049695E1	-2.102410E-5	-2.306758E-5
3.059694E1	-2.103520E-5	-2.320341E-5
3.069693E1	-2.100200E-5	-2.320996E-5
3.079692E1	-2.097340E-5	-2.309598E-5
3.089691E1	-2.084716E-5	-2.290964E-5
3.099690E1	-2.085675E-5	-2.281995E-5
3.109689E1	-2.088824E-5	-2.279954E-5
3.119688E1	-2.098928E-5	-2.282669E-5
3.129687E1	-2.093718E-5	-2.286967E-5
3.139686E1	-2.098117E-5	-2.291688E-5
3.149685E1	-2.111364E-5	-2.297232E-5
3.159684E1	-2.085636E-5	-2.282715E-5
3.169683E1	-2.073312E-5	-2.288496E-5
3.179682E1	-2.053468E-5	-2.266847E-5
3.189681E1	-2.060405E-5	-2.265765E-5
3.199680E1	-2.082219E-5	-2.243771E-5
3.209679E1	-2.080713E-5	-2.242957E-5
3.219678E1	-2.092328E-5	-2.230551E-5
3.229677E1	-2.111884E-5	-2.220704E-5
3.239676E1	-2.102458E-5	-2.207459E-5
3.249675E1	-2.105785E-5	-2.212894E-5
3.259674E1	-2.088234E-5	-2.220103E-5
3.269673E1	-2.096928E-5	-2.228809E-5
3.279672E1	-2.103173E-5	-2.239542E-5
3.289671E1	-2.139624E-5	-2.263182E-5
3.299670E1	-2.137095E-5	-2.249643E-5
3.309669E1	-2.107305E-5	-2.242849E-5
3.319668E1	-2.112504E-5	-2.247797E-5
3.329667E1	-2.107283E-5	-2.238772E-5
3.339666E1	-2.106928E-5	-2.236372E-5
3.349665E1	-2.126252E-5	-2.209674E-5
3.359664E1	-2.152537E-5	-2.190994E-5
3.369663E1	-2.139386E-5	-2.201505E-5
3.379662E1	-2.128392E-5	-2.202157E-5
3.389661E1	-2.110776E-5	-2.210574E-5
3.399660E1	-2.091817E-5	-2.207937E-5
3.409659E1	-2.076991E-5	-2.223876E-5
3.419658E1	-2.101006E-5	-2.230892E-5
3.429657E1	-2.118109E-5	-2.229512E-5
3.439656E1	-2.109234E-5	-2.237730E-5
3.449655E1	-2.106920E-5	-2.227512E-5
3.459654E1	-2.119362E-5	-2.191195E-5
3.469653E1	-2.125342E-5	-2.205392E-5
3.479652E1	-2.137567E-5	-2.247055E-5
3.489651E1	-2.129449E-5	-2.262867E-5
3.499650E1	-2.122402E-5	-2.254503E-5
3.509649E1	-2.132792E-5	-2.255164E-5
3.519648E1	-2.134040E-5	-2.259824E-5
3.529647E1	-2.132721E-5	-2.245983E-5
3.539646E1	-2.129204E-5	-2.253561E-5
3.549645E1	-2.133832E-5	-2.264816E-5
3.559644E1	-2.115334E-5	-2.257789E-5
3.569643E1	-2.101355E-5	-2.251020E-5
3.579642E1	-2.107760E-5	-2.248066E-5
3.589641E1	-2.099012E-5	-2.239147E-5
3.599640E1	-2.075478E-5	-2.256674E-5
3.609639E1	-2.049215E-5	-2.276122E-5
3.619638E1	-2.062506E-5	-2.293245E-5
3.629637E1	-2.044104E-5	-2.316355E-5
3.639636E1	-2.033892E-5	-2.313250E-5
3.649635E1	-2.027994E-5	-2.308097E-5
3.659634E1	-2.033242E-5	-2.282008E-5
3.669633E1	-2.027427E-5	-2.297535E-5
3.679632E1	-2.040305E-5	-2.297063E-5
3.689631E1	-2.046190E-5	-2.279776E-5
3.699630E1	-2.069815E-5	-2.282010E-5
3.709629E1	-2.096799E-5	-2.286363E-5
3.719628E1	-2.092808E-5	-2.289118E-5
3.729627E1	-2.091549E-5	-2.293428E-5
3.739626E1	-2.097796E-5	-2.302941E-5
3.749625E1	-2.083297E-5	-2.307312E-5
3.759624E1	-2.075647E-5	-2.317068E-5
3.769623E1	-2.084726E-5	-2.299369E-5
3.779622E1	-2.063710E-5	-2.284557E-5
3.789621E1	-2.066474E-5	-2.263930E-5
3.799620E1	-2.039732E-5	-2.258361E-5
3.809619E1	-2.025751E-5	-2.271484E-5
3.819618E1	-2.015653E-5	-2.256641E-5
3.829617E1	-2.016931E-5	-2.255450E-5
3.839616E1	-2.018833E-5	-2.266030E-5
3.849615E1	-2.016129E-5	-2.257382E-5
3.859614E1	-2.016315E-5	-2.281893E-5
3.869613E1	-1.993685E-5	-2.282803E-5
3.879612E1	-1.990140E-5	-2.259926E-5
3.889611E1	-2.001843E-5	-2.261474E-5
3.899610E1	-1.999938E-5	-2.240712E-5
3.909609E1	-1.992006E-5	-2.237443E-5
3.919608E1	-1.992196E-5	-2.225991E-5
3.929607E1	-1.975960E-5	-2.225133E-5
3.939606E1	-1.964788E-5	-2.214635E-5
3.949605E1	-1.950322E-5	-2.210589E-5
3.959604E1	-1.933408E-5	-2.209191E-5
3.969603E1	-1.923150E-5	-2.209900E-5
3.979602E1	-1.914486E-5	-2.201134E-5
3.989601E1	-1.939795E-5	-2.206447E-5
3.999600E1	-1.933562E-5	-2.229402E-5
4.009599E1	-1.930332E-5	-2.210959E-5
4.019598E1	-1.947243E-5	-2.206575E-5
4.029597E1	-1.959653E-5	-2.218133E-5
4.039596E1	-1.952815E-5	-2.212737E-5
4.049595E1	-1.938286E-5	-2.220840E-5
4.059594E1	-1.920588E-5	-2.223151E-5
4.069593E1	-1.904014E-5	-2.216067E-5
4.079592E1	-1.888430E-5	-2.206658E-5
4.089591E1	-1.879579E-5	-2.190687E-5
4.099590E1	-1.886963E-5	-2.174662E-5
4.109589E1	-1.893849E-5	-2.166900E-5
4.119588E1	-1.897959E-5	-2.160027E-5
4.129587E1	-1.908594E-5	-2.154988E-5
4.139586E1	-1.911922E-5	-2.131510E-5
4.149585E1	-1.915792E-5	-2.130252E-5
4.159584E1	-1.927826E-5	-2.135684E-5
4.169583E1	-1.938429E-5	-2.133857E-5
4.179582E1	-1.938302E-5	-2.119174E-5
4.189581E1	-1.944913E-5	-2.095225E-5
4.199580E1	-1.940130E-5	-2.098415E-5
4.209579E1	-1.941481E-5	-2.092534E-5
4.219578E1	-1.939604E-5	-2.086144E-5
4.229577E1	-1.937306E-5	-2.070010E-5
4.239576E1	-1.959752E-5	-2.066294E-5
4.249575E1	-1.939279E-5	-2.069972E-5
4.259574E1	-1.932317E-5	-2.066248E-5
4.269573E1	-1.935585E-5	-2.055697E-5
4.279572E1	-1.944201E-5	-2.044793E-5
4.289571E1	-1.944591E-5	-2.039972E-5
4.299570E1	-1.952010E-5	-2.037338E-5
4.309569E1	-1.949957E-5	-2.034087E-5
4.319568E1	-1.948384E-5	-2.047516E-5
4.329567E1	-1.947811E-5	-2.054010E-5
4.339566E1	-1.968522E-5	-2.056592E-5
4.349565E1	-1.990501E-5	-2.054831E-5
4.359564E1	-1.999778E-5	-2.059597E-5
4.369563E1	-2.003498E-5	-2.077065E-5
4.379562E1	-2.010824E-5	-2.102525E-5
4.389561E1	-2.024382E-5	-2.114677E-5
4.399560E1	-2.016691E-5	-2.101498E-5
4.409559E1	-2.028383E-5	-2.097780E-5
4.419558E1	-2.045093E-5	-2.087131E-5
4.429557E1	-2.039333E-5	-2.077054E-5
4.439556E1	-2.019620E-5	-2.052608E-5
4.449555E1	-2.011106E-5	-2.048881E-5
4.459554E1	-2.009363E-5	-2.057110E-5
4.469553E1	-2.008441E-5	-2.067430E-5
4.479552E1	-2.027389E-5	-2.085759E-5
4.489551E1	-2.045230E-5	-2.080493E-5
4.499550E1	-2.057902E-5	-2.045951E-5
4.509549E1	-2.070767E-5	-2.022911E-5
4.519548E1	-2.067835E-5	-2.024496E-5
4.529547E1	-2.096242E-5	-2.017343E-5
4.539546E1	-2.086619E-5	-2.003718E-5
4.549545E1	-2.079726E-5	-1.979281E-5
4.559544E1	-2.073285E-5	-1.964336E-5
4.569543E1	-2.085499E-5	-1.976691E-5
4.579542E1	-2.099610E-5	-1.973588E-5
4.589541E1	-2.089504E-5	-1.953791E-5
4.599540E1	-2.101583E-5	-1.954476E-5
4.609539E1	-2.109789E-5	-1.956243E-5
4.619538E1	-2.126670E-5	-1.981457E-5
4.629537E1	-2.138684E-5	-1.989249E-5
4.639536E1	-2.150541E-5	-1.978178E-5
4.649535E1	-2.178524E-5	-2.006341E-5
4.659534E1	-2.187698E-5	-2.033417E-5
4.669533E1	-2.175787E-5	-2.043622E-5
4.679532E1	-2.174136E-5	-2.065647E-5
4.689531E1	-2.178430E-5	-2.073969E-5
4.699530E1	-2.201446E-5	-2.064809E-5
4.709529E1	-2.199071E-5	-2.064300E-5
4.719528E1	-2.226600E-5	-2.092444E-5
4.729527E1	-2.240966E-5	-2.110840E-5
4.739526E1	-2.238948E-5	-2.145395E-5
4.749525E1	-2.229810E-5	-2.145278E-5
4.759524E1	-2.220452E-5	-2.117359E-5
4.769523E1	-2.209330E-5	-2.102617E-5
4.779522E1	-2.216643E-5	-2.103370E-5
4.789521E1	-2.216097E-5	-2.099455E-5
4.799520E1	-2.223110E-5	-2.106112E-5
4.809519E1	-2.202019E-5	-2.128513E-5
4.819518E1	-2.209543E-5	-2.157017E-5
4.829517E1	-2.221728E-5	-2.164319E-5
4.839516E1	-2.209429E-5	-2.148230E-5
4.849515E1	-2.222418E-5	-2.134358E-5
4.859514E1	-2.219798E-5	-2.144251E-5
4.869513E1	-2.213874E-5	-2.141052E-5
4.879512E1	-2.190698E-5	-2.125408E-5
4.889511E1	-2.168875E-5	-2.111198E-5
4.899510E1	-2.171542E-5	-2.108584E-5
4.909509E1	-2.177503E-5	-2.111119E-5
4.919508E1	-2.170913E-5	-2.105821E-5
4.929507E1	-2.150188E-5	-2.093986E-5
4.939506E1	-2.161714E-5	-2.082943E-5
4.949505E1	-2.165439E-5	-2.067300E-5
4.959504E1	-2.168155E-5	-2.082681E-5
4.969503E1	-2.167820E-5	-2.096892E-5
4.979502E1	-2.156166E-5	-2.112823E-5
4.989501E1	-2.137752E-5	-2.107202E-5
4.999500E1	-2.128281E-5	-2.073196E-5
5.009499E1	-2.129842E-5	-2.077307E-5
5.019498E1	-2.132927E-5	-2.092455E-5
5.029497E1	-2.120292E-5	-2.093673E-5
5.039496E1	-2.121912E-5	-2.088936E-5
5.049495E1	-2.140949E-5	-2.086995E-5
5.059494E1	-2.136376E-5	-2.113159E-5
5.069493E1	-2.118029E-5	-2.131599E-5
5.079492E1	-2.100012E-5	-2.150038E-5
5.089491E1	-2.105776E-5	-2.152011E-5
5.099490E1	-2.099966E-5	-2.162071E-5
5.109489E1	-2.092461E-5	-2.171965E-5
5.119488E1	-2.095773E-5	-2.173736E-5
5.129487E1	-2.103752E-5	-2.175157E-5
5.139486E1	-2.107561E-5	-2.170674E-5
5.149485E1	-2.114437E-5	-2.133483E-5
5.159484E1	-2.105409E-5	-2.133603E-5
5.169483E1	-2.128279E-5	-2.148399E-5
5.179482E1	-2.138454E-5	-2.161920E-5
5.189481E1	-2.118838E-5	-2.126476E-5
5.199480E1	-2.119638E-5	-2.121304E-5
5.209479E1	-2.120335E-5	-2.112913E-5
5.219478E1	-2.109773E-5	-2.075982E-5
5.229477E1	-2.099300E-5	-2.073433E-5
5.239476E1	-2.089959E-5	-2.050460E-5
5.249475E1	-2.091540E-5	-2.042954E-5
5.259474E1	-2.113755E-5	-2.055263E-5
5.269473E1	-2.120452E-5	-2.077725E-5
5.279472E1	-2.108723E-5	-2.077851E-5
5.289471E1	-2.090229E-5	-2.099759E-5
5.299470E1	-2.068607E-5	-2.130165E-5
5.309469E1	-2.066779E-5	-2.132021E-5
5.319468E1	-2.066469E-5	-2.100366E-5
5.329467E1	-2.054108E-5	-2.101574E-5
5.339466E1	-2.066734E-5	-2.115664E-5
5.349465E1	-2.069713E-5	-2.138950E-5
5.359464E1	-2.062983E-5	-2.143472E-5
5.369463E1	-2.069814E-5	-2.149626E-5
5.379462E1	-2.077704E-5	-2.164895E-5
5.389461E1	-2.046539E-5	-2.168843E-5
5.399460E1	-2.042429E-5	-2.162765E-5
5.409459E1	-2.020221E-5	-2.179827E-5
5.419458E1	-2.020986E-5	-2.164790E-5
5.429457E1	-2.009516E-5	-2.138486E-5
5.439456E1	-2.015720E-5	-2.116574E-5
5.449455E1	-2.014489E-5	-2.115177E-5
5.459454E1	-2.024957E-5	-2.112353E-5
5.469453E1	-2.037575E-5	-2.103242E-5
5.479452E1	-2.016275E-5	-2.113332E-5
5.489451E1	-1.997209E-5	-2.123905E-5
5.499450E1	-1.978728E-5	-2.112328E-5
5.509449E1	-1.975097E-5	-2.090697E-5
5.519448E1	-1.997932E-5	-2.063993E-5
5.529447E1	-2.011496E-5	-2.065083E-5
5.539446E1	-2.018763E-5	-2.061076E-5
5.549445E1	-2.003822E-5	-2.057178E-5
5.559444E1	-2.006840E-5	-2.081183E-5
5.569443E1	-2.018826E-5	-2.098107E-5
5.579442E1	-2.030767E-5	-2.109094E-5
5.589441E1	-2.033563E-5	-2.113950E-5
5.599440E1	-2.032070E-5	-2.106467E-5
5.609439E1	-2.036405E-5	-2.128964E-5
5.619438E1	-2.041611E-5	-2.131511E-5
5.629437E1	-2.042022E-5	-2.132110E-5
5.639436E1	-2.031793E-5	-2.147867E-5
5.649435E1	-2.012548E-5	-2.153708E-5
5.659434E1	-2.033653E-5	-2.129915E-5
5.669433E1	-2.027208E-5	-2.112399E-5
5.679432E1	-2.029339E-5	-2.106491E-5
5.689431E1	-2.041319E-5	-2.118626E-5
5.699430E1	-2.042237E-5	-2.139290E-5
5.709429E1	-2.035459E-5	-2.170867E-5
5.719428E1	-2.013985E-5	-2.191970E-5
5.729427E1	-2.004088E-5	-2.190193E-5
5.739426E1	-2.014600E-5	-2.187348E-5
5.749425E1	-1.981496E-5	-2.174977E-5
5.759424E1	-1.982125E-5	-2.171828E-5
5.769423E1	-1.992965E-5	-2.143168E-5
5.779422E1	-2.008627E-5	-2.131377E-5
5.789421E1	-1.998825E-5	-2.124897E-5
5.799420E1	-1.998076E-5	-2.120652E-5
5.809419E1	-1.998828E-5	-2.118869E-5
5.819418E1	-1.980971E-5	-2.128292E-5
5.829417E1	-1.956572E-5	-2.141791E-5
5.839416E1	-1.942752E-5	-2.146981E-5
5.849415E1	-1.939547E-5	-2.124105E-5
5.859414E1	-1.924714E-5	-2.082088E-5
5.869413E1	-1.908127E-5	-2.069138E-5
5.879412E1	-1.890502E-5	-2.060135E-5
5.889411E1	-1.891433E-5	-2.048218E-5
5.899410E1	-1.877928E-5	-2.050505E-5
5.909409E1	-1.865035E-5	-2.071617E-5
5.919408E1	-1.850892E-5	-2.085430E-5
5.929407E1	-1.857962E-5	-2.081554E-5
5.939406E1	-1.844783E-5	-2.087599E-5
5.949405E1	-1.876857E-5	-2.078210E-5
5.959404E1	-1.879267E-5	-2.083460E-5
5.969403E1	-1.864270E-5	-2.089134E-5
5.979402E1	-1.858510E-5	-2.062221E-5
5.989401E1	-1.838733E-5	-2.034927E-5
5.999400E1	-1.841235E-5	-2.016026E-5
6.009399E1	-1.822762E-5	-1.989142E-5
6.019398E1	-1.816520E-5	-1.993813E-5
6.029397E1	-1.809671E-5	-2.004982E-5
6.039396E1	-1.807818E-5	-2.031951E-5
6.049395E1	-1.820336E-5	-2.050709E-5
6.059394E1	-1.812145E-5	-2.031775E-5
6.069393E1	-1.836431E-5	-1.989256E-5
6.079392E1	-1.830303E-5	-1.996471E-5
6.089391E1	-1.831243E-5	-1.994008E-5
6.099390E1	-1.841470E-5	-1.992356E-5
6.109389E1	-1.844658E-5	-2.025136E-5
6.119388E1	-1.852083E-5	-2.030716E-5
6.129387E1	-1.864804E-5	-2.020443E-5
6.139386E1	-1.859052E-5	-2.018136E-5
6.149385E1	-1.846753E-5	-2.045003E-5
6.159384E1	-1.838178E-5	-2.049646E-5
6.169383E1	-1.844078E-5	-2.034552E-5
6.179382E1	-1.840702E-5	-2.020675E-5
6.189381E1	-1.828419E-5	-2.016596E-5
6.199380E1	-1.861368E-5	-1.991469E-5
6.209379E1	-1.875588E-5	-1.996875E-5
6.219378E1	-1.877762E-5	-1.991001E-5
6.229377E1	-1.904327E-5	-1.964233E-5
6.239376E1	-1.923039E-5	-2.013957E-5
6.249375E1	-1.931802E-5	-2.035151E-5
6.259374E1	-1.929612E-5	-2.028819E-5
6.269373E1	-1.931919E-5	-2.028631E-5
6.279372E1	-1.899887E-5	-1.991118E-5
6.289371E1	-1.876907E-5	-1.965072E-5
6.299370E1	-1.874643E-5	-1.956998E-5
6.309369E1	-1.881771E-5	-1.953291E-5
6.319368E1	-1.875125E-5	-1.931395E-5
6.329367E1	-1.863720E-5	-1.943063E-5
6.339366E1	-1.871963E-5	-1.946079E-5
6.349365E1	-1.891388E-5	-1.929740E-5
6.359364E1	-1.884040E-5	-1.920749E-5
6.369363E1	-1.871232E-5	-1.898636E-5
6.379362E1	-1.856249E-5	-1.887267E-5
6.389361E1	-1.855685E-5	-1.869234E-5
6.399360E1	-1.881885E-5	-1.874857E-5
6.409359E1	-1.902329E-5	-1.857044E-5
6.419358E1	-1.899999E-5	-1.855386E-5
6.429357E1	-1.887239E-5	-1.868105E-5
6.439356E1	-1.880176E-5	-1.873897E-5
6.449355E1	-1.882060E-5	-1.888500E-5
6.459354E1	-1.848672E-5	-1.872917E-5
6.469353E1	-1.818631E-5	-1.863479E-5
6.479352E1	-1.826127E-5	-1.860953E-5
6.489351E1	-1.836627E-5	-1.849984E-5
6.499350E1	-1.873622E-5	-1.824100E-5
6.509349E1	-1.882106E-5	-1.817473E-5
6.519348E1	-1.878554E-5	-1.836792E-5
6.529347E1	-1.871355E-5	-1.838747E-5
6.539346E1	-1.868607E-5	-1.829818E-5
6.549345E1	-1.853643E-5	-1.834206E-5
6.559344E1	-1.874953E-5	-1.841635E-5
6.569343E1	-1.873354E-5	-1.872402E-5
6.579342E1	-1.860791E-5	-1.894623E-5
6.589341E1	-1.843547E-5	-1.897174E-5
6.599340E1	-1.835948E-5	-1.906789E-5
6.609339E1	-1.838576E-5	-1.896484E-5
6.619338E1	-1.838930E-5	-1.915996E-5
6.629337E1	-1.843145E-5	-1.928950E-5
6.639336E1	-1.860975E-5	-1.960029E-5
6.649335E1	-1.872338E-5	-1.957363E-5
6.659334E1	-1.880310E-5	-1.939722E-5
6.669333E1	-1.904859E-5	-1.940171E-5
6.679332E1	-1.934357E-5	-1.946903E-5
6.689331E1	-1.948994E-5	-1.984076E-5
6.699330E1	-1.935540E-5	-1.998617E-5
6.709329E1	-1.906939E-5	-2.001446E-5
6.719328E1	-1.897936E-5	-2.014962E-5
6.729327E1	-1.905442E-5	-2.022952E-5
6.739326E1	-1.913548E-5	-2.050578E-5
6.749325E1	-1.925287E-5	-2.037131E-5
6.759324E1	-1.939450E-5	-2.068748E-5
6.769323E1	-1.923920E-5	-2.076428E-5
6.779322E1	-1.903292E-5	-2.076041E-5
6.789321E1	-1.904875E-5	-2.046389E-5
6.799320E1	-1.905274E-5	-2.054552E-5
6.809319E1	-1.924014E-5	-2.046406E-5
6.819318E1	-1.949844E-5	-2.046587E-5
6.829317E1	-1.958955E-5	-2.078360E-5
6.839316E1	-1.954759E-5	-2.095719E-5
6.849315E1	-1.956071E-5	-2.075215E-5
6.859314E1	-1.968868E-5	-2.053355E-5
6.869313E1	-1.984920E-5	-2.045573E-5
6.879312E1	-2.002172E-5	-2.045575E-5
6.889311E1	-1.989440E-5	-2.047773E-5
6.899310E1	-1.979942E-5	-2.052626E-5
6.909309E1	-1.985031E-5	-2.039650E-5
6.919308E1	-1.976238E-5	-2.049078E-5
6.929307E1	-1.985617E-5	-2.052388E-5
6.939306E1	-1.988847E-5	-2.075379E-5
6.949305E1	-1.970448E-5	-2.081336E-5
6.959304E1	-1.960827E-5	-2.079753E-5
6.969303E1	-1.944085E-5	-2.101011E-5
6.979302E1	-1.947804E-5	-2.102618E-5
6.989301E1	-1.950099E-5	-2.107887E-5
6.999300E1	-1.941428E-5	-2.099897E-5
7.009299E1	-1.943250E-5	-2.098935E-5
7.019298E1	-1.974936E-5	-2.115675E-5
7.029297E1	-1.979537E-5	-2.128775E-5
7.039296E1	-1.985521E-5	-2.115664E-5
7.049295E1	-1.982883E-5	-2.115702E-5
7.059294E1	-1.971752E-5	-2.145225E-5
7.069293E1	-1.959215E-5	-2.159548E-5
7.079292E1	-1.963434E-5	-2.172388E-5
7.089291E1	-1.974527E-5	-2.192534E-5
7.099290E1	-1.977646E-5	-2.199306E-5
7.109289E1	-1.994528E-5	-2.209665E-5
7.119288E1	-2.012655E-5	-2.213001E-5
7.129287E1	-2.004481E-5	-2.219185E-5
7.139286E1	-2.024623E-5	-2.197820E-5
7.149285E1	-2.022154E-5	-2.186135E-5
7.159284E1	-2.008652E-5	-2.160495E-5
7.169283E1	-1.990675E-5	-2.163167E-5
7.179282E1	-1.981713E-5	-2.175958E-5
7.189281E1	-1.988117E-5	-2.170999E-5
7.199280E1	-1.980857E-5	-2.160450E-5
7.209279E1	-1.961360E-5	-2.143363E-5
7.219278E1	-1.987336E-5	-2.133548E-5
7.229277E1	-1.997629E-5	-2.151057E-5
7.239276E1	-2.002125E-5	-2.156382E-5
7.249275E1	-2.020828E-5	-2.138268E-5
7.259274E1	-2.016478E-5	-2.137992E-5
7.269273E1	-2.003529E-5	-2.123442E-5
7.279272E1	-2.007657E-5	-2.121557E-5
7.289271E1	-1.997025E-5	-2.147648E-5
7.299270E1	-2.002603E-5	-2.168034E-5
7.309269E1	-2.020881E-5	-2.158561E-5
7.319268E1	-2.028030E-5	-2.156579E-5
7.329267E1	-2.041787E-5	-2.125198E-5
7.339266E1	-2.062714E-5	-2.131729E-5
7.349265E1	-2.046098E-5	-2.148209E-5
7.359264E1	-2.040036E-5	-2.129378E-5
7.369263E1	-2.044692E-5	-2.113913E-5
7.379262E1	-2.017210E-5	-2.083081E-5
7.389261E1	-2.014807E-5	-2.073030E-5
7.399260E1	-2.025481E-5	-2.070872E-5
7.409259E1	-2.016487E-5	-2.083162E-5
7.419258E1	-1.984244E-5	-2.087844E-5
7.429257E1	-1.997711E-5	-2.089601E-5
7.439256E1	-2.005863E-5	-2.095959E-5
7.449255E1	-1.969896E-5	-2.089851E-5
7.459254E1	-1.954533E-5	-2.089781E-5
7.469253E1	-1.922185E-5	-2.116066E-5
7.479252E1	-1.911357E-5	-2.150405E-5
7.489251E1	-1.891789E-5	-2.177462E-5
7.499250E1	-1.853384E-5	-2.172684E-5
7.509249E1	-1.859510E-5	-2.173054E-5
7.519248E1	-1.841219E-5	-2.176465E-5
7.529247E1	-1.830577E-5	-2.194894E-5
7.539246E1	-1.841430E-5	-2.191328E-5
7.549245E1	-1.839073E-5	-2.191814E-5
7.559244E1	-1.836547E-5	-2.197482E-5
7.569243E1	-1.848414E-5	-2.205844E-5
7.579242E1	-1.849339E-5	-2.197825E-5
7.589241E1	-1.843709E-5	-2.190030E-5
7.599240E1	-1.830653E-5	-2.194848E-5
7.609239E1	-1.834723E-5	-2.206882E-5
7.619238E1	-1.835955E-5	-2.195334E-5
7.629237E1	-1.823537E-5	-2.188897E-5
7.639236E1	-1.841990E-5	-2.190204E-5
7.649235E1	-1.830556E-5	-2.168987E-5
7.659234E1	-1.817542E-5	-2.141567E-5
7.669233E1	-1.823302E-5	-2.142500E-5
7.679232E1	-1.825685E-5	-2.144879E-5
7.689231E1	-1.800044E-5	-2.146952E-5
7.699230E1	-1.788932E-5	-2.150012E-5
7.709229E1	-1.798578E-5	-2.172066E-5
7.719228E1	-1.803085E-5	-2.149630E-5
7.729227E1	-1.808709E-5	-2.149846E-5
7.739226E1	-1.806640E-5	-2.144420E-5
7.749225E1	-1.802909E-5	-2.165809E-5
7.759224E1	-1.799866E-5	-2.171261E-5
7.769223E1	-1.773713E-5	-2.182198E-5
7.779222E1	-1.769699E-5	-2.194283E-5
7.789221E1	-1.758109E-5	-2.211392E-5
7.799220E1	-1.737429E-5	-2.218330E-5
7.809219E1	-1.762338E-5	-2.210844E-5
7.819218E1	-1.773486E-5	-2.200419E-5
7.829217E1	-1.751973E-5	-2.202186E-5
7.839216E1	-1.752304E-5	-2.215506E-5
7.849215E1	-1.750650E-5	-2.243504E-5
7.859214E1	-1.732888E-5	-2.259485E-5
7.869213E1	-1.701982E-5	-2.269200E-5
7.879212E1	-1.682196E-5	-2.260699E-5
7.889211E1	-1.688580E-5	-2.258064E-5
7.899210E1	-1.708854E-5	-2.234506E-5
7.909209E1	-1.709093E-5	-2.223431E-5
7.919208E1	-1.717010E-5	-2.234820E-5
7.929207E1	-1.708500E-5	-2.237273E-5
7.939206E1	-1.712505E-5	-2.238861E-5
7.949205E1	-1.719575E-5	-2.212297E-5
7.959204E1	-1.728455E-5	-2.183357E-5
7.969203E1	-1.735403E-5	-2.193761E-5
7.979202E1	-1.724342E-5	-2.175581E-5
7.989201E1	-1.726509E-5	-2.150020E-5
7.999200E1	-1.723933E-5	-2.149821E-5
8.009199E1	-1.694761E-5	-2.173158E-5
8.019198E1	-1.710725E-5	-2.167347E-5
8.029197E1	-1.685128E-5	-2.142384E-5
8.039196E1	-1.676220E-5	-2.141885E-5
8.049195E1	-1.686718E-5	-2.151087E-5
8.059194E1	-1.682350E-5	-2.145714E-5
8.069193E1	-1.670921E-5	-2.143376E-5
8.079192E1	-1.636090E-5	-2.141648E-5
8.089191E1	-1.641981E-5	-2.124358E-5
8.099190E1	-1.637276E-5	-2.124440E-5
8.109189E1	-1.639525E-5	-2.125087E-5
8.119188E1	-1.643038E-5	-2.125507E-5
8.129187E1	-1.644782E-5	-2.138217E-5
8.139186E1	-1.653977E-5	-2.122067E-5
8.149185E1	-1.635615E-5	-2.104436E-5
8.159184E1	-1.634235E-5	-2.110665E-5
8.169183E1	-1.652263E-5	-2.097479E-5
8.179182E1	-1.674252E-5	-2.094168E-5
8.189181E1	-1.657704E-5	-2.111443E-5
8.199180E1	-1.639534E-5	-2.108422E-5
8.209179E1	-1.635635E-5	-2.100533E-5
8.219178E1	-1.640102E-5	-2.100626E-5
8.229177E1	-1.644914E-5	-2.090818E-5
8.239176E1	-1.657171E-5	-2.078877E-5
8.249175E1	-1.657883E-5	-2.063678E-5
8.259174E1	-1.658654E-5	-2.067226E-5
8.269173E1	-1.659697E-5	-2.067908E-5
8.279172E1	-1.662855E-5	-2.057008E-5
8.289171E1	-1.663122E-5	-2.061915E-5
8.299170E1	-1.664537E-5	-2.056629E-5
8.309169E1	-1.660424E-5	-2.068101E-5
8.319168E1	-1.638527E-5	-2.069262E-5
8.329167E1	-1.627709E-5	-2.061510E-5
8.339166E1	-1.625128E-5	-2.072709E-5
8.349165E1	-1.619678E-5	-2.097048E-5
8.359164E1	-1.629407E-5	-2.089597E-5
8.369163E1	-1.631351E-5	-2.110894E-5
8.379162E1	-1.650678E-5	-2.114742E-5
8.389161E1	-1.669417E-5	-2.117297E-5
8.399160E1	-1.692984E-5	-2.112488E-5
8.409159E1	-1.715069E-5	-2.105912E-5
8.419158E1	-1.715519E-5	-2.115826E-5
8.429157E1	-1.724709E-5	-2.106061E-5
8.439156E1	-1.711328E-5	-2.103319E-5
8.449155E1	-1.719059E-5	-2.087452E-5
8.459154E1	-1.743963E-5	-2.090637E-5
8.469153E1	-1.740136E-5	-2.089663E-5
8.479152E1	-1.751556E-5	-2.053163E-5
8.489151E1	-1.747839E-5	-2.051697E-5
8.499150E1	-1.739736E-5	-2.041503E-5
8.509149E1	-1.737672E-5	-2.025602E-5
8.519148E1	-1.741612E-5	-1.997493E-5
8.529147E1	-1.754761E-5	-1.993520E-5
8.539146E1	-1.797722E-5	-1.968158E-5
8.549145E1	-1.831920E-5	-1.942786E-5
8.559144E1	-1.837551E-5	-1.918265E-5
8.569143E1	-1.829344E-5	-1.924760E-5
8.579142E1	-1.807185E-5	-1.923656E-5
8.589141E1	-1.815823E-5	-1.912946E-5
8.599140E1	-1.829730E-5	-1.895897E-5
8.609139E1	-1.827676E-5	-1.896492E-5
8.619138E1	-1.826684E-5	-1.906069E-5
8.629137E1	-1.830911E-5	-1.914235E-5
8.639136E1	-1.844076E-5	-1.925202E-5
8.649135E1	-1.844066E-5	-1.925448E-5
8.659134E1	-1.856800E-5	-1.933740E-5
8.669133E1	-1.880218E-5	-1.931926E-5
8.679132E1	-1.902537E-5	-1.959271E-5
8.689131E1	-1.928275E-5	-1.974270E-5
8.699130E1	-1.944380E-5	-2.001408E-5
8.709129E1	-1.929670E-5	-2.023399E-5
8.719128E1	-1.930139E-5	-2.039925E-5
8.729127E1	-1.928000E-5	-2.047630E-5
8.739126E1	-1.919699E-5	-2.072547E-5
8.749125E1	-1.919987E-5	-2.075197E-5
8.759124E1	-1.923771E-5	-2.076613E-5
8.769123E1	-1.945237E-5	-2.071125E-5
8.779122E1	-1.976347E-5	-2.069804E-5
8.789121E1	-1.999502E-5	-2.044835E-5
8.799120E1	-2.009788E-5	-2.037417E-5
8.809119E1	-1.998143E-5	-2.054106E-5
8.819118E1	-1.996862E-5	-2.068840E-5
8.829117E1	-1.998008E-5	-2.051928E-5
8.839116E1	-1.996634E-5	-2.028030E-5
8.849115E1	-1.991786E-5	-2.036151E-5
8.859114E1	-1.979767E-5	-1.988936E-5
8.869113E1	-1.997504E-5	-1.946060E-5
8.879112E1	-2.041031E-5	-1.920841E-5
8.889111E1	-2.056516E-5	-1.919946E-5
8.899110E1	-2.048376E-5	-1.939844E-5
8.909109E1	-2.050150E-5	-1.929193E-5
8.919108E1	-2.047099E-5	-1.931702E-5
8.929107E1	-2.017605E-5	-1.928768E-5
8.939106E1	-1.998922E-5	-1.926552E-5
8.949105E1	-1.998959E-5	-1.934584E-5
8.959104E1	-2.025156E-5	-1.904310E-5
8.969103E1	-2.046714E-5	-1.895242E-5
8.979102E1	-2.036095E-5	-1.920597E-5
8.989101E1	-2.031355E-5	-1.914331E-5
8.999100E1	-2.035939E-5	-1.896722E-5
9.009099E1	-2.033204E-5	-1.862497E-5
9.019098E1	-2.037941E-5	-1.861563E-5
9.029097E1	-2.021246E-5	-1.856461E-5
9.039096E1	-2.023406E-5	-1.854607E-5
9.049095E1	-2.031666E-5	-1.834819E-5
9.059094E1	-2.013016E-5	-1.860625E-5
9.069093E1	-1.984079E-5	-1.858845E-5
9.079092E1	-1.994506E-5	-1.854085E-5
9.089091E1	-1.958093E-5	-1.855248E-5
9.099090E1	-1.950132E-5	-1.869272E-5
9.109089E1	-1.977853E-5	-1.854055E-5
9.119088E1	-1.986033E-5	-1.841343E-5
9.129087E1	-1.992648E-5	-1.838043E-5
9.139086E1	-2.014254E-5	-1.830314E-5
9.149085E1	-2.022542E-5	-1.819539E-5
9.159084E1	-2.032193E-5	-1.816587E-5
9.169083E1	-2.001721E-5	-1.808224E-5
9.179082E1	-2.003669E-5	-1.796161E-5
9.189081E1	-2.018500E-5	-1.796160E-5
9.199080E1	-2.005630E-5	-1.767080E-5
9.209079E1	-1.986834E-5	-1.764789E-5
9.219078E1	-1.989872E-5	-1.742844E-5
9.229077E1	-1.982699E-5	-1.696214E-5
9.239076E1	-1.980754E-5	-1.690155E-5
9.249075E1	-1.964466E-5	-1.689275E-5
9.259074E1	-1.943423E-5	-1.679523E-5
9.269073E1	-1.907031E-5	-1.686098E-5
9.279072E1	-1.908798E-5	-1.643791E-5
9.289071E1	-1.913638E-5	-1.666944E-5
9.299070E1	-1.901816E-5	-1.681736E-5
9.309069E1	-1.866870E-5	-1.688101E-5
9.319068E1	-1.836516E-5	-1.711748E-5
9.329067E1	-1.808073E-5	-1.705515E-5
9.339066E1	-1.793418E-5	-1.691561E-5
9.349065E1	-1.779865E-5	-1.660309E-5
9.359064E1	-1.740479E-5	-1.650045E-5
9.369063E1	-1.756301E-5	-1.645907E-5
9.379062E1	-1.728545E-5	-1.640351E-5
9.389061E1	-1.716751E-5	-1.629082E-5
9.399060E1	-1.715036E-5	-1.633396E-5
9.409059E1	-1.717239E-5	-1.619043E-5
9.419058E1	-1.732431E-5	-1.596931E-5
9.429057E1	-1.743853E-5	-1.583149E-5
9.439056E1	-1.742227E-5	-1.574035E-5
9.449055E1	-1.755415E-5	-1.569663E-5
9.459054E1	-1.737802E-5	-1.562700E-5
9.469053E1	-1.739860E-5	-1.538020E-5
9.479052E1	-1.738733E-5	-1.523587E-5
9.489051E1	-1.726875E-5	-1.541441E-5
9.499050E1	-1.731139E-5	-1.558834E-5
9.509049E1	-1.743286E-5	-1.553209E-5
9.519048E1	-1.741757E-5	-1.572741E-5
9.529047E1	-1.745364E-5	-1.579358E-5
9.539046E1	-1.748090E-5	-1.571689E-5
9.549045E1	-1.745454E-5	-1.564299E-5
9.559044E1	-1.767174E-5	-1.576225E-5
9.569043E1	-1.764873E-5	-1.590141E-5
9.579042E1	-1.753042E-5	-1.580409E-5
9.589041E1	-1.760789E-5	-1.577118E-5
9.599040E1	-1.741305E-5	-1.596495E-5
9.609039E1	-1.720157E-5	-1.593289E-5
9.619038E1	-1.697356E-5	-1.583015E-5
9.629037E1	-1.666386E-5	-1.583230E-5
9.639036E1	-1.668215E-5	-1.590183E-5
9.649035E1	-1.663505E-5	-1.578845E-5
9.659034E1	-1.648205E-5	-1.578487E-5
9.669033E1	-1.649362E-5	-1.588935E-5
9.679032E1	-1.654727E-5	-1.602438E-5
9.689031E1	-1.668585E-5	-1.615573E-5
9.699030E1	-1.651314E-5	-1.607781E-5
9.709029E1	-1.632208E-5	-1.614498E-5
9.719028E1	-1.643197E-5	-1.608640E-5
9.729027E1	-1.641494E-5	-1.602295E-5
9.739026E1	-1.622880E-5	-1.613671E-5
9.749025E1	-1.616897E-5	-1.634567E-5
9.759024E1	-1.602468E-5	-1.631695E-5
9.769023E1	-1.581346E-5	-1.617428E-5
9.779022E1	-1.594700E-5	-1.612193E-5
9.789021E1	-1.597475E-5	-1.620790E-5
9.799020E1	-1.613815E-5	-1.633229E-5
9.809019E1	-1.616141E-5	-1.637846E-5
9.819018E1	-1.598270E-5	-1.643110E-5
9.829017E1	-1.604268E-5	-1.655309E-5
9.839016E1	-1.602244E-5	-1.663384E-5
9.849015E1	-1.600684E-5	-1.656401E-5
9.859014E1	-1.612935E-5	-1.656365E-5
9.869013E1	-1.620870E-5	-1.649736E-5
9.879012E1	-1.601756E-5	-1.657084E-5
9.889011E1	-1.585147E-5	-1.655437E-5
9.899010E1	-1.579595E-5	-1.647048E-5
9.909009E1	-1.553274E-5	-1.654540E-5
9.919008E1	-1.531683E-5	-1.655760E-5
9.929007E1	-1.534915E-5	-1.676077E-5
9.939006E1	-1.553673E-5	-1.659052E-5
9.949005E1	-1.566034E-5	-1.643505E-5
9.959004E1	-1.548576E-5	-1.649827E-5
9.969003E1	-1.535695E-5	-1.651844E-5
9.979002E1	-1.520915E-5	-1.634453E-5
9.989001E1	-1.504875E-5	-1.625536E-5
9.999000E1	-1.525256E-5	-1.638130E-5
1.000900E2	-1.507603E-5	-1.644727E-5
1.001900E2	-1.483692E-5	-1.636856E-5
1.002900E2	-1.483351E-5	-1.620882E-5
1.003900E2	-1.473157E-5	-1.610125E-5
1.004900E2	-1.480074E-5	-1.615311E-5
1.005899E2	-1.483472E-5	-1.604930E-5
1.006899E2	-1.516137E-5	-1.604284E-5
1.007899E2	-1.534914E-5	-1.604191E-5
1.008899E2	-1.531278E-5	-1.584698E-5
1.009899E2	-1.529268E-5	-1.572083E-5
1.010899E2	-1.533443E-5	-1.562328E-5
1.011899E2	-1.533245E-5	-1.575153E-5
1.012899E2	-1.525205E-5	-1.581717E-5
1.013899E2	-1.514876E-5	-1.569166E-5
1.014899E2	-1.517154E-5	-1.593946E-5
1.015898E2	-1.515428E-5	-1.612476E-5
1.016898E2	-1.501719E-5	-1.648888E-5
1.017898E2	-1.507873E-5	-1.640859E-5
1.018898E2	-1.513119E-5	-1.621517E-5
1.019898E2	-1.510306E-5	-1.611779E-5
1.020898E2	-1.495024E-5	-1.587292E-5
1.021898E2	-1.509274E-5	-1.582600E-5
1.022898E2	-1.513437E-5	-1.590191E-5
1.023898E2	-1.515919E-5	-1.593480E-5
1.024898E2	-1.509428E-5	-1.586678E-5
1.025897E2	-1.490859E-5	-1.579631E-5
1.026897E2	-1.472160E-5	-1.567832E-5
1.027897E2	-1.454618E-5	-1.571447E-5
1.028897E2	-1.443440E-5	-1.575301E-5
1.029897E2	-1.443399E-5	-1.571037E-5
1.030897E2	-1.488286E-5	-1.540488E-5
1.031897E2	-1.502515E-5	-1.526769E-5
1.032897E2	-1.503810E-5	-1.520713E-5
1.033897E2	-1.494063E-5	-1.506795E-5
1.034897E2	-1.521793E-5	-1.518609E-5
1.035896E2	-1.525019E-5	-1.530979E-5
1.036896E2	-1.529969E-5	-1.541492E-5
1.037896E2	-1.523538E-5	-1.511198E-5
1.038896E2	-1.521059E-5	-1.486041E-5
1.039896E2	-1.525202E-5	-1.482863E-5
1.040896E2	-1.527119E-5	-1.485625E-5
1.041896E2	-1.536675E-5	-1.490040E-5
1.042896E2	-1.553326E-5	-1.491265E-5
1.043896E2	-1.564999E-5	-1.492154E-5
1.044896E2	-1.593606E-5	-1.513236E-5
1.045895E2	-1.624843E-5	-1.530815E-5
1.046895E2	-1.642044E-5	-1.516121E-5
1.047895E2	-1.627608E-5	-1.525577E-5
1.048895E2	-1.612397E-5	-1.530166E-5
1.049895E2	-1.605097E-5	-1.547686E-5
1.050895E2	-1.590159E-5	-1.550996E-5
1.051895E2	-1.582117E-5	-1.555611E-5
1.052895E2	-1.616465E-5	-1.536458E-5
1.053895E2	-1.645297E-5	-1.530356E-5
1.054895E2	-1.650266E-5	-1.527861E-5
1.055894E2	-1.643987E-5	-1.512014E-5
1.056894E2	-1.625754E-5	-1.529290E-5
1.057894E2	-1.620001E-5	-1.525063E-5
1.058894E2	-1.597380E-5	-1.508925E-5
1.059894E2	-1.571565E-5	-1.510132E-5
1.060894E2	-1.530566E-5	-1.496487E-5
1.061894E2	-1.511411E-5	-1.488186E-5
1.062894E2	-1.509474E-5	-1.506910E-5
1.063894E2	-1.509482E-5	-1.508108E-5
1.064894E2	-1.525969E-5	-1.514511E-5
1.065893E2	-1.547230E-5	-1.517987E-5
1.066893E2	-1.561603E-5	-1.501561E-5
1.067893E2	-1.576559E-5	-1.497855E-5
1.068893E2	-1.598289E-5	-1.487815E-5
1.069893E2	-1.600323E-5	-1.487067E-5
1.070893E2	-1.620368E-5	-1.488975E-5
1.071893E2	-1.614528E-5	-1.493810E-5
1.072893E2	-1.611325E-5	-1.516902E-5
1.073893E2	-1.626738E-5	-1.529353E-5
1.074893E2	-1.631126E-5	-1.519966E-5
1.075892E2	-1.660272E-5	-1.541480E-5
1.076892E2	-1.660050E-5	-1.568833E-5
1.077892E2	-1.682879E-5	-1.558010E-5
1.078892E2	-1.712841E-5	-1.553061E-5
1.079892E2	-1.714977E-5	-1.547415E-5
1.080892E2	-1.716490E-5	-1.546588E-5
1.081892E2	-1.717461E-5	-1.547659E-5
1.082892E2	-1.746203E-5	-1.527751E-5
1.083892E2	-1.758797E-5	-1.524803E-5
1.084892E2	-1.768060E-5	-1.519439E-5
1.085891E2	-1.729958E-5	-1.517169E-5
1.086891E2	-1.688168E-5	-1.504998E-5
1.087891E2	-1.664034E-5	-1.508017E-5
1.088891E2	-1.671313E-5	-1.499934E-5
1.089891E2	-1.653183E-5	-1.472860E-5
1.090891E2	-1.639327E-5	-1.457095E-5
1.091891E2	-1.658779E-5	-1.465944E-5
1.092891E2	-1.682455E-5	-1.478490E-5
1.093891E2	-1.683935E-5	-1.490958E-5
1.094891E2	-1.676360E-5	-1.503213E-5
1.095890E2	-1.674699E-5	-1.510302E-5
1.096890E2	-1.679997E-5	-1.530183E-5
1.097890E2	-1.670580E-5	-1.526876E-5
1.098890E2	-1.667894E-5	-1.516611E-5
1.099890E2	-1.660162E-5	-1.518340E-5
1.100890E2	-1.670159E-5	-1.529636E-5
1.101890E2	-1.687212E-5	-1.552981E-5
1.102890E2	-1.695027E-5	-1.545028E-5
1.103890E2	-1.702031E-5	-1.540345E-5
1.104890E2	-1.697839E-5	-1.528015E-5
1.105889E2	-1.711922E-5	-1.493456E-5
1.106889E2	-1.731969E-5	-1.491045E-5
1.107889E2	-1.715590E-5	-1.477725E-5
1.108889E2	-1.698115E-5	-1.472282E-5
1.109889E2	-1.685551E-5	-1.472905E-5
1.110889E2	-1.680925E-5	-1.497655E-5
1.111889E2	-1.692579E-5	-1.507975E-5
1.112889E2	-1.702610E-5	-1.508454E-5
1.113889E2	-1.708463E-5	-1.495016E-5
1.114889E2	-1.724173E-5	-1.496556E-5
1.115888E2	-1.726129E-5	-1.492662E-5
1.116888E2	-1.699424E-5	-1.495615E-5
1.117888E2	-1.697516E-5	-1.499951E-5
1.118888E2	-1.699720E-5	-1.492595E-5
1.119888E2	-1.670650E-5	-1.511760E-5
1.120888E2	-1.624703E-5	-1.540784E-5
1.121888E2	-1.639004E-5	-1.551874E-5
1.122888E2	-1.625894E-5	-1.540348E-5
1.123888E2	-1.614486E-5	-1.539018E-5
1.124888E2	-1.615719E-5	-1.529904E-5
1.125887E2	-1.624609E-5	-1.539925E-5
1.126887E2	-1.609016E-5	-1.565945E-5
1.127887E2	-1.607345E-5	-1.590603E-5
1.128887E2	-1.620166E-5	-1.583256E-5
1.129887E2	-1.618965E-5	-1.567042E-5
1.130887E2	-1.612594E-5	-1.549386E-5
1.131887E2	-1.632317E-5	-1.554143E-5
1.132887E2	-1.659956E-5	-1.550931E-5
1.133887E2	-1.687268E-5	-1.558048E-5
1.134887E2	-1.699346E-5	-1.520837E-5
1.135886E2	-1.710781E-5	-1.521307E-5
1.136886E2	-1.705533E-5	-1.556042E-5
1.137886E2	-1.696964E-5	-1.552856E-5
1.138886E2	-1.683843E-5	-1.547966E-5
1.139886E2	-1.670942E-5	-1.550326E-5
1.140886E2	-1.655339E-5	-1.547297E-5
1.141886E2	-1.650159E-5	-1.544911E-5
1.142886E2	-1.661960E-5	-1.554422E-5
1.143886E2	-1.662723E-5	-1.578602E-5
1.144886E2	-1.658979E-5	-1.613992E-5
1.145885E2	-1.688959E-5	-1.644885E-5
1.146885E2	-1.681796E-5	-1.655749E-5
1.147885E2	-1.709264E-5	-1.641853E-5
1.148885E2	-1.701533E-5	-1.632337E-5
1.149885E2	-1.713194E-5	-1.614225E-5
1.150885E2	-1.729304E-5	-1.596635E-5
1.151885E2	-1.730860E-5	-1.565692E-5
1.152885E2	-1.733981E-5	-1.565662E-5
1.153885E2	-1.734859E-5	-1.564876E-5
1.154885E2	-1.739251E-5	-1.568212E-5
1.155884E2	-1.751180E-5	-1.571680E-5
1.156884E2	-1.733294E-5	-1.594687E-5
1.157884E2	-1.706722E-5	-1.590256E-5
1.158884E2	-1.686264E-5	-1.589456E-5
1.159884E2	-1.680124E-5	-1.588713E-5
1.160884E2	-1.672124E-5	-1.589355E-5
1.161884E2	-1.661471E-5	-1.598381E-5
1.162884E2	-1.673395E-5	-1.591642E-5
1.163884E2	-1.706480E-5	-1.588540E-5
1.164884E2	-1.709906E-5	-1.594408E-5
1.165883E2	-1.687119E-5	-1.580058E-5
1.166883E2	-1.696554E-5	-1.568363E-5
1.167883E2	-1.701324E-5	-1.554249E-5
1.168883E2	-1.685967E-5	-1.555795E-5
1.169883E2	-1.675213E-5	-1.554635E-5
1.170883E2	-1.687702E-5	-1.578916E-5
1.171883E2	-1.681712E-5	-1.597740E-5
1.172883E2	-1.674056E-5	-1.579328E-5
1.173883E2	-1.675552E-5	-1.573001E-5
1.174883E2	-1.678561E-5	-1.564478E-5
1.175882E2	-1.695803E-5	-1.556461E-5
1.176882E2	-1.705839E-5	-1.556033E-5
1.177882E2	-1.719540E-5	-1.557547E-5
1.178882E2	-1.727576E-5	-1.547791E-5
1.179882E2	-1.751510E-5	-1.549278E-5
1.180882E2	-1.755035E-5	-1.546112E-5
1.181882E2	-1.755683E-5	-1.536882E-5
1.182882E2	-1.738905E-5	-1.556795E-5
1.183882E2	-1.721063E-5	-1.559762E-5
1.184882E2	-1.728867E-5	-1.569796E-5
1.185881E2	-1.706249E-5	-1.565671E-5
1.186881E2	-1.683711E-5	-1.563082E-5
1.187881E2	-1.681482E-5	-1.565971E-5
1.188881E2	-1.692074E-5	-1.569786E-5
1.189881E2	-1.703605E-5	-1.583630E-5
1.190881E2	-1.718138E-5	-1.605278E-5
1.191881E2	-1.737718E-5	-1.641192E-5
1.192881E2	-1.747546E-5	-1.664528E-5
1.193881E2	-1.707535E-5	-1.675845E-5
1.194881E2	-1.697976E-5	-1.686064E-5
1.195880E2	-1.708719E-5	-1.693952E-5
1.196880E2	-1.748424E-5	-1.682214E-5
1.197880E2	-1.745805E-5	-1.681293E-5
1.198880E2	-1.717647E-5	-1.684480E-5
1.199880E2	-1.712277E-5	-1.690716E-5
1.200880E2	-1.711610E-5	-1.688847E-5
1.201880E2	-1.741606E-5	-1.693780E-5
1.202880E2	-1.755589E-5	-1.711615E-5
1.203880E2	-1.768580E-5	-1.705846E-5
1.204880E2	-1.778551E-5	-1.735319E-5
1.205879E2	-1.773654E-5	-1.727725E-5
1.206879E2	-1.769480E-5	-1.713698E-5
1.207879E2	-1.772240E-5	-1.726096E-5
1.208879E2	-1.774847E-5	-1.745031E-5
1.209879E2	-1.759386E-5	-1.744396E-5
1.210879E2	-1.782390E-5	-1.742183E-5
1.211879E2	-1.782892E-5	-1.714377E-5
1.212879E2	-1.783267E-5	-1.685944E-5
1.213879E2	-1.815753E-5	-1.674439E-5
1.214879E2	-1.794437E-5	-1.686075E-5
1.215878E2	-1.771840E-5	-1.711311E-5
1.216878E2	-1.769090E-5	-1.712611E-5
1.217878E2	-1.777609E-5	-1.701023E-5
1.218878E2	-1.772268E-5	-1.673797E-5
1.219878E2	-1.784065E-5	-1.644152E-5
1.220878E2	-1.786019E-5	-1.633668E-5
1.221878E2	-1.777928E-5	-1.641483E-5
1.222878E2	-1.789931E-5	-1.648026E-5
1.223878E2	-1.793932E-5	-1.656666E-5
1.224878E2	-1.796198E-5	-1.674761E-5
1.225877E2	-1.789362E-5	-1.696733E-5
1.226877E2	-1.790553E-5	-1.693997E-5
1.227877E2	-1.825853E-5	-1.677873E-5
1.228877E2	-1.849523E-5	-1.682928E-5
1.229877E2	-1.832813E-5	-1.701690E-5
1.230877E2	-1.847750E-5	-1.702946E-5
1.231877E2	-1.863526E-5	-1.718007E-5
1.232877E2	-1.862502E-5	-1.696011E-5
1.233877E2	-1.882835E-5	-1.702707E-5
1.234877E2	-1.882434E-5	-1.711533E-5
1.235876E2	-1.888011E-5	-1.707791E-5
1.236876E2	-1.888378E-5	-1.715789E-5
1.237876E2	-1.882942E-5	-1.724718E-5
1.238876E2	-1.887517E-5	-1.736267E-5
1.239876E2	-1.882330E-5	-1.742249E-5
1.240876E2	-1.875244E-5	-1.763500E-5
1.241876E2	-1.884595E-5	-1.747967E-5
1.242876E2	-1.871032E-5	-1.749124E-5
1.243876E2	-1.865094E-5	-1.732321E-5
1.244876E2	-1.861506E-5	-1.736566E-5
1.245875E2	-1.847212E-5	-1.752305E-5
1.246875E2	-1.859047E-5	-1.746584E-5
1.247875E2	-1.858661E-5	-1.716235E-5
1.248875E2	-1.854331E-5	-1.731866E-5
1.249875E2	-1.854279E-5	-1.711562E-5
1.250875E2	-1.862682E-5	-1.691741E-5
1.251875E2	-1.872035E-5	-1.663472E-5
1.252875E2	-1.890957E-5	-1.686043E-5
1.253875E2	-1.904029E-5	-1.687569E-5
1.254875E2	-1.905048E-5	-1.674474E-5
1.255874E2	-1.906459E-5	-1.683068E-5
1.256874E2	-1.899488E-5	-1.691144E-5
1.257874E2	-1.897808E-5	-1.694408E-5
1.258874E2	-1.916633E-5	-1.705532E-5
1.259874E2	-1.923116E-5	-1.712395E-5
1.260874E2	-1.891411E-5	-1.705544E-5
1.261874E2	-1.885960E-5	-1.709053E-5
1.262874E2	-1.900473E-5	-1.726399E-5
1.263874E2	-1.912185E-5	-1.725913E-5
1.264874E2	-1.929407E-5	-1.721194E-5
1.265873E2	-1.960649E-5	-1.713062E-5
1.266873E2	-1.985196E-5	-1.710015E-5
1.267873E2	-2.010817E-5	-1.713435E-5
1.268873E2	-2.015635E-5	-1.727481E-5
1.269873E2	-2.012534E-5	-1.713037E-5
1.270873E2	-2.018698E-5	-1.709622E-5
1.271873E2	-2.041248E-5	-1.704508E-5
1.272873E2	-2.029128E-5	-1.719104E-5
1.273873E2	-2.030039E-5	-1.729621E-5
1.274873E2	-2.046863E-5	-1.728113E-5
1.275872E2	-2.049789E-5	-1.729351E-5
1.276872E2	-2.027069E-5	-1.728092E-5
1.277872E2	-2.026552E-5	-1.726432E-5
1.278872E2	-2.026453E-5	-1.726997E-5
1.279872E2	-2.041144E-5	-1.737705E-5
1.280872E2	-2.073426E-5	-1.749338E-5
1.281872E2	-2.073556E-5	-1.752242E-5
1.282872E2	-2.072467E-5	-1.758894E-5
1.283872E2	-2.074118E-5	-1.748870E-5
1.284872E2	-2.109753E-5	-1.755819E-5
1.285871E2	-2.114377E-5	-1.771968E-5
1.286871E2	-2.106348E-5	-1.791578E-5
1.287871E2	-2.113635E-5	-1.795705E-5
1.288871E2	-2.121900E-5	-1.824097E-5
1.289871E2	-2.136494E-5	-1.818676E-5
1.290871E2	-2.142385E-5	-1.804188E-5
1.291871E2	-2.140260E-5	-1.819883E-5
1.292871E2	-2.118091E-5	-1.838160E-5
1.293871E2	-2.123768E-5	-1.824346E-5
1.294871E2	-2.129515E-5	-1.785724E-5
1.295870E2	-2.144792E-5	-1.779460E-5
1.296870E2	-2.146078E-5	-1.792988E-5
1.297870E2	-2.161601E-5	-1.786401E-5
1.298870E2	-2.159681E-5	-1.790428E-5
1.299870E2	-2.139599E-5	-1.804551E-5
1.300870E2	-2.145227E-5	-1.806027E-5
1.301870E2	-2.148240E-5	-1.807384E-5
1.302870E2	-2.161041E-5	-1.810859E-5
1.303870E2	-2.160933E-5	-1.798795E-5
1.304870E2	-2.145487E-5	-1.784884E-5
1.305869E2	-2.119252E-5	-1.804238E-5
1.306869E2	-2.098815E-5	-1.812567E-5
1.307869E2	-2.099823E-5	-1.824251E-5
1.308869E2	-2.098712E-5	-1.840115E-5
1.309869E2	-2.082056E-5	-1.846231E-5
1.310869E2	-2.058653E-5	-1.836867E-5
1.311869E2	-2.058149E-5	-1.845531E-5
1.312869E2	-2.063964E-5	-1.843065E-5
1.313869E2	-2.073661E-5	-1.852380E-5
1.314869E2	-2.058217E-5	-1.865691E-5
1.315868E2	-2.045642E-5	-1.858042E-5
1.316868E2	-2.038366E-5	-1.828950E-5
1.317868E2	-2.023595E-5	-1.824061E-5
1.318868E2	-2.025777E-5	-1.795044E-5
1.319868E2	-2.023368E-5	-1.783128E-5
1.320868E2	-2.038612E-5	-1.796753E-5
1.321868E2	-2.048829E-5	-1.796490E-5
1.322868E2	-2.063727E-5	-1.771027E-5
1.323868E2	-2.084738E-5	-1.767721E-5
1.324868E2	-2.060313E-5	-1.759616E-5
1.325867E2	-2.046948E-5	-1.735159E-5
1.326867E2	-2.031859E-5	-1.717576E-5
1.327867E2	-2.014491E-5	-1.711994E-5
1.328867E2	-2.009685E-5	-1.715939E-5
1.329867E2	-2.011984E-5	-1.703730E-5
1.330867E2	-2.013118E-5	-1.702812E-5
1.331867E2	-1.981622E-5	-1.702646E-5
1.332867E2	-1.959787E-5	-1.719746E-5
1.333867E2	-1.966602E-5	-1.688317E-5
1.334867E2	-1.983014E-5	-1.697407E-5
1.335866E2	-1.984794E-5	-1.679908E-5
1.336866E2	-1.980510E-5	-1.702780E-5
1.337866E2	-1.974213E-5	-1.723556E-5
1.338866E2	-1.982094E-5	-1.736883E-5
1.339866E2	-1.986259E-5	-1.735011E-5
1.340866E2	-1.986752E-5	-1.735167E-5
1.341866E2	-2.013033E-5	-1.739490E-5
1.342866E2	-2.012277E-5	-1.766570E-5
1.343866E2	-1.998735E-5	-1.767256E-5
1.344866E2	-2.007237E-5	-1.759675E-5
1.345865E2	-2.038467E-5	-1.765117E-5
1.346865E2	-2.043208E-5	-1.793098E-5
1.347865E2	-2.049293E-5	-1.786785E-5
1.348865E2	-2.048403E-5	-1.802933E-5
1.349865E2	-2.059796E-5	-1.811372E-5
1.350865E2	-2.058307E-5	-1.793725E-5
1.351865E2	-2.060136E-5	-1.789414E-5
1.352865E2	-2.082774E-5	-1.791563E-5
1.353865E2	-2.101102E-5	-1.806018E-5
1.354865E2	-2.103439E-5	-1.809702E-5
1.355864E2	-2.100791E-5	-1.810777E-5
1.356864E2	-2.110176E-5	-1.812785E-5
1.357864E2	-2.086427E-5	-1.809521E-5
1.358864E2	-2.101580E-5	-1.829842E-5
1.359864E2	-2.108406E-5	-1.835246E-5
1.360864E2	-2.125639E-5	-1.836168E-5
1.361864E2	-2.120813E-5	-1.813085E-5
1.362864E2	-2.111783E-5	-1.830810E-5
1.363864E2	-2.103010E-5	-1.878788E-5
1.364864E2	-2.093924E-5	-1.885433E-5
1.365863E2	-2.117021E-5	-1.891044E-5
1.366863E2	-2.118345E-5	-1.903309E-5
1.367863E2	-2.118924E-5	-1.904221E-5
1.368863E2	-2.100358E-5	-1.924071E-5
1.369863E2	-2.110321E-5	-1.924404E-5
1.370863E2	-2.111565E-5	-1.924421E-5
1.371863E2	-2.090946E-5	-1.901424E-5
1.372863E2	-2.093061E-5	-1.885799E-5
1.373863E2	-2.085232E-5	-1.858252E-5
1.374863E2	-2.101738E-5	-1.882239E-5
1.375862E2	-2.102177E-5	-1.890166E-5
1.376862E2	-2.110527E-5	-1.890370E-5
1.377862E2	-2.112394E-5	-1.883077E-5
1.378862E2	-2.107904E-5	-1.878095E-5
1.379862E2	-2.112951E-5	-1.900843E-5
1.380862E2	-2.118631E-5	-1.920506E-5
1.381862E2	-2.139048E-5	-1.927707E-5
1.382862E2	-2.142472E-5	-1.941373E-5
1.383862E2	-2.133258E-5	-1.946003E-5
1.384862E2	-2.143709E-5	-1.937165E-5
1.385861E2	-2.156044E-5	-1.921878E-5
1.386861E2	-2.153051E-5	-1.909890E-5
1.387861E2	-2.146856E-5	-1.915739E-5
1.388861E2	-2.141467E-5	-1.898013E-5
1.389861E2	-2.140110E-5	-1.898221E-5
1.390861E2	-2.137588E-5	-1.916244E-5
1.391861E2	-2.140537E-5	-1.932390E-5
1.392861E2	-2.166806E-5	-1.932851E-5
1.393861E2	-2.183073E-5	-1.924334E-5
1.394861E2	-2.192681E-5	-1.905881E-5
1.395860E2	-2.215724E-5	-1.893066E-5
1.396860E2	-2.224475E-5	-1.881928E-5
1.397860E2	-2.244510E-5	-1.873607E-5
1.398860E2	-2.219741E-5	-1.834827E-5
1.399860E2	-2.194106E-5	-1.826250E-5
1.400860E2	-2.182653E-5	-1.826923E-5
1.401860E2	-2.160593E-5	-1.808809E-5
1.402860E2	-2.148078E-5	-1.799172E-5
1.403860E2	-2.144162E-5	-1.794831E-5
1.404860E2	-2.132592E-5	-1.809798E-5
1.405859E2	-2.158200E-5	-1.813748E-5
1.406859E2	-2.163038E-5	-1.819778E-5
1.407859E2	-2.158128E-5	-1.831203E-5
1.408859E2	-2.142115E-5	-1.828104E-5
1.409859E2	-2.124726E-5	-1.805156E-5
1.410859E2	-2.129431E-5	-1.787605E-5
1.411859E2	-2.147499E-5	-1.798900E-5
1.412859E2	-2.146674E-5	-1.811055E-5
1.413859E2	-2.127059E-5	-1.809067E-5
1.414859E2	-2.130140E-5	-1.804902E-5
1.415858E2	-2.126372E-5	-1.812654E-5
1.416858E2	-2.127917E-5	-1.809894E-5
1.417858E2	-2.144285E-5	-1.820525E-5
1.418858E2	-2.127050E-5	-1.827369E-5
1.419858E2	-2.114439E-5	-1.833139E-5
1.420858E2	-2.114075E-5	-1.835897E-5
1.421858E2	-2.109681E-5	-1.838623E-5
1.422858E2	-2.118348E-5	-1.813852E-5
1.423858E2	-2.131059E-5	-1.809842E-5
1.424858E2	-2.113640E-5	-1.815031E-5
1.425857E2	-2.107298E-5	-1.824903E-5
1.426857E2	-2.094839E-5	-1.807382E-5
1.427857E2	-2.112432E-5	-1.764444E-5
1.428857E2	-2.118893E-5	-1.764910E-5
1.429857E2	-2.112236E-5	-1.749083E-5
1.430857E2	-2.111734E-5	-1.763168E-5
1.431857E2	-2.122844E-5	-1.767527E-5
1.432857E2	-2.102785E-5	-1.781787E-5
1.433857E2	-2.083845E-5	-1.756651E-5
1.434857E2	-2.079932E-5	-1.743470E-5
1.435856E2	-2.081239E-5	-1.742708E-5
1.436856E2	-2.071340E-5	-1.731703E-5
1.437856E2	-2.062423E-5	-1.733361E-5
1.438856E2	-2.059614E-5	-1.721498E-5
1.439856E2	-2.062378E-5	-1.738789E-5
1.440856E2	-2.068026E-5	-1.752828E-5
1.441856E2	-2.054395E-5	-1.738168E-5
1.442856E2	-2.035534E-5	-1.749753E-5
1.443856E2	-2.039342E-5	-1.756803E-5
1.444856E2	-2.028403E-5	-1.780276E-5
1.445855E2	-2.016852E-5	-1.805311E-5
1.446855E2	-2.028704E-5	-1.810433E-5
1.447855E2	-2.001580E-5	-1.826508E-5
1.448855E2	-2.014316E-5	-1.837894E-5
1.449855E2	-2.014235E-5	-1.833295E-5
1.450855E2	-2.021253E-5	-1.830592E-5
1.451855E2	-2.006009E-5	-1.853733E-5
1.452855E2	-2.001414E-5	-1.843210E-5
1.453855E2	-1.999261E-5	-1.810331E-5
1.454855E2	-1.994046E-5	-1.798424E-5
1.455854E2	-1.972587E-5	-1.803972E-5
1.456854E2	-1.966772E-5	-1.781244E-5
1.457854E2	-1.949462E-5	-1.758783E-5
1.458854E2	-1.956150E-5	-1.738100E-5
1.459854E2	-1.964689E-5	-1.731597E-5
1.460854E2	-1.968721E-5	-1.713636E-5
1.461854E2	-1.973394E-5	-1.731790E-5
1.462854E2	-1.978634E-5	-1.759435E-5
1.463854E2	-1.986522E-5	-1.764004E-5
1.464854E2	-1.988763E-5	-1.778637E-5
1.465853E2	-1.963387E-5	-1.771893E-5
1.466853E2	-1.954055E-5	-1.776334E-5
1.467853E2	-1.939904E-5	-1.768389E-5
1.468853E2	-1.923182E-5	-1.740698E-5
1.469853E2	-1.903344E-5	-1.743898E-5
1.470853E2	-1.924205E-5	-1.760888E-5
1.471853E2	-1.951169E-5	-1.768762E-5
1.472853E2	-1.957987E-5	-1.767593E-5
1.473853E2	-1.961865E-5	-1.762297E-5
1.474853E2	-1.977144E-5	-1.747848E-5
1.475852E2	-1.969403E-5	-1.746264E-5
1.476852E2	-1.977525E-5	-1.750159E-5
1.477852E2	-1.973488E-5	-1.729384E-5
1.478852E2	-1.971573E-5	-1.722186E-5
1.479852E2	-1.980810E-5	-1.710602E-5
1.480852E2	-1.997710E-5	-1.685356E-5
1.481852E2	-2.009982E-5	-1.670342E-5
1.482852E2	-2.015957E-5	-1.651661E-5
1.483852E2	-2.034480E-5	-1.649126E-5
1.484852E2	-2.044226E-5	-1.627978E-5
1.485851E2	-2.050038E-5	-1.612190E-5
1.486851E2	-2.056446E-5	-1.620131E-5
1.487851E2	-2.033072E-5	-1.613949E-5
1.488851E2	-2.040194E-5	-1.621794E-5
1.489851E2	-2.069146E-5	-1.620263E-5
1.490851E2	-2.075215E-5	-1.629805E-5
1.491851E2	-2.085156E-5	-1.643213E-5
1.492851E2	-2.089094E-5	-1.650003E-5
1.493851E2	-2.073859E-5	-1.642164E-5
1.494851E2	-2.060824E-5	-1.635352E-5
1.495850E2	-2.042256E-5	-1.613057E-5
1.496850E2	-2.050319E-5	-1.589922E-5
1.497850E2	-2.061730E-5	-1.589582E-5
1.498850E2	-2.065534E-5	-1.609743E-5
1.499850E2	-2.046766E-5	-1.615642E-5
1.500850E2	-2.046567E-5	-1.604956E-5
1.501850E2	-2.020333E-5	-1.597268E-5
1.502850E2	-1.999214E-5	-1.584300E-5
1.503850E2	-1.993997E-5	-1.601124E-5
1.504850E2	-1.986874E-5	-1.606598E-5
1.505849E2	-2.011490E-5	-1.599428E-5
1.506849E2	-2.024188E-5	-1.594116E-5
1.507849E2	-2.024157E-5	-1.607628E-5
1.508849E2	-2.021530E-5	-1.622167E-5
1.509849E2	-2.042236E-5	-1.639464E-5
1.510849E2	-2.072280E-5	-1.635160E-5
1.511849E2	-2.075754E-5	-1.659144E-5
1.512849E2	-2.069667E-5	-1.665768E-5
1.513849E2	-2.067147E-5	-1.677407E-5
1.514849E2	-2.086845E-5	-1.685214E-5
1.515848E2	-2.093952E-5	-1.674793E-5
1.516848E2	-2.089752E-5	-1.655237E-5
1.517848E2	-2.117739E-5	-1.627705E-5
1.518848E2	-2.171144E-5	-1.578550E-5
1.519848E2	-2.155724E-5	-1.556388E-5
1.520848E2	-2.151229E-5	-1.574487E-5
1.521848E2	-2.167615E-5	-1.561054E-5
1.522848E2	-2.172334E-5	-1.555422E-5
1.523848E2	-2.207508E-5	-1.541263E-5
1.524848E2	-2.218879E-5	-1.519498E-5
1.525847E2	-2.213756E-5	-1.532881E-5
1.526847E2	-2.225053E-5	-1.563967E-5
1.527847E2	-2.226969E-5	-1.550211E-5
1.528847E2	-2.224220E-5	-1.533150E-5
1.529847E2	-2.238804E-5	-1.524229E-5
1.530847E2	-2.277885E-5	-1.527159E-5
1.531847E2	-2.292165E-5	-1.552430E-5
1.532847E2	-2.305992E-5	-1.564434E-5
1.533847E2	-2.304608E-5	-1.580529E-5
1.534847E2	-2.310417E-5	-1.577476E-5
1.535846E2	-2.335245E-5	-1.603282E-5
1.536846E2	-2.357857E-5	-1.606625E-5
1.537846E2	-2.380335E-5	-1.590415E-5
1.538846E2	-2.367771E-5	-1.567905E-5
1.539846E2	-2.356930E-5	-1.561608E-5
1.540846E2	-2.374119E-5	-1.579586E-5
1.541846E2	-2.353298E-5	-1.567748E-5
1.542846E2	-2.320299E-5	-1.529883E-5
1.543846E2	-2.320663E-5	-1.530210E-5
1.544846E2	-2.317724E-5	-1.547446E-5
1.545845E2	-2.300929E-5	-1.516949E-5
1.546845E2	-2.306560E-5	-1.487794E-5
1.547845E2	-2.299812E-5	-1.495518E-5
1.548845E2	-2.298720E-5	-1.499256E-5
1.549845E2	-2.291494E-5	-1.464761E-5
1.550845E2	-2.293078E-5	-1.470750E-5
1.551845E2	-2.283285E-5	-1.494679E-5
1.552845E2	-2.286284E-5	-1.506216E-5
1.553845E2	-2.303046E-5	-1.517698E-5
1.554845E2	-2.307475E-5	-1.511094E-5
1.555844E2	-2.297556E-5	-1.524558E-5
1.556844E2	-2.292136E-5	-1.521105E-5
1.557844E2	-2.296209E-5	-1.528399E-5
1.558844E2	-2.293648E-5	-1.533373E-5
1.559844E2	-2.294056E-5	-1.534368E-5
1.560844E2	-2.273210E-5	-1.499234E-5
1.561844E2	-2.277038E-5	-1.493500E-5
1.562844E2	-2.266553E-5	-1.458825E-5
1.563844E2	-2.273982E-5	-1.442131E-5
1.564844E2	-2.305144E-5	-1.447806E-5
1.565843E2	-2.307377E-5	-1.489032E-5
1.566843E2	-2.316620E-5	-1.518837E-5
1.567843E2	-2.324280E-5	-1.539362E-5
1.568843E2	-2.338399E-5	-1.537896E-5
1.569843E2	-2.318444E-5	-1.561444E-5
1.570843E2	-2.313174E-5	-1.585114E-5
1.571843E2	-2.306178E-5	-1.587828E-5
1.572843E2	-2.289206E-5	-1.619433E-5
1.573843E2	-2.283506E-5	-1.614292E-5
1.574843E2	-2.277191E-5	-1.623485E-5
1.575842E2	-2.260925E-5	-1.637400E-5
1.576842E2	-2.237107E-5	-1.641417E-5
1.577842E2	-2.226125E-5	-1.624676E-5
1.578842E2	-2.215475E-5	-1.613253E-5
1.579842E2	-2.221421E-5	-1.629468E-5
1.580842E2	-2.224394E-5	-1.673727E-5
1.581842E2	-2.223744E-5	-1.687035E-5
1.582842E2	-2.234326E-5	-1.650335E-5
