0.000000E0	-4.173222E-5	-3.010681E-5
9.999000E-2	-4.193380E-5	-3.008692E-5
1.999800E-1	-4.190619E-5	-3.009853E-5
2.999700E-1	-4.168730E-5	-3.001687E-5
3.999600E-1	-4.156423E-5	-2.999590E-5
4.999500E-1	-4.154685E-5	-3.010372E-5
5.999400E-1	-4.144155E-5	-3.018401E-5
6.999300E-1	-4.141720E-5	-3.009607E-5
7.999200E-1	-4.147614E-5	-3.010166E-5
8.999100E-1	-4.138968E-5	-3.005394E-5
9.999000E-1	-4.143520E-5	-3.002090E-5
1.099890E0	-4.145772E-5	-3.024905E-5
1.199880E0	-4.156517E-5	-3.005961E-5
1.299870E0	-4.157698E-5	-3.009120E-5
1.399860E0	-4.142767E-5	-2.999924E-5
1.499850E0	-4.132200E-5	-2.993598E-5
1.599840E0	-4.140279E-5	-2.974598E-5
1.699830E0	-4.147076E-5	-2.971955E-5
1.799820E0	-4.161576E-5	-2.963493E-5
1.899810E0	-4.170707E-5	-2.954263E-5
1.999800E0	-4.159543E-5	-2.970488E-5
2.099790E0	-4.126072E-5	-2.985137E-5
2.199780E0	-4.100974E-5	-2.959556E-5
2.299770E0	-4.118661E-5	-2.923613E-5
2.399760E0	-4.136848E-5	-2.899565E-5
2.499750E0	-4.176147E-5	-2.894901E-5
2.599740E0	-4.187746E-5	-2.907300E-5
2.699730E0	-4.197002E-5	-2.907302E-5
2.799720E0	-4.220807E-5	-2.883100E-5
2.899710E0	-4.229379E-5	-2.873128E-5
2.999700E0	-4.242184E-5	-2.895124E-5
3.099690E0	-4.255765E-5	-2.894693E-5
3.199680E0	-4.265902E-5	-2.892206E-5
3.299670E0	-4.293142E-5	-2.896334E-5
3.399660E0	-4.286945E-5	-2.908033E-5
3.499650E0	-4.282666E-5	-2.912251E-5
3.599640E0	-4.277464E-5	-2.926845E-5
3.699630E0	-4.252662E-5	-2.928966E-5
3.799620E0	-4.259475E-5	-2.913138E-5
3.899610E0	-4.280112E-5	-2.920259E-5
3.999600E0	-4.273930E-5	-2.945939E-5
4.099590E0	-4.286127E-5	-2.947002E-5
4.199580E0	-4.286120E-5	-2.953699E-5
4.299570E0	-4.271027E-5	-2.971885E-5
4.399560E0	-4.291098E-5	-3.002478E-5
4.499550E0	-4.296468E-5	-2.988519E-5
4.599540E0	-4.301510E-5	-2.995943E-5
4.699530E0	-4.315260E-5	-3.005183E-5
4.799520E0	-4.314910E-5	-2.988276E-5
4.899510E0	-4.299472E-5	-2.983327E-5
4.999500E0	-4.307533E-5	-2.967668E-5
5.099490E0	-4.317856E-5	-2.982533E-5
5.199480E0	-4.327660E-5	-2.976374E-5
5.299470E0	-4.296058E-5	-2.963141E-5
5.399460E0	-4.295952E-5	-2.939178E-5
5.499450E0	-4.286647E-5	-2.927968E-5
5.599440E0	-4.267781E-5	-2.930221E-5
5.699430E0	-4.275820E-5	-2.915643E-5
5.799420E0	-4.270219E-5	-2.886323E-5
5.899410E0	-4.292076E-5	-2.876433E-5
5.999400E0	-4.282441E-5	-2.885136E-5
6.099390E0	-4.253781E-5	-2.888395E-5
6.199380E0	-4.274805E-5	-2.911114E-5
6.299370E0	-4.284902E-5	-2.914204E-5
6.399360E0	-4.286451E-5	-2.905648E-5
6.499350E0	-4.269659E-5	-2.881626E-5
6.599340E0	-4.289191E-5	-2.881493E-5
6.699330E0	-4.290236E-5	-2.869622E-5
6.799320E0	-4.281555E-5	-2.841658E-5
6.899310E0	-4.279086E-5	-2.835708E-5
6.999300E0	-4.268699E-5	-2.860194E-5
7.099290E0	-4.271182E-5	-2.855622E-5
7.199280E0	-4.302145E-5	-2.876220E-5
7.299270E0	-4.310728E-5	-2.877936E-5
7.399260E0	-4.303268E-5	-2.872833E-5
7.499250E0	-4.297528E-5	-2.862393E-5
7.599240E0	-4.291259E-5	-2.874232E-5
7.699230E0	-4.255657E-5	-2.862865E-5
7.799220E0	-4.267793E-5	-2.859223E-5
7.899210E0	-4.283029E-5	-2.856655E-5
7.999200E0	-4.283547E-5	-2.857036E-5
8.099190E0	-4.246617E-5	-2.844844E-5
8.199180E0	-4.236343E-5	-2.833135E-5
8.299170E0	-4.240618E-5	-2.836421E-5
8.399160E0	-4.262124E-5	-2.823617E-5
8.499150E0	-4.281632E-5	-2.848605E-5
8.599140E0	-4.294897E-5	-2.866436E-5
8.699130E0	-4.322051E-5	-2.861008E-5
8.799120E0	-4.338545E-5	-2.843617E-5
8.899110E0	-4.347546E-5	-2.850738E-5
8.999100E0	-4.318210E-5	-2.889261E-5
9.099090E0	-4.324061E-5	-2.916139E-5
9.199080E0	-4.318139E-5	-2.929620E-5
9.299070E0	-4.332516E-5	-2.906445E-5
9.399060E0	-4.326896E-5	-2.881086E-5
9.499050E0	-4.332698E-5	-2.877756E-5
9.599040E0	-4.360734E-5	-2.864416E-5
9.699030E0	-4.368637E-5	-2.880758E-5
9.799020E0	-4.364856E-5	-2.894616E-5
9.899010E0	-4.399470E-5	-2.878698E-5
9.999000E0	-4.409656E-5	-2.843007E-5
1.009899E1	-4.419265E-5	-2.820664E-5
1.019898E1	-4.421046E-5	-2.819212E-5
1.029897E1	-4.417235E-5	-2.803844E-5
1.039896E1	-4.420328E-5	-2.802369E-5
1.049895E1	-4.440730E-5	-2.795037E-5
1.059894E1	-4.441230E-5	-2.791447E-5
1.069893E1	-4.433457E-5	-2.790758E-5
1.079892E1	-4.415852E-5	-2.788114E-5
1.089891E1	-4.418041E-5	-2.798758E-5
1.099890E1	-4.411768E-5	-2.803462E-5
1.109889E1	-4.420260E-5	-2.806331E-5
1.119888E1	-4.457635E-5	-2.790667E-5
1.129887E1	-4.437217E-5	-2.788792E-5
1.139886E1	-4.415587E-5	-2.778227E-5
1.149885E1	-4.410937E-5	-2.775794E-5
1.159884E1	-4.428776E-5	-2.775120E-5
1.169883E1	-4.441805E-5	-2.769109E-5
1.179882E1	-4.483842E-5	-2.766850E-5
1.189881E1	-4.497369E-5	-2.749022E-5
1.199880E1	-4.508592E-5	-2.756875E-5
1.209879E1	-4.509477E-5	-2.776842E-5
1.219878E1	-4.554408E-5	-2.779402E-5
1.229877E1	-4.554066E-5	-2.802651E-5
1.239876E1	-4.554733E-5	-2.815587E-5
1.249875E1	-4.537591E-5	-2.828321E-5
1.259874E1	-4.516090E-5	-2.792486E-5
1.269873E1	-4.536718E-5	-2.775942E-5
1.279872E1	-4.520793E-5	-2.776831E-5
1.289871E1	-4.487808E-5	-2.779976E-5
1.299870E1	-4.488346E-5	-2.781183E-5
1.309869E1	-4.483792E-5	-2.800795E-5
1.319868E1	-4.448094E-5	-2.794490E-5
1.329867E1	-4.435368E-5	-2.788193E-5
1.339866E1	-4.421751E-5	-2.774801E-5
1.349865E1	-4.398114E-5	-2.771718E-5
1.359864E1	-4.409877E-5	-2.756664E-5
1.369863E1	-4.414984E-5	-2.771421E-5
1.379862E1	-4.437948E-5	-2.741836E-5
1.389861E1	-4.439242E-5	-2.724739E-5
1.399860E1	-4.449215E-5	-2.698689E-5
1.409859E1	-4.444710E-5	-2.691730E-5
1.419858E1	-4.440422E-5	-2.700429E-5
1.429857E1	-4.465452E-5	-2.681305E-5
1.439856E1	-4.482014E-5	-2.669111E-5
1.449855E1	-4.448410E-5	-2.677513E-5
1.459854E1	-4.452147E-5	-2.704555E-5
1.469853E1	-4.475261E-5	-2.715676E-5
1.479852E1	-4.473215E-5	-2.724533E-5
1.489851E1	-4.485292E-5	-2.736563E-5
1.499850E1	-4.484060E-5	-2.706776E-5
1.509849E1	-4.476445E-5	-2.697093E-5
1.519848E1	-4.455261E-5	-2.719733E-5
1.529847E1	-4.471144E-5	-2.732050E-5
1.539846E1	-4.481256E-5	-2.735874E-5
1.549845E1	-4.473858E-5	-2.753621E-5
1.559844E1	-4.466261E-5	-2.728759E-5
1.569843E1	-4.475384E-5	-2.717803E-5
1.579842E1	-4.468137E-5	-2.742911E-5
1.589841E1	-4.469003E-5	-2.767079E-5
1.599840E1	-4.470699E-5	-2.759732E-5
1.609839E1	-4.455250E-5	-2.740230E-5
1.619838E1	-4.421667E-5	-2.719618E-5
1.629837E1	-4.388244E-5	-2.726767E-5
1.639836E1	-4.381672E-5	-2.692310E-5
1.649835E1	-4.379445E-5	-2.688575E-5
1.659834E1	-4.366497E-5	-2.687142E-5
1.669833E1	-4.369502E-5	-2.675300E-5
1.679832E1	-4.383896E-5	-2.703865E-5
1.689831E1	-4.385994E-5	-2.692120E-5
1.699830E1	-4.385661E-5	-2.673716E-5
1.709829E1	-4.370774E-5	-2.683466E-5
1.719828E1	-4.351574E-5	-2.665751E-5
1.729827E1	-4.349720E-5	-2.650799E-5
1.739826E1	-4.340429E-5	-2.630450E-5
1.749825E1	-4.331480E-5	-2.632228E-5
1.759824E1	-4.339729E-5	-2.638486E-5
1.769823E1	-4.352404E-5	-2.638777E-5
1.779822E1	-4.361500E-5	-2.635034E-5
1.789821E1	-4.370093E-5	-2.622830E-5
1.799820E1	-4.366926E-5	-2.614159E-5
1.809819E1	-4.365203E-5	-2.603330E-5
1.819818E1	-4.372477E-5	-2.599266E-5
1.829817E1	-4.359605E-5	-2.615492E-5
1.839816E1	-4.335583E-5	-2.639552E-5
1.849815E1	-4.344376E-5	-2.636811E-5
1.859814E1	-4.343965E-5	-2.607957E-5
1.869813E1	-4.340108E-5	-2.588025E-5
1.879812E1	-4.315666E-5	-2.593065E-5
1.889811E1	-4.298288E-5	-2.584375E-5
1.899810E1	-4.269307E-5	-2.564301E-5
1.909809E1	-4.250659E-5	-2.542522E-5
1.919808E1	-4.264817E-5	-2.533989E-5
1.929807E1	-4.270705E-5	-2.533034E-5
1.939806E1	-4.278930E-5	-2.539892E-5
1.949805E1	-4.279306E-5	-2.531378E-5
1.959804E1	-4.293232E-5	-2.528344E-5
1.969803E1	-4.303780E-5	-2.525697E-5
1.979802E1	-4.298152E-5	-2.523413E-5
1.989801E1	-4.291579E-5	-2.538043E-5
1.999800E1	-4.277488E-5	-2.548461E-5
2.009799E1	-4.288837E-5	-2.544766E-5
2.019798E1	-4.298633E-5	-2.549636E-5
2.029797E1	-4.332356E-5	-2.533015E-5
2.039796E1	-4.342018E-5	-2.522051E-5
2.049795E1	-4.358546E-5	-2.500289E-5
2.059794E1	-4.356883E-5	-2.496393E-5
2.069793E1	-4.380824E-5	-2.493344E-5
2.079792E1	-4.396533E-5	-2.483517E-5
2.089791E1	-4.404126E-5	-2.467575E-5
2.099790E1	-4.390146E-5	-2.484378E-5
2.109789E1	-4.362330E-5	-2.492640E-5
2.119788E1	-4.342424E-5	-2.492968E-5
2.129787E1	-4.337819E-5	-2.497676E-5
2.139786E1	-4.321772E-5	-2.488683E-5
2.149785E1	-4.304388E-5	-2.491453E-5
2.159784E1	-4.287781E-5	-2.482494E-5
2.169783E1	-4.271718E-5	-2.477386E-5
2.179782E1	-4.283036E-5	-2.464390E-5
2.189781E1	-4.275716E-5	-2.443750E-5
2.199780E1	-4.291524E-5	-2.421470E-5
2.209779E1	-4.299706E-5	-2.387567E-5
2.219778E1	-4.296740E-5	-2.386366E-5
2.229777E1	-4.313211E-5	-2.395587E-5
2.239776E1	-4.306753E-5	-2.401697E-5
2.249775E1	-4.290387E-5	-2.419643E-5
2.259774E1	-4.270271E-5	-2.422978E-5
2.269773E1	-4.271031E-5	-2.407220E-5
2.279772E1	-4.292408E-5	-2.403661E-5
2.289771E1	-4.294789E-5	-2.397403E-5
2.299770E1	-4.296685E-5	-2.429976E-5
2.309769E1	-4.299024E-5	-2.455102E-5
2.319768E1	-4.299934E-5	-2.453425E-5
2.329767E1	-4.310595E-5	-2.426395E-5
2.339766E1	-4.316642E-5	-2.446252E-5
2.349765E1	-4.316994E-5	-2.472657E-5
2.359764E1	-4.330716E-5	-2.487830E-5
2.369763E1	-4.323956E-5	-2.479621E-5
2.379762E1	-4.320359E-5	-2.492800E-5
2.389761E1	-4.321757E-5	-2.467567E-5
2.399760E1	-4.326305E-5	-2.473535E-5
2.409759E1	-4.335971E-5	-2.472843E-5
2.419758E1	-4.339515E-5	-2.493873E-5
2.429757E1	-4.361776E-5	-2.487453E-5
2.439756E1	-4.384676E-5	-2.491373E-5
2.449755E1	-4.379669E-5	-2.508288E-5
2.459754E1	-4.363559E-5	-2.493496E-5
2.469753E1	-4.372177E-5	-2.464511E-5
2.479752E1	-4.388392E-5	-2.459600E-5
2.489751E1	-4.385313E-5	-2.462646E-5
2.499750E1	-4.394279E-5	-2.479420E-5
2.509749E1	-4.393375E-5	-2.490804E-5
2.519748E1	-4.385213E-5	-2.502915E-5
2.529747E1	-4.384084E-5	-2.484563E-5
2.539746E1	-4.394834E-5	-2.475984E-5
2.549745E1	-4.393249E-5	-2.486690E-5
2.559744E1	-4.392499E-5	-2.480280E-5
2.569743E1	-4.407117E-5	-2.453065E-5
2.579742E1	-4.415831E-5	-2.425600E-5
2.589741E1	-4.420778E-5	-2.435030E-5
2.599740E1	-4.413690E-5	-2.453618E-5
2.609739E1	-4.393072E-5	-2.475437E-5
2.619738E1	-4.388085E-5	-2.477665E-5
2.629737E1	-4.372512E-5	-2.473178E-5
2.639736E1	-4.362969E-5	-2.434370E-5
2.649735E1	-4.360110E-5	-2.425133E-5
2.659734E1	-4.350727E-5	-2.426666E-5
2.669733E1	-4.359903E-5	-2.408741E-5
2.679732E1	-4.342125E-5	-2.407684E-5
2.689731E1	-4.328405E-5	-2.432011E-5
2.699730E1	-4.340541E-5	-2.435703E-5
2.709729E1	-4.331373E-5	-2.430723E-5
2.719728E1	-4.306931E-5	-2.444173E-5
2.729727E1	-4.298959E-5	-2.472112E-5
2.739726E1	-4.332818E-5	-2.499067E-5
2.749725E1	-4.319613E-5	-2.520621E-5
2.759724E1	-4.303101E-5	-2.539780E-5
2.769723E1	-4.311217E-5	-2.576795E-5
2.779722E1	-4.287895E-5	-2.572910E-5
2.789721E1	-4.264998E-5	-2.562358E-5
2.799720E1	-4.270959E-5	-2.549278E-5
2.809719E1	-4.264663E-5	-2.536041E-5
2.819718E1	-4.272673E-5	-2.526416E-5
2.829717E1	-4.264769E-5	-2.532072E-5
2.839716E1	-4.310524E-5	-2.500216E-5
2.849715E1	-4.320536E-5	-2.512168E-5
2.859714E1	-4.330534E-5	-2.518169E-5
2.869713E1	-4.326855E-5	-2.503968E-5
2.879712E1	-4.296111E-5	-2.504651E-5
2.889711E1	-4.260491E-5	-2.548323E-5
2.899710E1	-4.266747E-5	-2.523746E-5
2.909709E1	-4.284423E-5	-2.499213E-5
2.919708E1	-4.281805E-5	-2.481724E-5
2.929707E1	-4.269822E-5	-2.486286E-5
2.939706E1	-4.251460E-5	-2.498248E-5
2.949705E1	-4.230148E-5	-2.501255E-5
2.959704E1	-4.207349E-5	-2.502632E-5
2.969703E1	-4.184834E-5	-2.517248E-5
2.979702E1	-4.172713E-5	-2.538132E-5
2.989701E1	-4.176790E-5	-2.538820E-5
2.999700E1	-4.156600E-5	-2.543654E-5
3.009699E1	-4.177253E-5	-2.536754E-5
3.019698E1	-4.179459E-5	-2.521188E-5
3.029697E1	-4.176420E-5	-2.535829E-5
3.039696E1	-4.164634E-5	-2.534951E-5
3.049695E1	-4.140903E-5	-2.537010E-5
3.059694E1	-4.131340E-5	-2.542944E-5
3.069693E1	-4.127052E-5	-2.531052E-5
3.079692E1	-4.125660E-5	-2.538799E-5
3.089691E1	-4.107140E-5	-2.523501E-5
3.099690E1	-4.136337E-5	-2.545527E-5
3.109689E1	-4.162663E-5	-2.548168E-5
3.119688E1	-4.165990E-5	-2.547326E-5
3.129687E1	-4.157196E-5	-2.553430E-5
3.139686E1	-4.150540E-5	-2.545885E-5
3.149685E1	-4.170307E-5	-2.558181E-5
3.159684E1	-4.189328E-5	-2.552160E-5
3.169683E1	-4.171201E-5	-2.538774E-5
3.179682E1	-4.170037E-5	-2.520945E-5
3.189681E1	-4.171057E-5	-2.500984E-5
3.199680E1	-4.188349E-5	-2.493859E-5
3.209679E1	-4.210071E-5	-2.506486E-5
3.219678E1	-4.198208E-5	-2.476326E-5
3.229677E1	-4.196635E-5	-2.451250E-5
3.239676E1	-4.239914E-5	-2.435827E-5
3.249675E1	-4.258742E-5	-2.456484E-5
3.259674E1	-4.261041E-5	-2.423338E-5
3.269673E1	-4.237444E-5	-2.401310E-5
3.279672E1	-4.239418E-5	-2.394737E-5
3.289671E1	-4.239210E-5	-2.418300E-5
3.299670E1	-4.226155E-5	-2.430525E-5
3.309669E1	-4.205783E-5	-2.439922E-5
3.319668E1	-4.218756E-5	-2.451241E-5
3.329667E1	-4.227760E-5	-2.476316E-5
3.339666E1	-4.240604E-5	-2.475102E-5
3.349665E1	-4.244115E-5	-2.484862E-5
3.359664E1	-4.271167E-5	-2.480828E-5
3.369663E1	-4.294189E-5	-2.460354E-5
3.379662E1	-4.285053E-5	-2.437992E-5
3.389661E1	-4.302466E-5	-2.437651E-5
3.399660E1	-4.287038E-5	-2.433510E-5
3.409659E1	-4.258454E-5	-2.418385E-5
3.419658E1	-4.272749E-5	-2.432095E-5
3.429657E1	-4.264222E-5	-2.427727E-5
3.439656E1	-4.256739E-5	-2.407474E-5
3.449655E1	-4.232021E-5	-2.415497E-5
3.459654E1	-4.227731E-5	-2.401892E-5
3.469653E1	-4.232656E-5	-2.380588E-5
3.479652E1	-4.251454E-5	-2.350243E-5
3.489651E1	-4.244874E-5	-2.339899E-5
3.499650E1	-4.262965E-5	-2.332546E-5
3.509649E1	-4.264359E-5	-2.302659E-5
3.519648E1	-4.247032E-5	-2.264745E-5
3.529647E1	-4.239051E-5	-2.252097E-5
3.539646E1	-4.240230E-5	-2.270273E-5
3.549645E1	-4.211236E-5	-2.270809E-5
3.559644E1	-4.194754E-5	-2.261939E-5
3.569643E1	-4.172742E-5	-2.276806E-5
3.579642E1	-4.182173E-5	-2.258723E-5
3.589641E1	-4.196158E-5	-2.249008E-5
3.599640E1	-4.194849E-5	-2.227813E-5
3.609639E1	-4.201142E-5	-2.229161E-5
3.619638E1	-4.191289E-5	-2.205968E-5
3.629637E1	-4.182985E-5	-2.204841E-5
3.639636E1	-4.161351E-5	-2.214292E-5
3.649635E1	-4.131382E-5	-2.224495E-5
3.659634E1	-4.135991E-5	-2.211314E-5
3.669633E1	-4.145261E-5	-2.200118E-5
3.679632E1	-4.151111E-5	-2.208036E-5
3.689631E1	-4.151615E-5	-2.207503E-5
3.699630E1	-4.144399E-5	-2.187842E-5
3.709629E1	-4.143503E-5	-2.162631E-5
3.719628E1	-4.132363E-5	-2.147046E-5
3.729627E1	-4.121584E-5	-2.145352E-5
3.739626E1	-4.103941E-5	-2.153293E-5
3.749625E1	-4.082292E-5	-2.143923E-5
3.759624E1	-4.111904E-5	-2.126769E-5
3.769623E1	-4.118686E-5	-2.134952E-5
3.779622E1	-4.123237E-5	-2.158677E-5
3.789621E1	-4.106951E-5	-2.174777E-5
3.799620E1	-4.102432E-5	-2.160029E-5
3.809619E1	-4.109403E-5	-2.122671E-5
3.819618E1	-4.110873E-5	-2.093919E-5
3.829617E1	-4.108256E-5	-2.071484E-5
3.839616E1	-4.101943E-5	-2.067494E-5
3.849615E1	-4.118542E-5	-2.062746E-5
3.859614E1	-4.129198E-5	-2.049170E-5
3.869613E1	-4.114573E-5	-2.056378E-5
3.879612E1	-4.121060E-5	-2.061805E-5
3.889611E1	-4.097909E-5	-2.085989E-5
3.899610E1	-4.098898E-5	-2.133624E-5
3.909609E1	-4.104774E-5	-2.126794E-5
3.919608E1	-4.086980E-5	-2.107053E-5
3.929607E1	-4.078627E-5	-2.091293E-5
3.939606E1	-4.065985E-5	-2.104589E-5
3.949605E1	-4.072297E-5	-2.092311E-5
3.959604E1	-4.069200E-5	-2.077720E-5
3.969603E1	-4.090509E-5	-2.074707E-5
3.979602E1	-4.114859E-5	-2.094644E-5
3.989601E1	-4.128008E-5	-2.110459E-5
3.999600E1	-4.124662E-5	-2.112585E-5
4.009599E1	-4.130421E-5	-2.131451E-5
4.019598E1	-4.105363E-5	-2.143346E-5
4.029597E1	-4.062651E-5	-2.135027E-5
4.039596E1	-4.074358E-5	-2.121450E-5
4.049595E1	-4.099863E-5	-2.101700E-5
4.059594E1	-4.110232E-5	-2.101775E-5
4.069593E1	-4.077743E-5	-2.103018E-5
4.079592E1	-4.055595E-5	-2.116687E-5
4.089591E1	-4.037263E-5	-2.148770E-5
4.099590E1	-4.040616E-5	-2.150357E-5
4.109589E1	-4.035605E-5	-2.168517E-5
4.119588E1	-4.033865E-5	-2.180669E-5
4.129587E1	-4.062820E-5	-2.203393E-5
4.139586E1	-4.046916E-5	-2.213389E-5
4.149585E1	-4.037724E-5	-2.214581E-5
4.159584E1	-4.029608E-5	-2.226583E-5
4.169583E1	-4.024541E-5	-2.226289E-5
4.179582E1	-4.029762E-5	-2.195987E-5
4.189581E1	-4.030028E-5	-2.178519E-5
4.199580E1	-4.029567E-5	-2.175742E-5
4.209579E1	-3.996490E-5	-2.176701E-5
4.219578E1	-4.000794E-5	-2.190896E-5
4.229577E1	-4.006097E-5	-2.194893E-5
4.239576E1	-4.017629E-5	-2.210269E-5
4.249575E1	-4.011414E-5	-2.183794E-5
4.259574E1	-4.007428E-5	-2.185514E-5
4.269573E1	-4.022616E-5	-2.185723E-5
4.279572E1	-4.049722E-5	-2.189667E-5
4.289571E1	-4.054058E-5	-2.195825E-5
4.299570E1	-4.056007E-5	-2.179015E-5
4.309569E1	-4.048480E-5	-2.162249E-5
4.319568E1	-4.054818E-5	-2.151396E-5
4.329567E1	-4.079876E-5	-2.171331E-5
4.339566E1	-4.103357E-5	-2.179302E-5
4.349565E1	-4.120489E-5	-2.188544E-5
4.359564E1	-4.114865E-5	-2.202353E-5
4.369563E1	-4.106019E-5	-2.185100E-5
4.379562E1	-4.138753E-5	-2.181273E-5
4.389561E1	-4.159966E-5	-2.163383E-5
4.399560E1	-4.163144E-5	-2.175752E-5
4.409559E1	-4.163439E-5	-2.225824E-5
4.419558E1	-4.160137E-5	-2.244314E-5
4.429557E1	-4.177515E-5	-2.255444E-5
4.439556E1	-4.162385E-5	-2.226045E-5
4.449555E1	-4.146090E-5	-2.206629E-5
4.459554E1	-4.143598E-5	-2.223087E-5
4.469553E1	-4.166826E-5	-2.216393E-5
4.479552E1	-4.201940E-5	-2.190157E-5
4.489551E1	-4.200538E-5	-2.189448E-5
4.499550E1	-4.202570E-5	-2.175418E-5
4.509549E1	-4.211368E-5	-2.164330E-5
4.519548E1	-4.191839E-5	-2.159537E-5
4.529547E1	-4.171491E-5	-2.191249E-5
4.539546E1	-4.173634E-5	-2.200712E-5
4.549545E1	-4.174764E-5	-2.219616E-5
4.559544E1	-4.168289E-5	-2.204567E-5
4.569543E1	-4.168826E-5	-2.213422E-5
4.579542E1	-4.173913E-5	-2.200403E-5
4.589541E1	-4.188885E-5	-2.203330E-5
4.599540E1	-4.211763E-5	-2.202124E-5
4.609539E1	-4.203747E-5	-2.219496E-5
4.619538E1	-4.234381E-5	-2.226211E-5
4.629537E1	-4.213147E-5	-2.207823E-5
4.639536E1	-4.253405E-5	-2.181190E-5
4.649535E1	-4.286301E-5	-2.159598E-5
4.659534E1	-4.304621E-5	-2.168959E-5
4.669533E1	-4.321520E-5	-2.164152E-5
4.679532E1	-4.287679E-5	-2.157980E-5
4.689531E1	-4.287470E-5	-2.153153E-5
4.699530E1	-4.303374E-5	-2.159464E-5
4.709529E1	-4.325098E-5	-2.164261E-5
4.719528E1	-4.315035E-5	-2.165586E-5
4.729527E1	-4.291825E-5	-2.147966E-5
4.739526E1	-4.306969E-5	-2.139251E-5
4.749525E1	-4.293220E-5	-2.136701E-5
4.759524E1	-4.290266E-5	-2.128079E-5
4.769523E1	-4.261002E-5	-2.127073E-5
4.779522E1	-4.238041E-5	-2.109641E-5
4.789521E1	-4.255899E-5	-2.119062E-5
4.799520E1	-4.250543E-5	-2.138695E-5
4.809519E1	-4.249912E-5	-2.133051E-5
4.819518E1	-4.257198E-5	-2.140953E-5
4.829517E1	-4.243289E-5	-2.113701E-5
4.839516E1	-4.259065E-5	-2.103226E-5
4.849515E1	-4.285216E-5	-2.079775E-5
4.859514E1	-4.241008E-5	-2.036382E-5
4.869513E1	-4.224145E-5	-2.010626E-5
4.879512E1	-4.229971E-5	-2.023023E-5
4.889511E1	-4.221039E-5	-1.984035E-5
4.899510E1	-4.226640E-5	-1.970744E-5
4.909509E1	-4.245199E-5	-1.968901E-5
4.919508E1	-4.255077E-5	-1.959440E-5
4.929507E1	-4.291454E-5	-1.952277E-5
4.939506E1	-4.281503E-5	-1.964416E-5
4.949505E1	-4.288013E-5	-1.952806E-5
4.959504E1	-4.280395E-5	-1.920158E-5
4.969503E1	-4.273108E-5	-1.921071E-5
4.979502E1	-4.279959E-5	-1.885144E-5
4.989501E1	-4.299255E-5	-1.889172E-5
4.999500E1	-4.292659E-5	-1.899487E-5
5.009499E1	-4.273878E-5	-1.876183E-5
5.019498E1	-4.278982E-5	-1.875949E-5
5.029497E1	-4.276535E-5	-1.892928E-5
5.039496E1	-4.258083E-5	-1.893148E-5
5.049495E1	-4.241529E-5	-1.862710E-5
5.059494E1	-4.227121E-5	-1.851159E-5
5.069493E1	-4.223237E-5	-1.851376E-5
5.079492E1	-4.217319E-5	-1.839209E-5
5.089491E1	-4.218983E-5	-1.838235E-5
5.099490E1	-4.210682E-5	-1.819973E-5
5.109489E1	-4.191861E-5	-1.828639E-5
5.119488E1	-4.172783E-5	-1.829682E-5
5.129487E1	-4.183169E-5	-1.836004E-5
5.139486E1	-4.183797E-5	-1.831679E-5
5.149485E1	-4.186060E-5	-1.830470E-5
5.159484E1	-4.191362E-5	-1.846914E-5
5.169483E1	-4.182064E-5	-1.841180E-5
5.179482E1	-4.186828E-5	-1.806382E-5
5.189481E1	-4.186871E-5	-1.786339E-5
5.199480E1	-4.197253E-5	-1.801285E-5
5.209479E1	-4.203068E-5	-1.804497E-5
5.219478E1	-4.185993E-5	-1.823881E-5
5.229477E1	-4.208365E-5	-1.820354E-5
5.239476E1	-4.233007E-5	-1.812344E-5
5.249475E1	-4.219815E-5	-1.797951E-5
5.259474E1	-4.204554E-5	-1.783474E-5
5.269473E1	-4.181761E-5	-1.791478E-5
5.279472E1	-4.193068E-5	-1.793978E-5
5.289471E1	-4.221649E-5	-1.805559E-5
5.299470E1	-4.245274E-5	-1.780641E-5
5.309469E1	-4.247981E-5	-1.760457E-5
5.319468E1	-4.238850E-5	-1.755574E-5
5.329467E1	-4.223935E-5	-1.759339E-5
5.339466E1	-4.213731E-5	-1.746456E-5
5.349465E1	-4.239118E-5	-1.726345E-5
5.359464E1	-4.245695E-5	-1.732051E-5
5.369463E1	-4.274129E-5	-1.747005E-5
5.379462E1	-4.270997E-5	-1.737341E-5
5.389461E1	-4.263148E-5	-1.727721E-5
5.399460E1	-4.277531E-5	-1.702209E-5
5.409459E1	-4.265932E-5	-1.705729E-5
5.419458E1	-4.263202E-5	-1.696930E-5
5.429457E1	-4.251677E-5	-1.693448E-5
5.439456E1	-4.246952E-5	-1.674146E-5
5.449455E1	-4.236927E-5	-1.661724E-5
5.459454E1	-4.238950E-5	-1.659656E-5
5.469453E1	-4.276677E-5	-1.650079E-5
5.479452E1	-4.280967E-5	-1.645235E-5
5.489451E1	-4.287735E-5	-1.665404E-5
5.499450E1	-4.305313E-5	-1.682705E-5
5.509449E1	-4.312803E-5	-1.668919E-5
5.519448E1	-4.319552E-5	-1.676417E-5
5.529447E1	-4.323947E-5	-1.682894E-5
5.539446E1	-4.346354E-5	-1.673798E-5
5.549445E1	-4.346056E-5	-1.675975E-5
5.559444E1	-4.358153E-5	-1.673336E-5
5.569443E1	-4.357942E-5	-1.678371E-5
5.579442E1	-4.376902E-5	-1.703176E-5
5.589441E1	-4.399601E-5	-1.705238E-5
5.599440E1	-4.398931E-5	-1.721877E-5
5.609439E1	-4.373718E-5	-1.738135E-5
5.619438E1	-4.371909E-5	-1.769177E-5
5.629437E1	-4.371487E-5	-1.787616E-5
5.639436E1	-4.377070E-5	-1.783447E-5
5.649435E1	-4.359608E-5	-1.791253E-5
5.659434E1	-4.347771E-5	-1.794844E-5
5.669433E1	-4.348080E-5	-1.801544E-5
5.679432E1	-4.367918E-5	-1.779401E-5
5.689431E1	-4.359090E-5	-1.780422E-5
5.699430E1	-4.336654E-5	-1.795440E-5
5.709429E1	-4.331981E-5	-1.813403E-5
5.719428E1	-4.318767E-5	-1.810755E-5
5.729427E1	-4.304737E-5	-1.770796E-5
5.739426E1	-4.324555E-5	-1.786229E-5
5.749425E1	-4.337450E-5	-1.791189E-5
5.759424E1	-4.319233E-5	-1.789148E-5
5.769423E1	-4.327727E-5	-1.786998E-5
5.779422E1	-4.320325E-5	-1.784662E-5
5.789421E1	-4.335652E-5	-1.790431E-5
5.799420E1	-4.349443E-5	-1.783909E-5
5.809419E1	-4.348587E-5	-1.773981E-5
5.819418E1	-4.355397E-5	-1.756122E-5
5.829417E1	-4.361876E-5	-1.749874E-5
5.839416E1	-4.360302E-5	-1.742169E-5
5.849415E1	-4.341132E-5	-1.753500E-5
5.859414E1	-4.349351E-5	-1.769109E-5
5.869413E1	-4.357337E-5	-1.775880E-5
5.879412E1	-4.375278E-5	-1.779639E-5
5.889411E1	-4.345800E-5	-1.778487E-5
5.899410E1	-4.323990E-5	-1.777079E-5
5.909409E1	-4.328994E-5	-1.790621E-5
5.919408E1	-4.329670E-5	-1.798586E-5
5.929407E1	-4.333418E-5	-1.805062E-5
5.939406E1	-4.347142E-5	-1.804190E-5
5.949405E1	-4.366723E-5	-1.829298E-5
5.959404E1	-4.360103E-5	-1.832822E-5
5.969403E1	-4.365536E-5	-1.838390E-5
5.979402E1	-4.388502E-5	-1.840432E-5
5.989401E1	-4.402522E-5	-1.845524E-5
5.999400E1	-4.406381E-5	-1.837875E-5
6.009399E1	-4.394796E-5	-1.838852E-5
6.019398E1	-4.379409E-5	-1.843537E-5
6.029397E1	-4.383222E-5	-1.828274E-5
6.039396E1	-4.370783E-5	-1.818880E-5
6.049395E1	-4.364111E-5	-1.822585E-5
6.059394E1	-4.378781E-5	-1.808752E-5
6.069393E1	-4.380864E-5	-1.810912E-5
6.079392E1	-4.390728E-5	-1.818792E-5
6.089391E1	-4.411770E-5	-1.837477E-5
6.099390E1	-4.396191E-5	-1.841431E-5
6.109389E1	-4.370396E-5	-1.849645E-5
6.119388E1	-4.390673E-5	-1.857574E-5
6.129387E1	-4.381244E-5	-1.875956E-5
6.139386E1	-4.369633E-5	-1.872296E-5
6.149385E1	-4.380240E-5	-1.858364E-5
6.159384E1	-4.406484E-5	-1.883195E-5
6.169383E1	-4.408935E-5	-1.875174E-5
6.179382E1	-4.405230E-5	-1.856143E-5
6.189381E1	-4.392273E-5	-1.869033E-5
6.199380E1	-4.388490E-5	-1.864341E-5
6.209379E1	-4.393826E-5	-1.858701E-5
6.219378E1	-4.404299E-5	-1.865608E-5
6.229377E1	-4.402225E-5	-1.869877E-5
6.239376E1	-4.384287E-5	-1.877532E-5
6.249375E1	-4.375914E-5	-1.895513E-5
6.259374E1	-4.357043E-5	-1.887426E-5
6.269373E1	-4.350211E-5	-1.885801E-5
6.279372E1	-4.349612E-5	-1.871642E-5
6.289371E1	-4.354755E-5	-1.878085E-5
6.299370E1	-4.334598E-5	-1.877685E-5
6.309369E1	-4.312443E-5	-1.885169E-5
6.319368E1	-4.317187E-5	-1.898588E-5
6.329367E1	-4.318515E-5	-1.897657E-5
6.339366E1	-4.319183E-5	-1.900668E-5
6.349365E1	-4.315973E-5	-1.880178E-5
6.359364E1	-4.312926E-5	-1.872314E-5
6.369363E1	-4.299216E-5	-1.845658E-5
6.379362E1	-4.312914E-5	-1.826784E-5
6.389361E1	-4.312274E-5	-1.801828E-5
6.399360E1	-4.297162E-5	-1.811679E-5
6.409359E1	-4.295279E-5	-1.806579E-5
6.419358E1	-4.277160E-5	-1.821105E-5
6.429357E1	-4.298846E-5	-1.822889E-5
6.439356E1	-4.310975E-5	-1.853878E-5
6.449355E1	-4.323106E-5	-1.851320E-5
6.459354E1	-4.330743E-5	-1.832042E-5
6.469353E1	-4.326689E-5	-1.834791E-5
6.479352E1	-4.328958E-5	-1.838016E-5
6.489351E1	-4.319903E-5	-1.842134E-5
6.499350E1	-4.308383E-5	-1.857873E-5
6.509349E1	-4.303545E-5	-1.860845E-5
6.519348E1	-4.320241E-5	-1.854030E-5
6.529347E1	-4.321957E-5	-1.848242E-5
6.539346E1	-4.348017E-5	-1.843910E-5
6.549345E1	-4.359928E-5	-1.834435E-5
6.559344E1	-4.361477E-5	-1.835977E-5
6.569343E1	-4.372457E-5	-1.830179E-5
6.579342E1	-4.388224E-5	-1.832737E-5
6.589341E1	-4.390384E-5	-1.849857E-5
6.599340E1	-4.395651E-5	-1.833022E-5
6.609339E1	-4.411596E-5	-1.837365E-5
6.619338E1	-4.386095E-5	-1.803892E-5
6.629337E1	-4.338746E-5	-1.789853E-5
6.639336E1	-4.348095E-5	-1.777155E-5
6.649335E1	-4.354083E-5	-1.786639E-5
6.659334E1	-4.366646E-5	-1.802970E-5
6.669333E1	-4.383991E-5	-1.806088E-5
6.679332E1	-4.378269E-5	-1.821459E-5
6.689331E1	-4.379897E-5	-1.831880E-5
6.699330E1	-4.379548E-5	-1.822154E-5
6.709329E1	-4.399660E-5	-1.829539E-5
6.719328E1	-4.416474E-5	-1.840338E-5
6.729327E1	-4.434541E-5	-1.823528E-5
6.739326E1	-4.463195E-5	-1.821646E-5
6.749325E1	-4.473659E-5	-1.821289E-5
6.759324E1	-4.511174E-5	-1.814208E-5
6.769323E1	-4.516887E-5	-1.809569E-5
6.779322E1	-4.505555E-5	-1.795121E-5
6.789321E1	-4.534297E-5	-1.785720E-5
6.799320E1	-4.536292E-5	-1.779588E-5
6.809319E1	-4.530709E-5	-1.804158E-5
6.819318E1	-4.527195E-5	-1.833291E-5
6.829317E1	-4.509815E-5	-1.817046E-5
6.839316E1	-4.519273E-5	-1.803891E-5
6.849315E1	-4.545663E-5	-1.798996E-5
6.859314E1	-4.543410E-5	-1.795785E-5
6.869313E1	-4.530871E-5	-1.764190E-5
6.879312E1	-4.549262E-5	-1.748181E-5
6.889311E1	-4.537621E-5	-1.739127E-5
6.899310E1	-4.543698E-5	-1.738104E-5
6.909309E1	-4.563913E-5	-1.735507E-5
6.919308E1	-4.543862E-5	-1.730433E-5
6.929307E1	-4.535549E-5	-1.723946E-5
6.939306E1	-4.524868E-5	-1.729215E-5
6.949305E1	-4.524244E-5	-1.741367E-5
6.959304E1	-4.531687E-5	-1.747580E-5
6.969303E1	-4.550948E-5	-1.719181E-5
6.979302E1	-4.573122E-5	-1.696387E-5
6.989301E1	-4.542802E-5	-1.697594E-5
6.999300E1	-4.533651E-5	-1.690013E-5
7.009299E1	-4.537691E-5	-1.701451E-5
7.019298E1	-4.538822E-5	-1.721119E-5
7.029297E1	-4.564913E-5	-1.722122E-5
7.039296E1	-4.559678E-5	-1.720552E-5
7.049295E1	-4.531243E-5	-1.733980E-5
7.059294E1	-4.517436E-5	-1.752748E-5
7.069293E1	-4.520068E-5	-1.744988E-5
7.079292E1	-4.519324E-5	-1.760266E-5
7.089291E1	-4.519429E-5	-1.743046E-5
7.099290E1	-4.501134E-5	-1.742112E-5
7.109289E1	-4.493301E-5	-1.709327E-5
7.119288E1	-4.508811E-5	-1.698133E-5
7.129287E1	-4.494057E-5	-1.700312E-5
7.139286E1	-4.477355E-5	-1.707140E-5
7.149285E1	-4.479105E-5	-1.694468E-5
7.159284E1	-4.494564E-5	-1.706528E-5
7.169283E1	-4.503142E-5	-1.699720E-5
7.179282E1	-4.484582E-5	-1.683585E-5
7.189281E1	-4.499943E-5	-1.684558E-5
7.199280E1	-4.487147E-5	-1.674057E-5
7.209279E1	-4.504204E-5	-1.677736E-5
7.219278E1	-4.492733E-5	-1.656844E-5
7.229277E1	-4.504762E-5	-1.634304E-5
7.239276E1	-4.517337E-5	-1.631626E-5
7.249275E1	-4.529227E-5	-1.629357E-5
7.259274E1	-4.530249E-5	-1.623693E-5
7.269273E1	-4.535617E-5	-1.600065E-5
7.279272E1	-4.540986E-5	-1.583495E-5
7.289271E1	-4.559709E-5	-1.572497E-5
7.299270E1	-4.556452E-5	-1.559767E-5
7.309269E1	-4.562416E-5	-1.547458E-5
7.319268E1	-4.560424E-5	-1.544699E-5
7.329267E1	-4.555358E-5	-1.559683E-5
7.339266E1	-4.575919E-5	-1.575628E-5
7.349265E1	-4.590169E-5	-1.585971E-5
7.359264E1	-4.603132E-5	-1.590626E-5
7.369263E1	-4.603748E-5	-1.580444E-5
7.379262E1	-4.602453E-5	-1.556548E-5
7.389261E1	-4.630691E-5	-1.544902E-5
7.399260E1	-4.631427E-5	-1.567256E-5
7.409259E1	-4.610092E-5	-1.580441E-5
7.419258E1	-4.632344E-5	-1.590379E-5
7.429257E1	-4.655962E-5	-1.608705E-5
7.439256E1	-4.668546E-5	-1.631720E-5
7.449255E1	-4.677475E-5	-1.629289E-5
7.459254E1	-4.678101E-5	-1.646721E-5
7.469253E1	-4.662639E-5	-1.668369E-5
7.479252E1	-4.675258E-5	-1.676827E-5
7.489251E1	-4.684847E-5	-1.690436E-5
7.499250E1	-4.670462E-5	-1.706368E-5
7.509249E1	-4.667320E-5	-1.693144E-5
7.519248E1	-4.679484E-5	-1.717985E-5
7.529247E1	-4.680447E-5	-1.698298E-5
7.539246E1	-4.662495E-5	-1.681715E-5
7.549245E1	-4.690487E-5	-1.661170E-5
7.559244E1	-4.683025E-5	-1.671063E-5
7.569243E1	-4.675819E-5	-1.693781E-5
7.579242E1	-4.668282E-5	-1.731558E-5
7.589241E1	-4.660133E-5	-1.740169E-5
7.599240E1	-4.655394E-5	-1.724771E-5
7.609239E1	-4.645443E-5	-1.713556E-5
7.619238E1	-4.652323E-5	-1.735071E-5
7.629237E1	-4.673319E-5	-1.759422E-5
7.639236E1	-4.699230E-5	-1.757182E-5
7.649235E1	-4.704240E-5	-1.743077E-5
7.659234E1	-4.716926E-5	-1.740396E-5
7.669233E1	-4.715839E-5	-1.773118E-5
7.679232E1	-4.695745E-5	-1.773109E-5
7.689231E1	-4.674222E-5	-1.759411E-5
7.699230E1	-4.667510E-5	-1.782857E-5
7.709229E1	-4.651734E-5	-1.803777E-5
7.719228E1	-4.668077E-5	-1.804149E-5
7.729227E1	-4.690818E-5	-1.802646E-5
7.739226E1	-4.710516E-5	-1.797454E-5
7.749225E1	-4.705193E-5	-1.775441E-5
7.759224E1	-4.729333E-5	-1.773606E-5
7.769223E1	-4.747872E-5	-1.751333E-5
7.779222E1	-4.749475E-5	-1.757420E-5
7.789221E1	-4.747646E-5	-1.768743E-5
7.799220E1	-4.728741E-5	-1.770238E-5
7.809219E1	-4.733306E-5	-1.746315E-5
7.819218E1	-4.738207E-5	-1.726208E-5
7.829217E1	-4.740195E-5	-1.707977E-5
7.839216E1	-4.722543E-5	-1.714766E-5
7.849215E1	-4.727174E-5	-1.707324E-5
7.859214E1	-4.739949E-5	-1.708160E-5
7.869213E1	-4.726954E-5	-1.724579E-5
7.879212E1	-4.717677E-5	-1.725952E-5
7.889211E1	-4.718134E-5	-1.708255E-5
7.899210E1	-4.716487E-5	-1.702949E-5
7.909209E1	-4.698950E-5	-1.719966E-5
7.919208E1	-4.679430E-5	-1.748246E-5
7.929207E1	-4.683826E-5	-1.757158E-5
7.939206E1	-4.682162E-5	-1.748951E-5
7.949205E1	-4.676219E-5	-1.736978E-5
7.959204E1	-4.672995E-5	-1.733325E-5
7.969203E1	-4.667900E-5	-1.753943E-5
7.979202E1	-4.669323E-5	-1.768726E-5
7.989201E1	-4.658936E-5	-1.791661E-5
7.999200E1	-4.621264E-5	-1.792799E-5
8.009199E1	-4.629585E-5	-1.774225E-5
8.019198E1	-4.638854E-5	-1.763833E-5
8.029197E1	-4.653948E-5	-1.769031E-5
8.039196E1	-4.664184E-5	-1.736330E-5
8.049195E1	-4.671491E-5	-1.722253E-5
8.059194E1	-4.681938E-5	-1.733046E-5
8.069193E1	-4.677077E-5	-1.741425E-5
8.079192E1	-4.678012E-5	-1.734176E-5
8.089191E1	-4.679096E-5	-1.733084E-5
8.099190E1	-4.665916E-5	-1.740929E-5
8.109189E1	-4.671685E-5	-1.732768E-5
8.119188E1	-4.693053E-5	-1.736205E-5
8.129187E1	-4.716018E-5	-1.746388E-5
8.139186E1	-4.744781E-5	-1.752973E-5
8.149185E1	-4.762101E-5	-1.759577E-5
8.159184E1	-4.763431E-5	-1.761526E-5
8.169183E1	-4.762436E-5	-1.747656E-5
8.179182E1	-4.743237E-5	-1.757140E-5
8.189181E1	-4.721728E-5	-1.778298E-5
8.199180E1	-4.738056E-5	-1.800622E-5
8.209179E1	-4.757136E-5	-1.819678E-5
8.219178E1	-4.747088E-5	-1.818397E-5
8.229177E1	-4.776414E-5	-1.800099E-5
8.239176E1	-4.812196E-5	-1.796933E-5
8.249175E1	-4.816561E-5	-1.794573E-5
8.259174E1	-4.792958E-5	-1.783437E-5
8.269173E1	-4.764679E-5	-1.751704E-5
8.279172E1	-4.737941E-5	-1.752999E-5
8.289171E1	-4.730722E-5	-1.770478E-5
8.299170E1	-4.728637E-5	-1.755617E-5
8.309169E1	-4.722207E-5	-1.774995E-5
8.319168E1	-4.716064E-5	-1.813445E-5
8.329167E1	-4.738799E-5	-1.814600E-5
8.339166E1	-4.735468E-5	-1.834424E-5
8.349165E1	-4.735101E-5	-1.841534E-5
8.359164E1	-4.744501E-5	-1.834581E-5
8.369163E1	-4.740035E-5	-1.840752E-5
8.379162E1	-4.739279E-5	-1.832234E-5
8.389161E1	-4.739639E-5	-1.844885E-5
8.399160E1	-4.760581E-5	-1.853941E-5
8.409159E1	-4.760290E-5	-1.830105E-5
8.419158E1	-4.755696E-5	-1.814097E-5
8.429157E1	-4.754438E-5	-1.824728E-5
8.439156E1	-4.760148E-5	-1.816489E-5
8.449155E1	-4.784583E-5	-1.786488E-5
8.459154E1	-4.773134E-5	-1.800404E-5
8.469153E1	-4.769755E-5	-1.804827E-5
8.479152E1	-4.767042E-5	-1.827654E-5
8.489151E1	-4.769829E-5	-1.833974E-5
8.499150E1	-4.781034E-5	-1.841360E-5
8.509149E1	-4.800253E-5	-1.843455E-5
8.519148E1	-4.812736E-5	-1.834123E-5
8.529147E1	-4.811367E-5	-1.813376E-5
8.539146E1	-4.817854E-5	-1.815039E-5
8.549145E1	-4.813948E-5	-1.830808E-5
8.559144E1	-4.840914E-5	-1.835692E-5
8.569143E1	-4.848150E-5	-1.852517E-5
8.579142E1	-4.849791E-5	-1.861602E-5
8.589141E1	-4.841837E-5	-1.848512E-5
8.599140E1	-4.842861E-5	-1.861945E-5
8.609139E1	-4.858621E-5	-1.854078E-5
8.619138E1	-4.879629E-5	-1.827446E-5
8.629137E1	-4.897544E-5	-1.851153E-5
8.639136E1	-4.890760E-5	-1.859276E-5
8.649135E1	-4.846486E-5	-1.860027E-5
8.659134E1	-4.832229E-5	-1.859694E-5
8.669133E1	-4.815072E-5	-1.845503E-5
8.679132E1	-4.819515E-5	-1.816672E-5
8.689131E1	-4.830081E-5	-1.812963E-5
8.699130E1	-4.825858E-5	-1.833634E-5
8.709129E1	-4.826938E-5	-1.840251E-5
8.719128E1	-4.843925E-5	-1.835647E-5
8.729127E1	-4.851388E-5	-1.830680E-5
8.739126E1	-4.852499E-5	-1.840201E-5
8.749125E1	-4.863247E-5	-1.862525E-5
8.759124E1	-4.865048E-5	-1.865443E-5
8.769123E1	-4.869135E-5	-1.854762E-5
8.779122E1	-4.864184E-5	-1.866096E-5
8.789121E1	-4.873252E-5	-1.869823E-5
8.799120E1	-4.870370E-5	-1.877575E-5
8.809119E1	-4.885246E-5	-1.866504E-5
8.819118E1	-4.857760E-5	-1.863813E-5
8.829117E1	-4.835483E-5	-1.819657E-5
8.839116E1	-4.838534E-5	-1.816592E-5
8.849115E1	-4.862602E-5	-1.836590E-5
8.859114E1	-4.832745E-5	-1.859272E-5
8.869113E1	-4.872488E-5	-1.844431E-5
8.879112E1	-4.887803E-5	-1.856224E-5
8.889111E1	-4.876231E-5	-1.856336E-5
8.899110E1	-4.887980E-5	-1.873952E-5
8.909109E1	-4.887592E-5	-1.880904E-5
8.919108E1	-4.860505E-5	-1.881424E-5
8.929107E1	-4.856546E-5	-1.886932E-5
8.939106E1	-4.845980E-5	-1.880013E-5
8.949105E1	-4.828398E-5	-1.878389E-5
8.959104E1	-4.814053E-5	-1.881301E-5
8.969103E1	-4.826787E-5	-1.872687E-5
8.979102E1	-4.827019E-5	-1.881418E-5
8.989101E1	-4.837940E-5	-1.902106E-5
8.999100E1	-4.841242E-5	-1.935138E-5
9.009099E1	-4.845598E-5	-1.961265E-5
9.019098E1	-4.811318E-5	-1.978997E-5
9.029097E1	-4.821831E-5	-2.001596E-5
9.039096E1	-4.813241E-5	-1.983981E-5
9.049095E1	-4.803006E-5	-1.993487E-5
9.059094E1	-4.814662E-5	-1.996572E-5
9.069093E1	-4.837638E-5	-2.005755E-5
9.079092E1	-4.839473E-5	-2.026108E-5
9.089091E1	-4.836289E-5	-2.034870E-5
9.099090E1	-4.796663E-5	-2.024928E-5
9.109089E1	-4.803382E-5	-2.004943E-5
9.119088E1	-4.808030E-5	-2.010910E-5
9.129087E1	-4.814455E-5	-2.008135E-5
9.139086E1	-4.808509E-5	-2.001815E-5
9.149085E1	-4.829366E-5	-1.996194E-5
9.159084E1	-4.834513E-5	-1.996009E-5
9.169083E1	-4.837505E-5	-1.976325E-5
9.179082E1	-4.828635E-5	-1.998481E-5
9.189081E1	-4.839643E-5	-2.005538E-5
9.199080E1	-4.847552E-5	-2.019810E-5
9.209079E1	-4.841766E-5	-2.021067E-5
9.219078E1	-4.848648E-5	-2.034040E-5
9.229077E1	-4.860655E-5	-2.057940E-5
9.239076E1	-4.866028E-5	-2.045453E-5
9.249075E1	-4.860886E-5	-2.059017E-5
9.259074E1	-4.837621E-5	-2.058395E-5
9.269073E1	-4.829508E-5	-2.059174E-5
9.279072E1	-4.837191E-5	-2.058150E-5
9.289071E1	-4.835665E-5	-2.041528E-5
9.299070E1	-4.847750E-5	-2.025656E-5
9.309069E1	-4.867197E-5	-2.022434E-5
9.319068E1	-4.871981E-5	-2.019943E-5
9.329067E1	-4.885933E-5	-2.020491E-5
9.339066E1	-4.893198E-5	-2.027152E-5
9.349065E1	-4.910619E-5	-2.039947E-5
9.359064E1	-4.897075E-5	-2.028984E-5
9.369063E1	-4.911319E-5	-2.001320E-5
9.379062E1	-4.905914E-5	-1.983300E-5
9.389061E1	-4.890805E-5	-1.972560E-5
9.399060E1	-4.885831E-5	-1.976182E-5
9.409059E1	-4.878839E-5	-1.988474E-5
9.419058E1	-4.880397E-5	-1.969212E-5
9.429057E1	-4.879893E-5	-1.961253E-5
9.439056E1	-4.881291E-5	-1.956040E-5
9.449055E1	-4.877599E-5	-1.962359E-5
9.459054E1	-4.871630E-5	-1.960803E-5
9.469053E1	-4.866100E-5	-1.965723E-5
9.479052E1	-4.849346E-5	-1.954670E-5
9.489051E1	-4.850799E-5	-1.961240E-5
9.499050E1	-4.875253E-5	-1.957297E-5
9.509049E1	-4.877300E-5	-1.963422E-5
9.519048E1	-4.897373E-5	-1.962611E-5
9.529047E1	-4.916784E-5	-1.975374E-5
9.539046E1	-4.942857E-5	-1.962041E-5
9.549045E1	-4.963500E-5	-1.941104E-5
9.559044E1	-4.987526E-5	-1.953989E-5
9.569043E1	-4.969241E-5	-1.972815E-5
9.579042E1	-4.993905E-5	-1.976737E-5
9.589041E1	-5.005577E-5	-2.012137E-5
9.599040E1	-4.991568E-5	-2.036163E-5
9.609039E1	-4.982423E-5	-2.072364E-5
9.619038E1	-4.978846E-5	-2.080791E-5
9.629037E1	-4.984035E-5	-2.070054E-5
9.639036E1	-5.013677E-5	-2.070058E-5
9.649035E1	-5.006478E-5	-2.099678E-5
9.659034E1	-5.013808E-5	-2.109531E-5
9.669033E1	-5.001615E-5	-2.097458E-5
9.679032E1	-5.010830E-5	-2.093256E-5
9.689031E1	-5.001922E-5	-2.081730E-5
9.699030E1	-5.004096E-5	-2.059721E-5
9.709029E1	-5.006849E-5	-2.081632E-5
9.719028E1	-5.000634E-5	-2.071087E-5
9.729027E1	-4.981572E-5	-2.042516E-5
9.739026E1	-4.971352E-5	-2.037157E-5
9.749025E1	-4.955699E-5	-2.021745E-5
9.759024E1	-4.979216E-5	-1.990173E-5
9.769023E1	-5.000124E-5	-1.985119E-5
9.779022E1	-5.013961E-5	-1.978707E-5
9.789021E1	-5.004780E-5	-1.990796E-5
9.799020E1	-5.001600E-5	-2.022085E-5
9.809019E1	-5.016524E-5	-2.033690E-5
9.819018E1	-4.999368E-5	-2.047642E-5
9.829017E1	-4.971994E-5	-2.058135E-5
9.839016E1	-4.958952E-5	-2.053076E-5
9.849015E1	-4.932295E-5	-2.068319E-5
9.859014E1	-4.916099E-5	-2.080042E-5
9.869013E1	-4.881848E-5	-2.079518E-5
9.879012E1	-4.870480E-5	-2.075747E-5
9.889011E1	-4.870686E-5	-2.053021E-5
9.899010E1	-4.888534E-5	-2.037614E-5
9.909009E1	-4.897393E-5	-2.035491E-5
9.919008E1	-4.885327E-5	-2.060994E-5
9.929007E1	-4.838961E-5	-2.078823E-5
9.939006E1	-4.838909E-5	-2.083139E-5
9.949005E1	-4.828784E-5	-2.086126E-5
9.959004E1	-4.807723E-5	-2.072968E-5
9.969003E1	-4.799655E-5	-2.064464E-5
9.979002E1	-4.787015E-5	-2.054169E-5
9.989001E1	-4.788903E-5	-2.058425E-5
9.999000E1	-4.790093E-5	-2.061924E-5
1.000900E2	-4.798553E-5	-2.055332E-5
1.001900E2	-4.788770E-5	-2.081662E-5
1.002900E2	-4.781393E-5	-2.089483E-5
1.003900E2	-4.771172E-5	-2.093672E-5
1.004900E2	-4.750962E-5	-2.114562E-5
1.005899E2	-4.739154E-5	-2.133776E-5
1.006899E2	-4.710002E-5	-2.138944E-5
1.007899E2	-4.703726E-5	-2.135410E-5
1.008899E2	-4.702114E-5	-2.146297E-5
1.009899E2	-4.714527E-5	-2.149543E-5
1.010899E2	-4.710290E-5	-2.133975E-5
1.011899E2	-4.705326E-5	-2.129915E-5
1.012899E2	-4.700046E-5	-2.138912E-5
1.013899E2	-4.679154E-5	-2.127458E-5
1.014899E2	-4.676026E-5	-2.114653E-5
1.015898E2	-4.692253E-5	-2.116438E-5
1.016898E2	-4.720851E-5	-2.105759E-5
1.017898E2	-4.733093E-5	-2.131302E-5
1.018898E2	-4.749533E-5	-2.148813E-5
1.019898E2	-4.757667E-5	-2.147526E-5
1.020898E2	-4.757224E-5	-2.157046E-5
1.021898E2	-4.750715E-5	-2.167891E-5
1.022898E2	-4.762609E-5	-2.163564E-5
1.023898E2	-4.750214E-5	-2.137257E-5
1.024898E2	-4.760948E-5	-2.134071E-5
1.025897E2	-4.753549E-5	-2.116461E-5
1.026897E2	-4.759077E-5	-2.103607E-5
1.027897E2	-4.776139E-5	-2.092892E-5
1.028897E2	-4.749320E-5	-2.100583E-5
1.029897E2	-4.730372E-5	-2.098910E-5
1.030897E2	-4.713204E-5	-2.083245E-5
1.031897E2	-4.701043E-5	-2.066444E-5
1.032897E2	-4.688393E-5	-2.066424E-5
1.033897E2	-4.696436E-5	-2.057348E-5
1.034897E2	-4.714892E-5	-2.078000E-5
1.035896E2	-4.729149E-5	-2.040158E-5
1.036896E2	-4.742611E-5	-2.017577E-5
1.037896E2	-4.733718E-5	-2.024815E-5
1.038896E2	-4.728384E-5	-2.023461E-5
1.039896E2	-4.730632E-5	-2.029794E-5
1.040896E2	-4.728116E-5	-2.023935E-5
1.041896E2	-4.714906E-5	-2.031569E-5
1.042896E2	-4.705876E-5	-2.019941E-5
1.043896E2	-4.691852E-5	-1.999839E-5
1.044896E2	-4.698868E-5	-1.997990E-5
1.045895E2	-4.690981E-5	-1.974470E-5
1.046895E2	-4.687335E-5	-1.984885E-5
1.047895E2	-4.669711E-5	-2.003015E-5
1.048895E2	-4.666091E-5	-2.007387E-5
1.049895E2	-4.653107E-5	-2.005964E-5
1.050895E2	-4.654509E-5	-2.013466E-5
1.051895E2	-4.655048E-5	-2.013722E-5
1.052895E2	-4.665819E-5	-2.024681E-5
1.053895E2	-4.663426E-5	-2.021599E-5
1.054895E2	-4.655127E-5	-2.015761E-5
1.055894E2	-4.669688E-5	-2.016979E-5
1.056894E2	-4.660972E-5	-1.991981E-5
1.057894E2	-4.671565E-5	-1.969288E-5
1.058894E2	-4.666112E-5	-1.969321E-5
1.059894E2	-4.691059E-5	-1.995924E-5
1.060894E2	-4.674351E-5	-1.997803E-5
1.061894E2	-4.675701E-5	-1.999329E-5
1.062894E2	-4.651157E-5	-1.999286E-5
1.063894E2	-4.639958E-5	-1.985468E-5
1.064894E2	-4.633449E-5	-1.982477E-5
1.065893E2	-4.630656E-5	-1.976796E-5
1.066893E2	-4.642434E-5	-1.971303E-5
1.067893E2	-4.656010E-5	-1.955235E-5
1.068893E2	-4.667137E-5	-1.941897E-5
1.069893E2	-4.667821E-5	-1.931396E-5
1.070893E2	-4.660595E-5	-1.889208E-5
1.071893E2	-4.670818E-5	-1.881191E-5
1.072893E2	-4.643681E-5	-1.887542E-5
1.073893E2	-4.629613E-5	-1.879477E-5
1.074893E2	-4.643189E-5	-1.873650E-5
1.075892E2	-4.648426E-5	-1.862885E-5
1.076892E2	-4.646464E-5	-1.876145E-5
1.077892E2	-4.655413E-5	-1.875567E-5
1.078892E2	-4.646815E-5	-1.865029E-5
1.079892E2	-4.660171E-5	-1.838550E-5
1.080892E2	-4.671605E-5	-1.826719E-5
1.081892E2	-4.647868E-5	-1.823684E-5
1.082892E2	-4.643114E-5	-1.798656E-5
1.083892E2	-4.633251E-5	-1.786508E-5
1.084892E2	-4.614846E-5	-1.798070E-5
1.085891E2	-4.608696E-5	-1.803033E-5
1.086891E2	-4.587019E-5	-1.801298E-5
1.087891E2	-4.573312E-5	-1.818754E-5
1.088891E2	-4.574297E-5	-1.829789E-5
1.089891E2	-4.548762E-5	-1.849397E-5
1.090891E2	-4.539566E-5	-1.865474E-5
1.091891E2	-4.513017E-5	-1.870186E-5
1.092891E2	-4.498362E-5	-1.874222E-5
1.093891E2	-4.530653E-5	-1.859905E-5
1.094891E2	-4.535391E-5	-1.872880E-5
1.095890E2	-4.546297E-5	-1.872925E-5
1.096890E2	-4.548279E-5	-1.868352E-5
1.097890E2	-4.547118E-5	-1.863273E-5
1.098890E2	-4.525898E-5	-1.869235E-5
1.099890E2	-4.524414E-5	-1.860503E-5
1.100890E2	-4.525845E-5	-1.838566E-5
1.101890E2	-4.502554E-5	-1.836089E-5
1.102890E2	-4.489492E-5	-1.847353E-5
1.103890E2	-4.492455E-5	-1.838662E-5
1.104890E2	-4.499508E-5	-1.855137E-5
1.105889E2	-4.525598E-5	-1.870097E-5
1.106889E2	-4.537556E-5	-1.870673E-5
1.107889E2	-4.524546E-5	-1.854839E-5
1.108889E2	-4.543781E-5	-1.856065E-5
1.109889E2	-4.556912E-5	-1.819960E-5
1.110889E2	-4.540213E-5	-1.792373E-5
1.111889E2	-4.546179E-5	-1.778250E-5
1.112889E2	-4.573825E-5	-1.777643E-5
1.113889E2	-4.575692E-5	-1.770585E-5
1.114889E2	-4.585762E-5	-1.792407E-5
1.115888E2	-4.564450E-5	-1.785577E-5
1.116888E2	-4.544833E-5	-1.784735E-5
1.117888E2	-4.560273E-5	-1.781589E-5
1.118888E2	-4.569099E-5	-1.784902E-5
1.119888E2	-4.561042E-5	-1.785074E-5
1.120888E2	-4.575325E-5	-1.767488E-5
1.121888E2	-4.573486E-5	-1.760489E-5
1.122888E2	-4.548601E-5	-1.741956E-5
1.123888E2	-4.523285E-5	-1.761317E-5
1.124888E2	-4.533017E-5	-1.755417E-5
1.125887E2	-4.541597E-5	-1.757797E-5
1.126887E2	-4.539356E-5	-1.749855E-5
1.127887E2	-4.538984E-5	-1.769158E-5
1.128887E2	-4.536152E-5	-1.766049E-5
1.129887E2	-4.539182E-5	-1.759847E-5
1.130887E2	-4.559336E-5	-1.739742E-5
1.131887E2	-4.560855E-5	-1.746880E-5
1.132887E2	-4.571578E-5	-1.748736E-5
1.133887E2	-4.562543E-5	-1.740315E-5
1.134887E2	-4.571288E-5	-1.724271E-5
1.135886E2	-4.577204E-5	-1.708396E-5
1.136886E2	-4.591359E-5	-1.703779E-5
1.137886E2	-4.603191E-5	-1.694362E-5
1.138886E2	-4.594869E-5	-1.673345E-5
1.139886E2	-4.587735E-5	-1.678828E-5
1.140886E2	-4.565829E-5	-1.684283E-5
1.141886E2	-4.561664E-5	-1.654921E-5
1.142886E2	-4.543573E-5	-1.655256E-5
1.143886E2	-4.527205E-5	-1.676700E-5
1.144886E2	-4.525691E-5	-1.656656E-5
1.145885E2	-4.534635E-5	-1.622857E-5
1.146885E2	-4.517564E-5	-1.617459E-5
1.147885E2	-4.494441E-5	-1.631103E-5
1.148885E2	-4.485466E-5	-1.626157E-5
1.149885E2	-4.520845E-5	-1.637837E-5
1.150885E2	-4.528585E-5	-1.666204E-5
1.151885E2	-4.521738E-5	-1.686677E-5
1.152885E2	-4.522734E-5	-1.676801E-5
1.153885E2	-4.542230E-5	-1.655646E-5
1.154885E2	-4.560470E-5	-1.643933E-5
1.155884E2	-4.578441E-5	-1.633474E-5
1.156884E2	-4.586646E-5	-1.656201E-5
1.157884E2	-4.576322E-5	-1.667812E-5
1.158884E2	-4.565001E-5	-1.662996E-5
1.159884E2	-4.542095E-5	-1.652643E-5
1.160884E2	-4.526152E-5	-1.641330E-5
1.161884E2	-4.505161E-5	-1.634377E-5
1.162884E2	-4.503140E-5	-1.635690E-5
1.163884E2	-4.495416E-5	-1.621548E-5
1.164884E2	-4.495344E-5	-1.602034E-5
1.165883E2	-4.507539E-5	-1.600555E-5
1.166883E2	-4.512140E-5	-1.586669E-5
1.167883E2	-4.493127E-5	-1.578737E-5
1.168883E2	-4.481365E-5	-1.565597E-5
1.169883E2	-4.508452E-5	-1.552121E-5
1.170883E2	-4.515715E-5	-1.530452E-5
1.171883E2	-4.522667E-5	-1.521308E-5
1.172883E2	-4.521232E-5	-1.527510E-5
1.173883E2	-4.506593E-5	-1.546211E-5
1.174883E2	-4.505512E-5	-1.550111E-5
1.175882E2	-4.503976E-5	-1.526926E-5
1.176882E2	-4.515949E-5	-1.511435E-5
1.177882E2	-4.504533E-5	-1.489121E-5
1.178882E2	-4.503116E-5	-1.497100E-5
1.179882E2	-4.498727E-5	-1.519217E-5
1.180882E2	-4.496730E-5	-1.550644E-5
1.181882E2	-4.479430E-5	-1.543588E-5
1.182882E2	-4.470858E-5	-1.535724E-5
1.183882E2	-4.477850E-5	-1.547724E-5
1.184882E2	-4.498740E-5	-1.537737E-5
1.185881E2	-4.518051E-5	-1.542461E-5
1.186881E2	-4.551940E-5	-1.558084E-5
1.187881E2	-4.541205E-5	-1.558941E-5
1.188881E2	-4.518891E-5	-1.570885E-5
1.189881E2	-4.508763E-5	-1.587679E-5
1.190881E2	-4.507722E-5	-1.589848E-5
1.191881E2	-4.503561E-5	-1.590312E-5
1.192881E2	-4.491877E-5	-1.594458E-5
1.193881E2	-4.495553E-5	-1.597140E-5
1.194881E2	-4.499615E-5	-1.586609E-5
1.195880E2	-4.481675E-5	-1.572820E-5
1.196880E2	-4.469520E-5	-1.569276E-5
1.197880E2	-4.442195E-5	-1.586993E-5
1.198880E2	-4.453525E-5	-1.629581E-5
1.199880E2	-4.467706E-5	-1.642607E-5
1.200880E2	-4.477829E-5	-1.630597E-5
1.201880E2	-4.510929E-5	-1.634040E-5
1.202880E2	-4.519864E-5	-1.651638E-5
1.203880E2	-4.533681E-5	-1.647192E-5
1.204880E2	-4.559348E-5	-1.664783E-5
1.205879E2	-4.562778E-5	-1.668484E-5
1.206879E2	-4.564610E-5	-1.650753E-5
1.207879E2	-4.565018E-5	-1.646685E-5
1.208879E2	-4.560636E-5	-1.635716E-5
1.209879E2	-4.577600E-5	-1.610059E-5
1.210879E2	-4.564773E-5	-1.609807E-5
1.211879E2	-4.540925E-5	-1.605487E-5
1.212879E2	-4.566775E-5	-1.617547E-5
1.213879E2	-4.572379E-5	-1.620537E-5
1.214879E2	-4.585059E-5	-1.637269E-5
1.215878E2	-4.597443E-5	-1.638390E-5
1.216878E2	-4.604086E-5	-1.647143E-5
1.217878E2	-4.601290E-5	-1.637063E-5
1.218878E2	-4.585693E-5	-1.615668E-5
1.219878E2	-4.567794E-5	-1.631586E-5
1.220878E2	-4.554126E-5	-1.638403E-5
1.221878E2	-4.560944E-5	-1.640106E-5
1.222878E2	-4.575898E-5	-1.636292E-5
1.223878E2	-4.568316E-5	-1.647596E-5
1.224878E2	-4.597072E-5	-1.667334E-5
1.225877E2	-4.613618E-5	-1.661840E-5
1.226877E2	-4.617279E-5	-1.659846E-5
1.227877E2	-4.613176E-5	-1.676181E-5
1.228877E2	-4.600859E-5	-1.687203E-5
1.229877E2	-4.596655E-5	-1.666727E-5
1.230877E2	-4.564416E-5	-1.641176E-5
1.231877E2	-4.566604E-5	-1.648565E-5
1.232877E2	-4.577654E-5	-1.662308E-5
1.233877E2	-4.590251E-5	-1.649284E-5
1.234877E2	-4.590287E-5	-1.675692E-5
1.235876E2	-4.594071E-5	-1.686474E-5
1.236876E2	-4.605114E-5	-1.696141E-5
1.237876E2	-4.612938E-5	-1.691124E-5
1.238876E2	-4.609457E-5	-1.689227E-5
1.239876E2	-4.598351E-5	-1.658400E-5
1.240876E2	-4.591235E-5	-1.636801E-5
1.241876E2	-4.594287E-5	-1.633804E-5
1.242876E2	-4.596637E-5	-1.662119E-5
1.243876E2	-4.607465E-5	-1.656682E-5
1.244876E2	-4.625552E-5	-1.650402E-5
1.245875E2	-4.622793E-5	-1.661013E-5
1.246875E2	-4.648055E-5	-1.644598E-5
1.247875E2	-4.668667E-5	-1.648576E-5
1.248875E2	-4.690879E-5	-1.661077E-5
1.249875E2	-4.697973E-5	-1.660863E-5
1.250875E2	-4.711455E-5	-1.652598E-5
1.251875E2	-4.718146E-5	-1.653898E-5
1.252875E2	-4.721830E-5	-1.646200E-5
1.253875E2	-4.741018E-5	-1.621029E-5
1.254875E2	-4.769334E-5	-1.618096E-5
1.255874E2	-4.790737E-5	-1.605227E-5
1.256874E2	-4.798571E-5	-1.579484E-5
1.257874E2	-4.811524E-5	-1.583991E-5
1.258874E2	-4.806632E-5	-1.594941E-5
1.259874E2	-4.801978E-5	-1.602798E-5
1.260874E2	-4.809111E-5	-1.611194E-5
1.261874E2	-4.805089E-5	-1.621099E-5
1.262874E2	-4.833914E-5	-1.635868E-5
1.263874E2	-4.847032E-5	-1.632441E-5
1.264874E2	-4.855495E-5	-1.646108E-5
1.265873E2	-4.866829E-5	-1.640333E-5
1.266873E2	-4.864313E-5	-1.639898E-5
1.267873E2	-4.875612E-5	-1.641303E-5
1.268873E2	-4.875361E-5	-1.625306E-5
1.269873E2	-4.857555E-5	-1.623204E-5
1.270873E2	-4.845102E-5	-1.640232E-5
1.271873E2	-4.833701E-5	-1.634842E-5
1.272873E2	-4.820771E-5	-1.610874E-5
1.273873E2	-4.816670E-5	-1.615196E-5
1.274873E2	-4.835753E-5	-1.631679E-5
1.275872E2	-4.849112E-5	-1.638217E-5
1.276872E2	-4.836091E-5	-1.668383E-5
1.277872E2	-4.821200E-5	-1.689053E-5
1.278872E2	-4.806272E-5	-1.678529E-5
1.279872E2	-4.797567E-5	-1.688215E-5
1.280872E2	-4.784412E-5	-1.703040E-5
1.281872E2	-4.774226E-5	-1.709829E-5
1.282872E2	-4.798919E-5	-1.725960E-5
1.283872E2	-4.803209E-5	-1.755353E-5
1.284872E2	-4.816110E-5	-1.758882E-5
1.285871E2	-4.842430E-5	-1.802929E-5
1.286871E2	-4.864470E-5	-1.806302E-5
1.287871E2	-4.876231E-5	-1.812266E-5
1.288871E2	-4.847529E-5	-1.820738E-5
1.289871E2	-4.841273E-5	-1.829004E-5
1.290871E2	-4.825387E-5	-1.841504E-5
1.291871E2	-4.821167E-5	-1.845275E-5
1.292871E2	-4.817405E-5	-1.855045E-5
1.293871E2	-4.813088E-5	-1.857316E-5
1.294871E2	-4.811219E-5	-1.858851E-5
1.295870E2	-4.815004E-5	-1.852949E-5
1.296870E2	-4.824981E-5	-1.853158E-5
1.297870E2	-4.818898E-5	-1.857323E-5
1.298870E2	-4.804685E-5	-1.859088E-5
1.299870E2	-4.810372E-5	-1.849997E-5
1.300870E2	-4.805561E-5	-1.846687E-5
1.301870E2	-4.803289E-5	-1.849908E-5
1.302870E2	-4.802258E-5	-1.847321E-5
1.303870E2	-4.805644E-5	-1.847431E-5
1.304870E2	-4.801341E-5	-1.850656E-5
1.305869E2	-4.803277E-5	-1.846553E-5
1.306869E2	-4.806313E-5	-1.856722E-5
1.307869E2	-4.803914E-5	-1.850427E-5
1.308869E2	-4.801451E-5	-1.848839E-5
1.309869E2	-4.800773E-5	-1.852050E-5
1.310869E2	-4.800851E-5	-1.857875E-5
1.311869E2	-4.803417E-5	-1.859852E-5
1.312869E2	-4.802746E-5	-1.856037E-5
1.313869E2	-4.801130E-5	-1.860172E-5
1.314869E2	-4.803283E-5	-1.852305E-5
1.315868E2	-4.798789E-5	-1.860273E-5
1.316868E2	-4.803832E-5	-1.867069E-5
1.317868E2	-4.802409E-5	-1.854265E-5
1.318868E2	-4.801679E-5	-1.848587E-5
1.319868E2	-4.800991E-5	-1.852349E-5
1.320868E2	-4.798159E-5	-1.853043E-5
1.321868E2	-4.801948E-5	-1.859733E-5
1.322868E2	-4.806791E-5	-1.864637E-5
1.323868E2	-4.807177E-5	-1.850666E-5
1.324868E2	-4.806823E-5	-1.848961E-5
1.325867E2	-4.800868E-5	-1.855010E-5
1.326867E2	-4.800532E-5	-1.853000E-5
1.327867E2	-4.804118E-5	-1.852109E-5
1.328867E2	-4.801934E-5	-1.852682E-5
1.329867E2	-4.802658E-5	-1.849367E-5
1.330867E2	-4.803850E-5	-1.849704E-5
1.331867E2	-4.804124E-5	-1.849146E-5
1.332867E2	-4.802068E-5	-1.845406E-5
1.333867E2	-4.802969E-5	-1.857978E-5
1.334867E2	-4.803984E-5	-1.860082E-5
1.335866E2	-4.801205E-5	-1.852137E-5
1.336866E2	-4.800579E-5	-1.857149E-5
1.337866E2	-4.797221E-5	-1.853634E-5
1.338866E2	-4.801047E-5	-1.852432E-5
1.339866E2	-4.803189E-5	-1.852268E-5
1.340866E2	-4.801122E-5	-1.853886E-5
1.341866E2	-4.800241E-5	-1.858922E-5
1.342866E2	-4.802099E-5	-1.856740E-5
1.343866E2	-4.802570E-5	-1.862276E-5
1.344866E2	-4.801345E-5	-1.860332E-5
1.345865E2	-4.803951E-5	-1.852803E-5
1.346865E2	-4.803765E-5	-1.856056E-5
1.347865E2	-4.803659E-5	-1.853669E-5
1.348865E2	-4.800740E-5	-1.849891E-5
1.349865E2	-4.800420E-5	-1.854705E-5
1.350865E2	-4.804372E-5	-1.853188E-5
1.351865E2	-4.802580E-5	-1.845884E-5
1.352865E2	-4.807161E-5	-1.843671E-5
1.353865E2	-4.801750E-5	-1.846244E-5
1.354865E2	-4.800372E-5	-1.853398E-5
1.355864E2	-4.799455E-5	-1.852349E-5
1.356864E2	-4.800336E-5	-1.852148E-5
1.357864E2	-4.795507E-5	-1.853092E-5
1.358864E2	-4.791578E-5	-1.851362E-5
1.359864E2	-4.797016E-5	-1.843807E-5
1.360864E2	-4.788405E-5	-1.842736E-5
1.361864E2	-4.793863E-5	-1.842194E-5
1.362864E2	-4.789729E-5	-1.845876E-5
1.363864E2	-4.778984E-5	-1.844148E-5
1.364864E2	-4.767980E-5	-1.843229E-5
1.365863E2	-4.757652E-5	-1.855007E-5
1.366863E2	-4.776724E-5	-1.843287E-5
1.367863E2	-4.784285E-5	-1.830302E-5
1.368863E2	-4.768292E-5	-1.854231E-5
1.369863E2	-4.740873E-5	-1.870690E-5
1.370863E2	-4.731307E-5	-1.873491E-5
1.371863E2	-4.727755E-5	-1.895313E-5
1.372863E2	-4.718022E-5	-1.930494E-5
1.373863E2	-4.702481E-5	-1.940125E-5
1.374863E2	-4.700465E-5	-1.910586E-5
1.375862E2	-4.716107E-5	-1.898522E-5
1.376862E2	-4.703407E-5	-1.901319E-5
1.377862E2	-4.702972E-5	-1.907104E-5
1.378862E2	-4.709630E-5	-1.911118E-5
1.379862E2	-4.708061E-5	-1.900157E-5
1.380862E2	-4.727057E-5	-1.878100E-5
1.381862E2	-4.740890E-5	-1.895447E-5
1.382862E2	-4.755065E-5	-1.929283E-5
1.383862E2	-4.739085E-5	-1.945415E-5
1.384862E2	-4.723395E-5	-1.964604E-5
1.385861E2	-4.721978E-5	-1.968790E-5
1.386861E2	-4.701547E-5	-1.976886E-5
1.387861E2	-4.688486E-5	-2.001596E-5
1.388861E2	-4.656938E-5	-2.013016E-5
1.389861E2	-4.638123E-5	-2.004968E-5
1.390861E2	-4.631378E-5	-2.013237E-5
1.391861E2	-4.633645E-5	-1.995575E-5
1.392861E2	-4.613161E-5	-1.986511E-5
1.393861E2	-4.592426E-5	-1.993999E-5
1.394861E2	-4.554635E-5	-1.991143E-5
1.395860E2	-4.556345E-5	-1.999018E-5
1.396860E2	-4.571400E-5	-2.019941E-5
1.397860E2	-4.574046E-5	-2.028556E-5
1.398860E2	-4.552427E-5	-2.021827E-5
1.399860E2	-4.537027E-5	-2.028341E-5
1.400860E2	-4.543780E-5	-2.039577E-5
1.401860E2	-4.525659E-5	-2.060779E-5
1.402860E2	-4.523658E-5	-2.051687E-5
1.403860E2	-4.534732E-5	-2.036784E-5
1.404860E2	-4.522363E-5	-2.038311E-5
1.405859E2	-4.541539E-5	-2.053090E-5
1.406859E2	-4.550497E-5	-2.069066E-5
1.407859E2	-4.572075E-5	-2.059672E-5
1.408859E2	-4.589957E-5	-2.065221E-5
1.409859E2	-4.600205E-5	-2.057263E-5
1.410859E2	-4.585722E-5	-2.064245E-5
1.411859E2	-4.558919E-5	-2.046166E-5
1.412859E2	-4.560905E-5	-2.031526E-5
1.413859E2	-4.556129E-5	-2.018495E-5
1.414859E2	-4.549010E-5	-2.023874E-5
1.415858E2	-4.528742E-5	-2.021951E-5
1.416858E2	-4.521014E-5	-2.013607E-5
1.417858E2	-4.527654E-5	-2.015013E-5
1.418858E2	-4.536952E-5	-2.026629E-5
1.419858E2	-4.545158E-5	-2.057084E-5
1.420858E2	-4.525948E-5	-2.067094E-5
1.421858E2	-4.513513E-5	-2.054530E-5
1.422858E2	-4.540058E-5	-2.057649E-5
1.423858E2	-4.550017E-5	-2.063570E-5
1.424858E2	-4.557745E-5	-2.060077E-5
1.425857E2	-4.548184E-5	-2.073662E-5
1.426857E2	-4.569441E-5	-2.082372E-5
1.427857E2	-4.573780E-5	-2.061855E-5
1.428857E2	-4.585728E-5	-2.048311E-5
1.429857E2	-4.554300E-5	-2.042722E-5
1.430857E2	-4.537525E-5	-2.044336E-5
1.431857E2	-4.538052E-5	-2.024804E-5
1.432857E2	-4.535835E-5	-2.042451E-5
1.433857E2	-4.537647E-5	-2.043653E-5
1.434857E2	-4.562541E-5	-2.054169E-5
1.435856E2	-4.582129E-5	-2.081481E-5
1.436856E2	-4.559056E-5	-2.099945E-5
1.437856E2	-4.551858E-5	-2.114222E-5
1.438856E2	-4.542799E-5	-2.136508E-5
1.439856E2	-4.549206E-5	-2.179198E-5
1.440856E2	-4.562479E-5	-2.219076E-5
1.441856E2	-4.557784E-5	-2.231524E-5
1.442856E2	-4.562363E-5	-2.249121E-5
1.443856E2	-4.573981E-5	-2.254806E-5
1.444856E2	-4.573292E-5	-2.274613E-5
1.445855E2	-4.577064E-5	-2.309258E-5
1.446855E2	-4.594439E-5	-2.313361E-5
1.447855E2	-4.611851E-5	-2.292696E-5
1.448855E2	-4.606764E-5	-2.296980E-5
1.449855E2	-4.607781E-5	-2.289493E-5
1.450855E2	-4.619994E-5	-2.308679E-5
1.451855E2	-4.651970E-5	-2.312249E-5
1.452855E2	-4.659351E-5	-2.305661E-5
1.453855E2	-4.681460E-5	-2.310352E-5
1.454855E2	-4.700657E-5	-2.304436E-5
1.455854E2	-4.686526E-5	-2.297357E-5
1.456854E2	-4.691353E-5	-2.308086E-5
1.457854E2	-4.679249E-5	-2.306173E-5
1.458854E2	-4.676088E-5	-2.306117E-5
1.459854E2	-4.691104E-5	-2.306947E-5
1.460854E2	-4.690369E-5	-2.305402E-5
1.461854E2	-4.678612E-5	-2.314756E-5
1.462854E2	-4.656969E-5	-2.313799E-5
1.463854E2	-4.631448E-5	-2.313895E-5
1.464854E2	-4.649087E-5	-2.320065E-5
1.465853E2	-4.633412E-5	-2.337452E-5
1.466853E2	-4.626317E-5	-2.339949E-5
1.467853E2	-4.620097E-5	-2.318975E-5
1.468853E2	-4.630699E-5	-2.306334E-5
1.469853E2	-4.635761E-5	-2.311023E-5
1.470853E2	-4.619998E-5	-2.313490E-5
1.471853E2	-4.607069E-5	-2.312596E-5
1.472853E2	-4.607111E-5	-2.300448E-5
1.473853E2	-4.604835E-5	-2.279786E-5
1.474853E2	-4.604116E-5	-2.283183E-5
1.475852E2	-4.594812E-5	-2.296757E-5
1.476852E2	-4.604686E-5	-2.305553E-5
1.477852E2	-4.603007E-5	-2.314853E-5
1.478852E2	-4.595797E-5	-2.313606E-5
1.479852E2	-4.614396E-5	-2.322781E-5
1.480852E2	-4.617880E-5	-2.325125E-5
1.481852E2	-4.619586E-5	-2.316572E-5
1.482852E2	-4.645385E-5	-2.307861E-5
1.483852E2	-4.653028E-5	-2.321948E-5
1.484852E2	-4.639067E-5	-2.335750E-5
1.485851E2	-4.637453E-5	-2.346581E-5
1.486851E2	-4.621227E-5	-2.346110E-5
1.487851E2	-4.619677E-5	-2.346740E-5
1.488851E2	-4.617837E-5	-2.360966E-5
1.489851E2	-4.630042E-5	-2.381886E-5
1.490851E2	-4.618497E-5	-2.376797E-5
1.491851E2	-4.604751E-5	-2.380483E-5
1.492851E2	-4.592901E-5	-2.372720E-5
1.493851E2	-4.588481E-5	-2.396426E-5
1.494851E2	-4.581236E-5	-2.425583E-5
1.495850E2	-4.565051E-5	-2.457446E-5
1.496850E2	-4.553903E-5	-2.480144E-5
1.497850E2	-4.574053E-5	-2.481993E-5
1.498850E2	-4.565829E-5	-2.472899E-5
1.499850E2	-4.551465E-5	-2.492107E-5
1.500850E2	-4.556767E-5	-2.492204E-5
1.501850E2	-4.570956E-5	-2.487080E-5
1.502850E2	-4.569557E-5	-2.491583E-5
1.503850E2	-4.571039E-5	-2.486509E-5
1.504850E2	-4.561569E-5	-2.489473E-5
1.505849E2	-4.547899E-5	-2.498411E-5
1.506849E2	-4.554945E-5	-2.504046E-5
1.507849E2	-4.563276E-5	-2.504509E-5
1.508849E2	-4.564486E-5	-2.520000E-5
1.509849E2	-4.522909E-5	-2.531498E-5
1.510849E2	-4.514387E-5	-2.561438E-5
1.511849E2	-4.544892E-5	-2.551028E-5
1.512849E2	-4.556920E-5	-2.545339E-5
1.513849E2	-4.527455E-5	-2.550518E-5
1.514849E2	-4.541350E-5	-2.572202E-5
1.515848E2	-4.529151E-5	-2.575914E-5
1.516848E2	-4.519509E-5	-2.585096E-5
1.517848E2	-4.529321E-5	-2.568762E-5
1.518848E2	-4.530131E-5	-2.546677E-5
1.519848E2	-4.522599E-5	-2.554867E-5
1.520848E2	-4.511994E-5	-2.547582E-5
1.521848E2	-4.492616E-5	-2.549790E-5
1.522848E2	-4.497096E-5	-2.549890E-5
1.523848E2	-4.495639E-5	-2.537866E-5
1.524848E2	-4.519474E-5	-2.538089E-5
1.525847E2	-4.534488E-5	-2.556851E-5
1.526847E2	-4.553542E-5	-2.559764E-5
1.527847E2	-4.550683E-5	-2.559822E-5
1.528847E2	-4.564076E-5	-2.548845E-5
1.529847E2	-4.572875E-5	-2.551553E-5
1.530847E2	-4.562720E-5	-2.553087E-5
1.531847E2	-4.568420E-5	-2.556163E-5
1.532847E2	-4.557441E-5	-2.556736E-5
1.533847E2	-4.560328E-5	-2.574796E-5
1.534847E2	-4.544271E-5	-2.579345E-5
1.535846E2	-4.543932E-5	-2.598126E-5
1.536846E2	-4.536211E-5	-2.589098E-5
1.537846E2	-4.521552E-5	-2.591087E-5
1.538846E2	-4.520511E-5	-2.593803E-5
1.539846E2	-4.532824E-5	-2.589682E-5
1.540846E2	-4.567051E-5	-2.575379E-5
1.541846E2	-4.559072E-5	-2.564872E-5
1.542846E2	-4.564645E-5	-2.550849E-5
1.543846E2	-4.555263E-5	-2.551104E-5
1.544846E2	-4.534785E-5	-2.544797E-5
1.545845E2	-4.521756E-5	-2.517941E-5
1.546845E2	-4.515172E-5	-2.505999E-5
1.547845E2	-4.512007E-5	-2.467314E-5
1.548845E2	-4.511346E-5	-2.449425E-5
1.549845E2	-4.497980E-5	-2.470556E-5
1.550845E2	-4.505517E-5	-2.462782E-5
1.551845E2	-4.498296E-5	-2.460196E-5
1.552845E2	-4.500414E-5	-2.464053E-5
1.553845E2	-4.515197E-5	-2.452169E-5
1.554845E2	-4.504607E-5	-2.464339E-5
1.555844E2	-4.480219E-5	-2.463306E-5
1.556844E2	-4.468443E-5	-2.461477E-5
1.557844E2	-4.471235E-5	-2.466691E-5
1.558844E2	-4.473536E-5	-2.472976E-5
1.559844E2	-4.499480E-5	-2.454546E-5
1.560844E2	-4.509409E-5	-2.467252E-5
1.561844E2	-4.508582E-5	-2.484511E-5
1.562844E2	-4.496358E-5	-2.469181E-5
1.563844E2	-4.501028E-5	-2.445347E-5
1.564844E2	-4.519557E-5	-2.423324E-5
1.565843E2	-4.513183E-5	-2.434436E-5
1.566843E2	-4.511220E-5	-2.434757E-5
1.567843E2	-4.504088E-5	-2.428523E-5
1.568843E2	-4.501001E-5	-2.437629E-5
1.569843E2	-4.481437E-5	-2.457828E-5
1.570843E2	-4.478074E-5	-2.451803E-5
1.571843E2	-4.466792E-5	-2.455121E-5
1.572843E2	-4.472991E-5	-2.455859E-5
1.573843E2	-4.482436E-5	-2.470306E-5
1.574843E2	-4.466291E-5	-2.469525E-5
1.575842E2	-4.465279E-5	-2.453233E-5
1.576842E2	-4.502999E-5	-2.447450E-5
1.577842E2	-4.513193E-5	-2.442005E-5
1.578842E2	-4.501286E-5	-2.438973E-5
1.579842E2	-4.501792E-5	-2.436601E-5
1.580842E2	-4.464362E-5	-2.432670E-5
1.581842E2	-4.442841E-5	-2.435672E-5
1.582842E2	-4.441570E-5	-2.433893E-5
