0.000000E0	-1.669289E-5	-3.815517E-5
9.999000E-2	-1.659364E-5	-3.804929E-5
1.999800E-1	-1.668807E-5	-3.806013E-5
2.999700E-1	-1.665526E-5	-3.785887E-5
3.999600E-1	-1.672094E-5	-3.767494E-5
4.999500E-1	-1.679533E-5	-3.747084E-5
5.999400E-1	-1.672316E-5	-3.739160E-5
6.999300E-1	-1.675512E-5	-3.748455E-5
7.999200E-1	-1.697005E-5	-3.734681E-5
8.999100E-1	-1.683958E-5	-3.737298E-5
9.999000E-1	-1.667585E-5	-3.739152E-5
1.099890E0	-1.657155E-5	-3.741759E-5
1.199880E0	-1.655903E-5	-3.721690E-5
1.299870E0	-1.642350E-5	-3.709656E-5
1.399860E0	-1.649348E-5	-3.703792E-5
1.499850E0	-1.629143E-5	-3.715906E-5
1.599840E0	-1.620290E-5	-3.718170E-5
1.699830E0	-1.604102E-5	-3.707008E-5
1.799820E0	-1.605354E-5	-3.712965E-5
1.899810E0	-1.611808E-5	-3.725044E-5
1.999800E0	-1.644055E-5	-3.718316E-5
2.099790E0	-1.656908E-5	-3.705384E-5
2.199780E0	-1.657721E-5	-3.697409E-5
2.299770E0	-1.668166E-5	-3.672324E-5
2.399760E0	-1.650990E-5	-3.690771E-5
2.499750E0	-1.628944E-5	-3.717972E-5
2.599740E0	-1.638705E-5	-3.714397E-5
2.699730E0	-1.628554E-5	-3.703194E-5
2.799720E0	-1.645711E-5	-3.708765E-5
2.899710E0	-1.632219E-5	-3.678959E-5
2.999700E0	-1.623242E-5	-3.675723E-5
3.099690E0	-1.641032E-5	-3.681060E-5
3.199680E0	-1.639995E-5	-3.655908E-5
3.299670E0	-1.640178E-5	-3.643668E-5
3.399660E0	-1.626693E-5	-3.634391E-5
3.499650E0	-1.630928E-5	-3.624568E-5
3.599640E0	-1.629723E-5	-3.601844E-5
3.699630E0	-1.634762E-5	-3.581544E-5
3.799620E0	-1.642800E-5	-3.582032E-5
3.899610E0	-1.663417E-5	-3.584555E-5
3.999600E0	-1.657424E-5	-3.591973E-5
4.099590E0	-1.657889E-5	-3.576361E-5
4.199580E0	-1.666161E-5	-3.613710E-5
4.299570E0	-1.638398E-5	-3.638215E-5
4.399560E0	-1.635208E-5	-3.637380E-5
4.499550E0	-1.646101E-5	-3.636568E-5
4.599540E0	-1.638391E-5	-3.659195E-5
4.699530E0	-1.621702E-5	-3.631758E-5
4.799520E0	-1.632367E-5	-3.604142E-5
4.899510E0	-1.654470E-5	-3.604132E-5
4.999500E0	-1.670866E-5	-3.590277E-5
5.099490E0	-1.697020E-5	-3.580516E-5
5.199480E0	-1.725577E-5	-3.601492E-5
5.299470E0	-1.729892E-5	-3.607409E-5
5.399460E0	-1.738709E-5	-3.615840E-5
5.499450E0	-1.757626E-5	-3.587344E-5
5.599440E0	-1.749894E-5	-3.597844E-5
5.699430E0	-1.718301E-5	-3.579378E-5
5.799420E0	-1.703138E-5	-3.598266E-5
5.899410E0	-1.693858E-5	-3.606296E-5
5.999400E0	-1.691813E-5	-3.614580E-5
6.099390E0	-1.695242E-5	-3.639442E-5
6.199380E0	-1.688194E-5	-3.627742E-5
6.299370E0	-1.669012E-5	-3.634122E-5
6.399360E0	-1.668558E-5	-3.621790E-5
6.499350E0	-1.661371E-5	-3.636746E-5
6.599340E0	-1.669486E-5	-3.614078E-5
6.699330E0	-1.665741E-5	-3.602568E-5
6.799320E0	-1.639373E-5	-3.593353E-5
6.899310E0	-1.669036E-5	-3.583063E-5
6.999300E0	-1.695226E-5	-3.587720E-5
7.099290E0	-1.700962E-5	-3.566940E-5
7.199280E0	-1.709687E-5	-3.530340E-5
7.299270E0	-1.675570E-5	-3.575623E-5
7.399260E0	-1.666091E-5	-3.588216E-5
7.499250E0	-1.661510E-5	-3.596868E-5
7.599240E0	-1.663949E-5	-3.584260E-5
7.699230E0	-1.640250E-5	-3.592748E-5
7.799220E0	-1.639715E-5	-3.565699E-5
7.899210E0	-1.632113E-5	-3.548170E-5
7.999200E0	-1.640440E-5	-3.570548E-5
8.099190E0	-1.671936E-5	-3.564794E-5
8.199180E0	-1.665675E-5	-3.547035E-5
8.299170E0	-1.675083E-5	-3.516479E-5
8.399160E0	-1.671309E-5	-3.520863E-5
8.499150E0	-1.668979E-5	-3.542800E-5
8.599140E0	-1.693883E-5	-3.540761E-5
8.699130E0	-1.697132E-5	-3.554770E-5
8.799120E0	-1.680583E-5	-3.574528E-5
8.899110E0	-1.672892E-5	-3.574857E-5
8.999100E0	-1.681763E-5	-3.571028E-5
9.099090E0	-1.672294E-5	-3.565747E-5
9.199080E0	-1.683127E-5	-3.569458E-5
9.299070E0	-1.686446E-5	-3.567105E-5
9.399060E0	-1.687580E-5	-3.582285E-5
9.499050E0	-1.676541E-5	-3.586193E-5
9.599040E0	-1.674827E-5	-3.587867E-5
9.699030E0	-1.690350E-5	-3.613643E-5
9.799020E0	-1.683043E-5	-3.604938E-5
9.899010E0	-1.670630E-5	-3.611328E-5
9.999000E0	-1.681956E-5	-3.603781E-5
1.009899E1	-1.695082E-5	-3.582403E-5
1.019898E1	-1.679012E-5	-3.557638E-5
1.029897E1	-1.676891E-5	-3.586361E-5
1.039896E1	-1.669611E-5	-3.608675E-5
1.049895E1	-1.662087E-5	-3.633999E-5
1.059894E1	-1.659385E-5	-3.660373E-5
1.069893E1	-1.661234E-5	-3.647366E-5
1.079892E1	-1.660585E-5	-3.638426E-5
1.089891E1	-1.657924E-5	-3.639951E-5
1.099890E1	-1.677341E-5	-3.628974E-5
1.109889E1	-1.653371E-5	-3.620716E-5
1.119888E1	-1.656430E-5	-3.630502E-5
1.129887E1	-1.657531E-5	-3.608135E-5
1.139886E1	-1.658329E-5	-3.580101E-5
1.149885E1	-1.659147E-5	-3.577091E-5
1.159884E1	-1.643959E-5	-3.569271E-5
1.169883E1	-1.644486E-5	-3.569480E-5
1.179882E1	-1.626686E-5	-3.556514E-5
1.189881E1	-1.623809E-5	-3.576063E-5
1.199880E1	-1.629128E-5	-3.576903E-5
1.209879E1	-1.607685E-5	-3.578841E-5
1.219878E1	-1.615886E-5	-3.601980E-5
1.229877E1	-1.625877E-5	-3.601552E-5
1.239876E1	-1.613808E-5	-3.586598E-5
1.249875E1	-1.602530E-5	-3.590467E-5
1.259874E1	-1.619386E-5	-3.605190E-5
1.269873E1	-1.622811E-5	-3.603560E-5
1.279872E1	-1.630357E-5	-3.615532E-5
1.289871E1	-1.630391E-5	-3.611295E-5
1.299870E1	-1.636561E-5	-3.613612E-5
1.309869E1	-1.654873E-5	-3.643340E-5
1.319868E1	-1.640302E-5	-3.639998E-5
1.329867E1	-1.641183E-5	-3.637855E-5
1.339866E1	-1.633396E-5	-3.622570E-5
1.349865E1	-1.619858E-5	-3.602839E-5
1.359864E1	-1.612063E-5	-3.591208E-5
1.369863E1	-1.593581E-5	-3.587575E-5
1.379862E1	-1.593971E-5	-3.601842E-5
1.389861E1	-1.595800E-5	-3.607268E-5
1.399860E1	-1.591287E-5	-3.617309E-5
1.409859E1	-1.574954E-5	-3.653431E-5
1.419858E1	-1.569085E-5	-3.657690E-5
1.429857E1	-1.546419E-5	-3.642418E-5
1.439856E1	-1.543187E-5	-3.618703E-5
1.449855E1	-1.547438E-5	-3.608403E-5
1.459854E1	-1.570882E-5	-3.597422E-5
1.469853E1	-1.592171E-5	-3.586567E-5
1.479852E1	-1.622838E-5	-3.562149E-5
1.489851E1	-1.624576E-5	-3.567924E-5
1.499850E1	-1.620226E-5	-3.559237E-5
1.509849E1	-1.618642E-5	-3.563423E-5
1.519848E1	-1.618260E-5	-3.554489E-5
1.529847E1	-1.618054E-5	-3.565055E-5
1.539846E1	-1.635310E-5	-3.566035E-5
1.549845E1	-1.642341E-5	-3.577311E-5
1.559844E1	-1.646264E-5	-3.577850E-5
1.569843E1	-1.661875E-5	-3.562892E-5
1.579842E1	-1.653225E-5	-3.545903E-5
1.589841E1	-1.629918E-5	-3.527404E-5
1.599840E1	-1.630311E-5	-3.540044E-5
1.609839E1	-1.629341E-5	-3.532402E-5
1.619838E1	-1.631522E-5	-3.516188E-5
1.629837E1	-1.626331E-5	-3.518891E-5
1.639836E1	-1.642663E-5	-3.509602E-5
1.649835E1	-1.647597E-5	-3.535369E-5
1.659834E1	-1.641123E-5	-3.540964E-5
1.669833E1	-1.650728E-5	-3.535026E-5
1.679832E1	-1.630193E-5	-3.569854E-5
1.689831E1	-1.617122E-5	-3.576480E-5
1.699830E1	-1.622204E-5	-3.569563E-5
1.709829E1	-1.634287E-5	-3.595998E-5
1.719828E1	-1.628756E-5	-3.587899E-5
1.729827E1	-1.615904E-5	-3.594822E-5
1.739826E1	-1.617292E-5	-3.578090E-5
1.749825E1	-1.605961E-5	-3.577053E-5
1.759824E1	-1.588368E-5	-3.556172E-5
1.769823E1	-1.587355E-5	-3.547838E-5
1.779822E1	-1.576675E-5	-3.565251E-5
1.789821E1	-1.559209E-5	-3.579610E-5
1.799820E1	-1.547570E-5	-3.589461E-5
1.809819E1	-1.550802E-5	-3.590181E-5
1.819818E1	-1.563121E-5	-3.592474E-5
1.829817E1	-1.566338E-5	-3.605384E-5
1.839816E1	-1.572273E-5	-3.639751E-5
1.849815E1	-1.564046E-5	-3.659860E-5
1.859814E1	-1.561055E-5	-3.667239E-5
1.869813E1	-1.548471E-5	-3.661657E-5
1.879812E1	-1.542373E-5	-3.662175E-5
1.889811E1	-1.564092E-5	-3.688308E-5
1.899810E1	-1.575903E-5	-3.717848E-5
1.909809E1	-1.568687E-5	-3.718632E-5
1.919808E1	-1.574140E-5	-3.730823E-5
1.929807E1	-1.560639E-5	-3.712984E-5
1.939806E1	-1.535534E-5	-3.698595E-5
1.949805E1	-1.516766E-5	-3.697611E-5
1.959804E1	-1.497876E-5	-3.690038E-5
1.969803E1	-1.480631E-5	-3.679961E-5
1.979802E1	-1.495480E-5	-3.664966E-5
1.989801E1	-1.514641E-5	-3.643762E-5
1.999800E1	-1.497617E-5	-3.600417E-5
2.009799E1	-1.504263E-5	-3.597039E-5
2.019798E1	-1.486453E-5	-3.625130E-5
2.029797E1	-1.472807E-5	-3.631139E-5
2.039796E1	-1.470061E-5	-3.625683E-5
2.049795E1	-1.474105E-5	-3.624466E-5
2.059794E1	-1.479412E-5	-3.648036E-5
2.069793E1	-1.455023E-5	-3.672364E-5
2.079792E1	-1.416310E-5	-3.695241E-5
2.089791E1	-1.429152E-5	-3.700075E-5
2.099790E1	-1.435633E-5	-3.717408E-5
2.109789E1	-1.445727E-5	-3.720952E-5
2.119788E1	-1.428067E-5	-3.742442E-5
2.129787E1	-1.416736E-5	-3.734412E-5
2.139786E1	-1.414917E-5	-3.736439E-5
2.149785E1	-1.401425E-5	-3.733118E-5
2.159784E1	-1.391313E-5	-3.726310E-5
2.169783E1	-1.408765E-5	-3.695764E-5
2.179782E1	-1.451096E-5	-3.683321E-5
2.189781E1	-1.446093E-5	-3.678942E-5
2.199780E1	-1.448524E-5	-3.683753E-5
2.209779E1	-1.432563E-5	-3.687064E-5
2.219778E1	-1.426478E-5	-3.696539E-5
2.229777E1	-1.429073E-5	-3.691707E-5
2.239776E1	-1.434774E-5	-3.687909E-5
2.249775E1	-1.442682E-5	-3.692445E-5
2.259774E1	-1.458951E-5	-3.711630E-5
2.269773E1	-1.455934E-5	-3.731678E-5
2.279772E1	-1.462106E-5	-3.734408E-5
2.289771E1	-1.474379E-5	-3.745174E-5
2.299770E1	-1.462389E-5	-3.750567E-5
2.309769E1	-1.454799E-5	-3.756644E-5
2.319768E1	-1.452867E-5	-3.783684E-5
2.329767E1	-1.459488E-5	-3.794349E-5
2.339766E1	-1.465222E-5	-3.796626E-5
2.349765E1	-1.468767E-5	-3.790254E-5
2.359764E1	-1.434292E-5	-3.794501E-5
2.369763E1	-1.430531E-5	-3.777844E-5
2.379762E1	-1.447342E-5	-3.787534E-5
2.389761E1	-1.451282E-5	-3.786521E-5
2.399760E1	-1.447442E-5	-3.803784E-5
2.409759E1	-1.450216E-5	-3.825071E-5
2.419758E1	-1.447873E-5	-3.810267E-5
2.429757E1	-1.451312E-5	-3.807601E-5
2.439756E1	-1.442693E-5	-3.815393E-5
2.449755E1	-1.439582E-5	-3.821161E-5
2.459754E1	-1.431999E-5	-3.828774E-5
2.469753E1	-1.403184E-5	-3.830464E-5
2.479752E1	-1.402900E-5	-3.825687E-5
2.489751E1	-1.406164E-5	-3.834480E-5
2.499750E1	-1.404969E-5	-3.831135E-5
2.509749E1	-1.403377E-5	-3.821537E-5
2.519748E1	-1.410890E-5	-3.834761E-5
2.529747E1	-1.420327E-5	-3.814473E-5
2.539746E1	-1.418927E-5	-3.805924E-5
2.549745E1	-1.427308E-5	-3.799965E-5
2.559744E1	-1.415053E-5	-3.803627E-5
2.569743E1	-1.405962E-5	-3.806369E-5
2.579742E1	-1.424619E-5	-3.812072E-5
2.589741E1	-1.432588E-5	-3.800409E-5
2.599740E1	-1.435953E-5	-3.766547E-5
2.609739E1	-1.439173E-5	-3.758638E-5
2.619738E1	-1.434407E-5	-3.746981E-5
2.629737E1	-1.409171E-5	-3.720809E-5
2.639736E1	-1.391236E-5	-3.696903E-5
2.649735E1	-1.361483E-5	-3.690293E-5
2.659734E1	-1.371117E-5	-3.662734E-5
2.669733E1	-1.383722E-5	-3.665728E-5
2.679732E1	-1.385532E-5	-3.691792E-5
2.689731E1	-1.383159E-5	-3.714644E-5
2.699730E1	-1.359707E-5	-3.712663E-5
2.709729E1	-1.366564E-5	-3.692128E-5
2.719728E1	-1.381729E-5	-3.713855E-5
2.729727E1	-1.409424E-5	-3.675256E-5
2.739726E1	-1.426120E-5	-3.640935E-5
2.749725E1	-1.407503E-5	-3.626563E-5
2.759724E1	-1.405064E-5	-3.598822E-5
2.769723E1	-1.400548E-5	-3.571335E-5
2.779722E1	-1.407318E-5	-3.578138E-5
2.789721E1	-1.399092E-5	-3.575433E-5
2.799720E1	-1.398552E-5	-3.573985E-5
2.809719E1	-1.396483E-5	-3.591812E-5
2.819718E1	-1.388715E-5	-3.588260E-5
2.829717E1	-1.391667E-5	-3.585179E-5
2.839716E1	-1.387005E-5	-3.592776E-5
2.849715E1	-1.407464E-5	-3.600726E-5
2.859714E1	-1.394536E-5	-3.605174E-5
2.869713E1	-1.392470E-5	-3.619438E-5
2.879712E1	-1.384795E-5	-3.626187E-5
2.889711E1	-1.386174E-5	-3.637948E-5
2.899710E1	-1.402470E-5	-3.646137E-5
2.909709E1	-1.420781E-5	-3.662378E-5
2.919708E1	-1.445251E-5	-3.666880E-5
2.929707E1	-1.437013E-5	-3.669310E-5
2.939706E1	-1.415305E-5	-3.671976E-5
2.949705E1	-1.409672E-5	-3.654204E-5
2.959704E1	-1.425420E-5	-3.652667E-5
2.969703E1	-1.439560E-5	-3.651224E-5
2.979702E1	-1.455451E-5	-3.657910E-5
2.989701E1	-1.455486E-5	-3.689079E-5
2.999700E1	-1.447387E-5	-3.713299E-5
3.009699E1	-1.437522E-5	-3.720061E-5
3.019698E1	-1.449654E-5	-3.725449E-5
3.029697E1	-1.453708E-5	-3.713077E-5
3.039696E1	-1.445527E-5	-3.714242E-5
3.049695E1	-1.437871E-5	-3.713465E-5
3.059694E1	-1.416438E-5	-3.719341E-5
3.069693E1	-1.395483E-5	-3.719106E-5
3.079692E1	-1.401865E-5	-3.738271E-5
3.089691E1	-1.402973E-5	-3.745062E-5
3.099690E1	-1.409233E-5	-3.745882E-5
3.109689E1	-1.420928E-5	-3.734143E-5
3.119688E1	-1.413591E-5	-3.733277E-5
3.129687E1	-1.410379E-5	-3.736536E-5
3.139686E1	-1.392757E-5	-3.734659E-5
3.149685E1	-1.378510E-5	-3.736253E-5
3.159684E1	-1.391935E-5	-3.730605E-5
3.169683E1	-1.387412E-5	-3.725576E-5
3.179682E1	-1.367650E-5	-3.745261E-5
3.189681E1	-1.388436E-5	-3.753388E-5
3.199680E1	-1.374075E-5	-3.770496E-5
3.209679E1	-1.379849E-5	-3.768754E-5
3.219678E1	-1.376029E-5	-3.781217E-5
3.229677E1	-1.361016E-5	-3.779877E-5
3.239676E1	-1.373435E-5	-3.763185E-5
3.249675E1	-1.373318E-5	-3.778830E-5
3.259674E1	-1.353516E-5	-3.782749E-5
3.269673E1	-1.360168E-5	-3.794843E-5
3.279672E1	-1.357250E-5	-3.820222E-5
3.289671E1	-1.373786E-5	-3.826150E-5
3.299670E1	-1.350587E-5	-3.835344E-5
3.309669E1	-1.342027E-5	-3.854525E-5
3.319668E1	-1.336433E-5	-3.878880E-5
3.329667E1	-1.326547E-5	-3.877370E-5
3.339666E1	-1.316935E-5	-3.875930E-5
3.349665E1	-1.325274E-5	-3.877074E-5
3.359664E1	-1.329898E-5	-3.919579E-5
3.369663E1	-1.339836E-5	-3.934963E-5
3.379662E1	-1.313996E-5	-3.925968E-5
3.389661E1	-1.299603E-5	-3.935229E-5
3.399660E1	-1.302611E-5	-3.928767E-5
3.409659E1	-1.290207E-5	-3.911581E-5
3.419658E1	-1.304419E-5	-3.903597E-5
3.429657E1	-1.288220E-5	-3.895038E-5
3.439656E1	-1.277725E-5	-3.902296E-5
3.449655E1	-1.263905E-5	-3.899438E-5
3.459654E1	-1.245428E-5	-3.876136E-5
3.469653E1	-1.231136E-5	-3.877613E-5
3.479652E1	-1.232805E-5	-3.883193E-5
3.489651E1	-1.240657E-5	-3.911708E-5
3.499650E1	-1.249634E-5	-3.913276E-5
3.509649E1	-1.254305E-5	-3.907591E-5
3.519648E1	-1.260696E-5	-3.912789E-5
3.529647E1	-1.281263E-5	-3.909597E-5
3.539646E1	-1.280894E-5	-3.920282E-5
3.549645E1	-1.284267E-5	-3.911820E-5
3.559644E1	-1.291982E-5	-3.916077E-5
3.569643E1	-1.291168E-5	-3.907030E-5
3.579642E1	-1.310216E-5	-3.903775E-5
3.589641E1	-1.331236E-5	-3.909750E-5
3.599640E1	-1.346151E-5	-3.925221E-5
3.609639E1	-1.363725E-5	-3.923210E-5
3.619638E1	-1.370375E-5	-3.908666E-5
3.629637E1	-1.374936E-5	-3.913874E-5
3.639636E1	-1.381054E-5	-3.898961E-5
3.649635E1	-1.394575E-5	-3.891258E-5
3.659634E1	-1.398255E-5	-3.918457E-5
3.669633E1	-1.394748E-5	-3.913687E-5
3.679632E1	-1.389601E-5	-3.906475E-5
3.689631E1	-1.403865E-5	-3.914034E-5
3.699630E1	-1.413262E-5	-3.902873E-5
3.709629E1	-1.433422E-5	-3.887130E-5
3.719628E1	-1.427462E-5	-3.886251E-5
3.729627E1	-1.440922E-5	-3.876088E-5
3.739626E1	-1.423650E-5	-3.875213E-5
3.749625E1	-1.409290E-5	-3.869167E-5
3.759624E1	-1.406843E-5	-3.878239E-5
3.769623E1	-1.403959E-5	-3.880293E-5
3.779622E1	-1.378931E-5	-3.892070E-5
3.789621E1	-1.356554E-5	-3.878641E-5
3.799620E1	-1.360899E-5	-3.884371E-5
3.809619E1	-1.379487E-5	-3.884332E-5
3.819618E1	-1.389294E-5	-3.884007E-5
3.829617E1	-1.407327E-5	-3.868049E-5
3.839616E1	-1.422909E-5	-3.872480E-5
3.849615E1	-1.427902E-5	-3.869014E-5
3.859614E1	-1.418360E-5	-3.874449E-5
3.869613E1	-1.405949E-5	-3.884616E-5
3.879612E1	-1.402151E-5	-3.890295E-5
3.889611E1	-1.393967E-5	-3.887134E-5
3.899610E1	-1.394850E-5	-3.880166E-5
3.909609E1	-1.401741E-5	-3.875503E-5
3.919608E1	-1.383195E-5	-3.867742E-5
3.929607E1	-1.364308E-5	-3.857907E-5
3.939606E1	-1.360110E-5	-3.856655E-5
3.949605E1	-1.335870E-5	-3.892633E-5
3.959604E1	-1.324583E-5	-3.886568E-5
3.969603E1	-1.298057E-5	-3.890023E-5
3.979602E1	-1.286322E-5	-3.892468E-5
3.989601E1	-1.282681E-5	-3.874534E-5
3.999600E1	-1.286238E-5	-3.889819E-5
4.009599E1	-1.283928E-5	-3.868324E-5
4.019598E1	-1.291027E-5	-3.862819E-5
4.029597E1	-1.279831E-5	-3.870022E-5
4.039596E1	-1.272341E-5	-3.864844E-5
4.049595E1	-1.270908E-5	-3.852547E-5
4.059594E1	-1.277309E-5	-3.847732E-5
4.069593E1	-1.284536E-5	-3.838383E-5
4.079592E1	-1.305889E-5	-3.822098E-5
4.089591E1	-1.271722E-5	-3.783952E-5
4.099590E1	-1.270005E-5	-3.738714E-5
4.109589E1	-1.263200E-5	-3.726649E-5
4.119588E1	-1.262033E-5	-3.731177E-5
4.129587E1	-1.252472E-5	-3.710901E-5
4.139586E1	-1.261589E-5	-3.707810E-5
4.149585E1	-1.263167E-5	-3.741736E-5
4.159584E1	-1.264318E-5	-3.764881E-5
4.169583E1	-1.277055E-5	-3.772279E-5
4.179582E1	-1.321645E-5	-3.790852E-5
4.189581E1	-1.336093E-5	-3.808625E-5
4.199580E1	-1.336338E-5	-3.795182E-5
4.209579E1	-1.329480E-5	-3.756292E-5
4.219578E1	-1.287947E-5	-3.769512E-5
4.229577E1	-1.284542E-5	-3.780987E-5
4.239576E1	-1.289867E-5	-3.736942E-5
4.249575E1	-1.280807E-5	-3.737075E-5
4.259574E1	-1.302723E-5	-3.739009E-5
4.269573E1	-1.284890E-5	-3.759196E-5
4.279572E1	-1.257101E-5	-3.766604E-5
4.289571E1	-1.248638E-5	-3.745577E-5
4.299570E1	-1.237613E-5	-3.756608E-5
4.309569E1	-1.217535E-5	-3.754914E-5
4.319568E1	-1.251678E-5	-3.737375E-5
4.329567E1	-1.244203E-5	-3.741287E-5
4.339566E1	-1.233056E-5	-3.725928E-5
4.349565E1	-1.234467E-5	-3.710885E-5
4.359564E1	-1.229214E-5	-3.705346E-5
4.369563E1	-1.233758E-5	-3.713812E-5
4.379562E1	-1.238626E-5	-3.704943E-5
4.389561E1	-1.219627E-5	-3.655566E-5
4.399560E1	-1.230806E-5	-3.628027E-5
4.409559E1	-1.207923E-5	-3.604475E-5
4.419558E1	-1.186348E-5	-3.594984E-5
4.429557E1	-1.192810E-5	-3.569878E-5
4.439556E1	-1.192496E-5	-3.553316E-5
4.449555E1	-1.186428E-5	-3.560717E-5
4.459554E1	-1.156178E-5	-3.553281E-5
4.469553E1	-1.171465E-5	-3.548204E-5
4.479552E1	-1.173360E-5	-3.533613E-5
4.489551E1	-1.160551E-5	-3.500110E-5
4.499550E1	-1.153806E-5	-3.482276E-5
4.509549E1	-1.153196E-5	-3.481108E-5
4.519548E1	-1.155738E-5	-3.468376E-5
4.529547E1	-1.142236E-5	-3.457292E-5
4.539546E1	-1.131384E-5	-3.440349E-5
4.549545E1	-1.107665E-5	-3.449990E-5
4.559544E1	-1.082817E-5	-3.469402E-5
4.569543E1	-1.075969E-5	-3.510812E-5
4.579542E1	-1.105200E-5	-3.533449E-5
4.589541E1	-1.091815E-5	-3.535637E-5
4.599540E1	-1.072653E-5	-3.505427E-5
4.609539E1	-1.057266E-5	-3.527235E-5
4.619538E1	-1.058953E-5	-3.522540E-5
4.629537E1	-1.033406E-5	-3.520278E-5
4.639536E1	-1.023648E-5	-3.528868E-5
4.649535E1	-1.063201E-5	-3.528088E-5
4.659534E1	-1.063699E-5	-3.535993E-5
4.669533E1	-1.052497E-5	-3.520863E-5
4.679532E1	-1.090273E-5	-3.545059E-5
4.689531E1	-1.137132E-5	-3.552044E-5
4.699530E1	-1.155335E-5	-3.531343E-5
4.709529E1	-1.159641E-5	-3.511019E-5
4.719528E1	-1.163194E-5	-3.480572E-5
4.729527E1	-1.185956E-5	-3.476266E-5
4.739526E1	-1.205958E-5	-3.455313E-5
4.749525E1	-1.215519E-5	-3.424417E-5
4.759524E1	-1.231411E-5	-3.392160E-5
4.769523E1	-1.231149E-5	-3.401262E-5
4.779522E1	-1.223998E-5	-3.385805E-5
4.789521E1	-1.235711E-5	-3.399878E-5
4.799520E1	-1.238888E-5	-3.449581E-5
4.809519E1	-1.226884E-5	-3.483356E-5
4.819518E1	-1.216147E-5	-3.488270E-5
4.829517E1	-1.202065E-5	-3.517165E-5
4.839516E1	-1.196437E-5	-3.519631E-5
4.849515E1	-1.232734E-5	-3.507748E-5
4.859514E1	-1.251175E-5	-3.479435E-5
4.869513E1	-1.237473E-5	-3.460656E-5
4.879512E1	-1.245644E-5	-3.474327E-5
4.889511E1	-1.246587E-5	-3.487718E-5
4.899510E1	-1.250277E-5	-3.502790E-5
4.909509E1	-1.244761E-5	-3.523070E-5
4.919508E1	-1.227223E-5	-3.525074E-5
4.929507E1	-1.215513E-5	-3.503781E-5
4.939506E1	-1.229685E-5	-3.498469E-5
4.949505E1	-1.227282E-5	-3.479788E-5
4.959504E1	-1.223238E-5	-3.503659E-5
4.969503E1	-1.243287E-5	-3.537172E-5
4.979502E1	-1.261002E-5	-3.543075E-5
4.989501E1	-1.242179E-5	-3.535435E-5
4.999500E1	-1.238417E-5	-3.550385E-5
5.009499E1	-1.238098E-5	-3.551857E-5
5.019498E1	-1.228465E-5	-3.571647E-5
5.029497E1	-1.227829E-5	-3.591246E-5
5.039496E1	-1.252828E-5	-3.582063E-5
5.049495E1	-1.253714E-5	-3.570356E-5
5.059494E1	-1.226246E-5	-3.570845E-5
5.069493E1	-1.243342E-5	-3.573902E-5
5.079492E1	-1.286644E-5	-3.574310E-5
5.089491E1	-1.307756E-5	-3.600084E-5
5.099490E1	-1.318485E-5	-3.610401E-5
5.109489E1	-1.305689E-5	-3.616836E-5
5.119488E1	-1.305985E-5	-3.610071E-5
5.129487E1	-1.286889E-5	-3.595248E-5
5.139486E1	-1.274181E-5	-3.614428E-5
5.149485E1	-1.286644E-5	-3.631096E-5
5.159484E1	-1.304697E-5	-3.605774E-5
5.169483E1	-1.344774E-5	-3.604385E-5
5.179482E1	-1.345409E-5	-3.574474E-5
5.189481E1	-1.367749E-5	-3.558190E-5
5.199480E1	-1.374452E-5	-3.561799E-5
5.209479E1	-1.377399E-5	-3.573145E-5
5.219478E1	-1.379098E-5	-3.582403E-5
5.229477E1	-1.391966E-5	-3.580123E-5
5.239476E1	-1.365012E-5	-3.545773E-5
5.249475E1	-1.354262E-5	-3.540816E-5
5.259474E1	-1.350000E-5	-3.560161E-5
5.269473E1	-1.366771E-5	-3.560247E-5
5.279472E1	-1.387353E-5	-3.569023E-5
5.289471E1	-1.384467E-5	-3.559762E-5
5.299470E1	-1.360012E-5	-3.547824E-5
5.309469E1	-1.356152E-5	-3.522537E-5
5.319468E1	-1.359698E-5	-3.522318E-5
5.329467E1	-1.382295E-5	-3.523715E-5
5.339466E1	-1.367509E-5	-3.548269E-5
5.349465E1	-1.333816E-5	-3.539904E-5
5.359464E1	-1.317281E-5	-3.532419E-5
5.369463E1	-1.302489E-5	-3.540192E-5
5.379462E1	-1.300229E-5	-3.538956E-5
5.389461E1	-1.294710E-5	-3.541132E-5
5.399460E1	-1.316704E-5	-3.511788E-5
5.409459E1	-1.311185E-5	-3.487556E-5
5.419458E1	-1.314189E-5	-3.487176E-5
5.429457E1	-1.297117E-5	-3.514513E-5
5.439456E1	-1.302566E-5	-3.523940E-5
5.449455E1	-1.286158E-5	-3.513344E-5
5.459454E1	-1.291361E-5	-3.518182E-5
5.469453E1	-1.297355E-5	-3.511255E-5
5.479452E1	-1.300089E-5	-3.504361E-5
5.489451E1	-1.328084E-5	-3.478339E-5
5.499450E1	-1.344623E-5	-3.475393E-5
5.509449E1	-1.326152E-5	-3.476831E-5
5.519448E1	-1.337102E-5	-3.482645E-5
5.529447E1	-1.332638E-5	-3.499287E-5
5.539446E1	-1.338749E-5	-3.527478E-5
5.549445E1	-1.307171E-5	-3.521015E-5
5.559444E1	-1.288377E-5	-3.512326E-5
5.569443E1	-1.276429E-5	-3.482849E-5
5.579442E1	-1.254926E-5	-3.481862E-5
5.589441E1	-1.254359E-5	-3.478521E-5
5.599440E1	-1.255723E-5	-3.472243E-5
5.609439E1	-1.281850E-5	-3.487374E-5
5.619438E1	-1.273196E-5	-3.488698E-5
5.629437E1	-1.277375E-5	-3.471917E-5
5.639436E1	-1.279537E-5	-3.475775E-5
5.649435E1	-1.264415E-5	-3.451761E-5
5.659434E1	-1.268249E-5	-3.434335E-5
5.669433E1	-1.279229E-5	-3.433455E-5
5.679432E1	-1.257916E-5	-3.437223E-5
5.689431E1	-1.271994E-5	-3.433132E-5
5.699430E1	-1.257836E-5	-3.428687E-5
5.709429E1	-1.259780E-5	-3.429077E-5
5.719428E1	-1.274942E-5	-3.398822E-5
5.729427E1	-1.307334E-5	-3.408237E-5
5.739426E1	-1.333134E-5	-3.401213E-5
5.749425E1	-1.342940E-5	-3.373878E-5
5.759424E1	-1.334399E-5	-3.380066E-5
5.769423E1	-1.317834E-5	-3.409235E-5
5.779422E1	-1.296610E-5	-3.414616E-5
5.789421E1	-1.297438E-5	-3.396140E-5
5.799420E1	-1.304660E-5	-3.383576E-5
5.809419E1	-1.320985E-5	-3.398452E-5
5.819418E1	-1.330871E-5	-3.406688E-5
5.829417E1	-1.341653E-5	-3.406152E-5
5.839416E1	-1.340618E-5	-3.423814E-5
5.849415E1	-1.302027E-5	-3.433631E-5
5.859414E1	-1.310999E-5	-3.431038E-5
5.869413E1	-1.328759E-5	-3.436157E-5
5.879412E1	-1.326847E-5	-3.461928E-5
5.889411E1	-1.305103E-5	-3.464048E-5
5.899410E1	-1.311023E-5	-3.482119E-5
5.909409E1	-1.316758E-5	-3.503499E-5
5.919408E1	-1.309991E-5	-3.507246E-5
5.929407E1	-1.317605E-5	-3.508179E-5
5.939406E1	-1.322802E-5	-3.488297E-5
5.949405E1	-1.311726E-5	-3.486562E-5
5.959404E1	-1.306915E-5	-3.504821E-5
5.969403E1	-1.294104E-5	-3.503145E-5
5.979402E1	-1.292098E-5	-3.498153E-5
5.989401E1	-1.270602E-5	-3.513216E-5
5.999400E1	-1.253904E-5	-3.523387E-5
6.009399E1	-1.263074E-5	-3.518827E-5
6.019398E1	-1.283183E-5	-3.506488E-5
6.029397E1	-1.279997E-5	-3.519384E-5
6.039396E1	-1.273074E-5	-3.504794E-5
6.049395E1	-1.280171E-5	-3.523150E-5
6.059394E1	-1.299724E-5	-3.536815E-5
6.069393E1	-1.323875E-5	-3.519758E-5
6.079392E1	-1.346495E-5	-3.495579E-5
6.089391E1	-1.352920E-5	-3.478785E-5
6.099390E1	-1.338573E-5	-3.469345E-5
6.109389E1	-1.326336E-5	-3.462692E-5
6.119388E1	-1.333131E-5	-3.456553E-5
6.129387E1	-1.303312E-5	-3.450015E-5
6.139386E1	-1.275628E-5	-3.444752E-5
6.149385E1	-1.295380E-5	-3.427816E-5
6.159384E1	-1.300200E-5	-3.472094E-5
6.169383E1	-1.301457E-5	-3.487936E-5
6.179382E1	-1.300897E-5	-3.505495E-5
6.189381E1	-1.333245E-5	-3.524993E-5
6.199380E1	-1.335664E-5	-3.523192E-5
6.209379E1	-1.351992E-5	-3.546417E-5
6.219378E1	-1.344371E-5	-3.562686E-5
6.229377E1	-1.328683E-5	-3.560990E-5
6.239376E1	-1.323514E-5	-3.549793E-5
6.249375E1	-1.344942E-5	-3.566987E-5
6.259374E1	-1.339710E-5	-3.563263E-5
6.269373E1	-1.339166E-5	-3.552867E-5
6.279372E1	-1.357646E-5	-3.555253E-5
6.289371E1	-1.364529E-5	-3.564479E-5
6.299370E1	-1.369746E-5	-3.551718E-5
6.309369E1	-1.351745E-5	-3.543037E-5
6.319368E1	-1.352473E-5	-3.536082E-5
6.329367E1	-1.371443E-5	-3.538593E-5
6.339366E1	-1.362641E-5	-3.516809E-5
6.349365E1	-1.337544E-5	-3.509763E-5
6.359364E1	-1.340228E-5	-3.510778E-5
6.369363E1	-1.342858E-5	-3.513249E-5
6.379362E1	-1.355519E-5	-3.495754E-5
6.389361E1	-1.349302E-5	-3.501850E-5
6.399360E1	-1.347638E-5	-3.481320E-5
6.409359E1	-1.361149E-5	-3.475742E-5
6.419358E1	-1.362467E-5	-3.501797E-5
6.429357E1	-1.374016E-5	-3.514790E-5
6.439356E1	-1.350611E-5	-3.500488E-5
6.449355E1	-1.370607E-5	-3.472932E-5
6.459354E1	-1.367825E-5	-3.453668E-5
6.469353E1	-1.351040E-5	-3.458510E-5
6.479352E1	-1.342534E-5	-3.460932E-5
6.489351E1	-1.336533E-5	-3.479740E-5
6.499350E1	-1.334074E-5	-3.484130E-5
6.509349E1	-1.325770E-5	-3.509131E-5
6.519348E1	-1.298979E-5	-3.525948E-5
6.529347E1	-1.280766E-5	-3.542872E-5
6.539346E1	-1.260366E-5	-3.561248E-5
6.549345E1	-1.260373E-5	-3.550669E-5
6.559344E1	-1.264758E-5	-3.493484E-5
6.569343E1	-1.260537E-5	-3.486011E-5
6.579342E1	-1.265874E-5	-3.490605E-5
6.589341E1	-1.255416E-5	-3.467750E-5
6.599340E1	-1.253145E-5	-3.441796E-5
6.609339E1	-1.276199E-5	-3.399581E-5
6.619338E1	-1.286119E-5	-3.388563E-5
6.629337E1	-1.289370E-5	-3.392135E-5
6.639336E1	-1.291391E-5	-3.394492E-5
6.649335E1	-1.259884E-5	-3.396414E-5
6.659334E1	-1.249845E-5	-3.367851E-5
6.669333E1	-1.235716E-5	-3.368027E-5
6.679332E1	-1.214748E-5	-3.372633E-5
6.689331E1	-1.210364E-5	-3.376873E-5
6.699330E1	-1.211411E-5	-3.360912E-5
6.709329E1	-1.220020E-5	-3.351440E-5
6.719328E1	-1.214146E-5	-3.382494E-5
6.729327E1	-1.231806E-5	-3.398204E-5
6.739326E1	-1.221921E-5	-3.381927E-5
6.749325E1	-1.235807E-5	-3.361579E-5
6.759324E1	-1.215572E-5	-3.336628E-5
6.769323E1	-1.217233E-5	-3.330406E-5
6.779322E1	-1.191003E-5	-3.314207E-5
6.789321E1	-1.183444E-5	-3.309586E-5
6.799320E1	-1.157006E-5	-3.309315E-5
6.809319E1	-1.158429E-5	-3.307239E-5
6.819318E1	-1.170317E-5	-3.266723E-5
6.829317E1	-1.175658E-5	-3.260194E-5
6.839316E1	-1.165911E-5	-3.274538E-5
6.849315E1	-1.154589E-5	-3.264565E-5
6.859314E1	-1.152482E-5	-3.279284E-5
6.869313E1	-1.129871E-5	-3.268192E-5
6.879312E1	-1.099660E-5	-3.260495E-5
6.889311E1	-1.077126E-5	-3.226564E-5
6.899310E1	-1.060989E-5	-3.236403E-5
6.909309E1	-1.043204E-5	-3.237639E-5
6.919308E1	-1.041371E-5	-3.239968E-5
6.929307E1	-1.034106E-5	-3.229521E-5
6.939306E1	-1.030457E-5	-3.241706E-5
6.949305E1	-1.001361E-5	-3.256254E-5
6.959304E1	-1.001114E-5	-3.269034E-5
6.969303E1	-9.907597E-6	-3.269240E-5
6.979302E1	-9.892937E-6	-3.278871E-5
6.989301E1	-1.022229E-5	-3.296409E-5
6.999300E1	-1.025621E-5	-3.297465E-5
7.009299E1	-1.045663E-5	-3.296756E-5
7.019298E1	-1.054787E-5	-3.296728E-5
7.029297E1	-1.055267E-5	-3.298501E-5
7.039296E1	-1.068848E-5	-3.287010E-5
7.049295E1	-1.073137E-5	-3.312072E-5
7.059294E1	-1.031771E-5	-3.304809E-5
7.069293E1	-1.037475E-5	-3.325270E-5
7.079292E1	-1.028517E-5	-3.309139E-5
7.089291E1	-1.008413E-5	-3.304376E-5
7.099290E1	-9.881133E-6	-3.293519E-5
7.109289E1	-9.990756E-6	-3.299183E-5
7.119288E1	-1.006189E-5	-3.291870E-5
7.129287E1	-9.762438E-6	-3.290230E-5
7.139286E1	-9.779553E-6	-3.276168E-5
7.149285E1	-9.759111E-6	-3.226336E-5
7.159284E1	-9.545293E-6	-3.207628E-5
7.169283E1	-9.405646E-6	-3.198781E-5
7.179282E1	-9.318328E-6	-3.182340E-5
7.189281E1	-9.376995E-6	-3.190988E-5
7.199280E1	-9.267066E-6	-3.216919E-5
7.209279E1	-9.575336E-6	-3.249707E-5
7.219278E1	-9.538254E-6	-3.255073E-5
7.229277E1	-9.345619E-6	-3.282944E-5
7.239276E1	-9.529982E-6	-3.294468E-5
7.249275E1	-9.533149E-6	-3.271031E-5
7.259274E1	-9.578789E-6	-3.273570E-5
7.269273E1	-9.564249E-6	-3.272211E-5
7.279272E1	-9.595431E-6	-3.276608E-5
7.289271E1	-9.342673E-6	-3.290270E-5
7.299270E1	-9.152259E-6	-3.297131E-5
7.309269E1	-9.003307E-6	-3.324778E-5
7.319268E1	-9.159588E-6	-3.348229E-5
7.329267E1	-9.183653E-6	-3.370190E-5
7.339266E1	-8.947405E-6	-3.369261E-5
7.349265E1	-8.890903E-6	-3.385586E-5
7.359264E1	-8.890375E-6	-3.390417E-5
7.369263E1	-8.672846E-6	-3.392712E-5
7.379262E1	-8.757876E-6	-3.426240E-5
7.389261E1	-8.751863E-6	-3.411627E-5
7.399260E1	-8.556405E-6	-3.413763E-5
7.409259E1	-8.516960E-6	-3.417817E-5
7.419258E1	-8.464041E-6	-3.425129E-5
7.429257E1	-8.462963E-6	-3.430284E-5
7.439256E1	-8.294606E-6	-3.418275E-5
7.449255E1	-8.408221E-6	-3.438113E-5
7.459254E1	-8.461767E-6	-3.449342E-5
7.469253E1	-8.394144E-6	-3.445415E-5
7.479252E1	-8.461735E-6	-3.441158E-5
7.489251E1	-8.853128E-6	-3.454792E-5
7.499250E1	-8.870203E-6	-3.480626E-5
7.509249E1	-8.759045E-6	-3.466363E-5
7.519248E1	-8.849247E-6	-3.450685E-5
7.529247E1	-8.757310E-6	-3.465745E-5
7.539246E1	-8.663300E-6	-3.482204E-5
7.549245E1	-8.652283E-6	-3.490243E-5
7.559244E1	-8.335625E-6	-3.499748E-5
7.569243E1	-8.251312E-6	-3.483722E-5
7.579242E1	-8.353150E-6	-3.498057E-5
7.589241E1	-8.392129E-6	-3.495860E-5
7.599240E1	-8.347986E-6	-3.473770E-5
7.609239E1	-8.080592E-6	-3.453079E-5
7.619238E1	-7.955368E-6	-3.450280E-5
7.629237E1	-8.025952E-6	-3.447849E-5
7.639236E1	-8.087175E-6	-3.439575E-5
7.649235E1	-8.193270E-6	-3.432869E-5
7.659234E1	-8.157188E-6	-3.428649E-5
7.669233E1	-8.130307E-6	-3.433037E-5
7.679232E1	-8.161747E-6	-3.423245E-5
7.689231E1	-8.171424E-6	-3.418334E-5
7.699230E1	-8.142271E-6	-3.405219E-5
7.709229E1	-8.097951E-6	-3.403592E-5
7.719228E1	-8.103546E-6	-3.377308E-5
7.729227E1	-8.016195E-6	-3.377010E-5
7.739226E1	-7.929512E-6	-3.363512E-5
7.749225E1	-7.946240E-6	-3.373904E-5
7.759224E1	-7.985022E-6	-3.378138E-5
7.769223E1	-7.878478E-6	-3.371874E-5
7.779222E1	-7.838253E-6	-3.362328E-5
7.789221E1	-7.815852E-6	-3.363206E-5
7.799220E1	-7.949544E-6	-3.368917E-5
7.809219E1	-7.960278E-6	-3.371019E-5
7.819218E1	-8.009498E-6	-3.356322E-5
7.829217E1	-8.300039E-6	-3.340920E-5
7.839216E1	-8.281355E-6	-3.338870E-5
7.849215E1	-8.307677E-6	-3.341463E-5
7.859214E1	-8.397339E-6	-3.328844E-5
7.869213E1	-8.296307E-6	-3.333086E-5
7.879212E1	-8.299432E-6	-3.349782E-5
7.889211E1	-8.352355E-6	-3.343769E-5
7.899210E1	-8.319340E-6	-3.345337E-5
7.909209E1	-8.309541E-6	-3.354297E-5
7.919208E1	-8.072961E-6	-3.344985E-5
7.929207E1	-8.135244E-6	-3.343889E-5
7.939206E1	-7.906152E-6	-3.338555E-5
7.949205E1	-7.916858E-6	-3.333608E-5
7.959204E1	-7.819172E-6	-3.309491E-5
7.969203E1	-7.813303E-6	-3.289151E-5
7.979202E1	-7.795673E-6	-3.275507E-5
7.989201E1	-8.019148E-6	-3.264432E-5
7.999200E1	-8.272740E-6	-3.260837E-5
8.009199E1	-8.483584E-6	-3.263358E-5
8.019198E1	-8.558668E-6	-3.256438E-5
8.029197E1	-8.637891E-6	-3.261606E-5
8.039196E1	-8.559020E-6	-3.265859E-5
8.049195E1	-8.796216E-6	-3.259347E-5
8.059194E1	-8.970114E-6	-3.254754E-5
8.069193E1	-9.181238E-6	-3.263690E-5
8.079192E1	-9.313715E-6	-3.265620E-5
8.089191E1	-9.591316E-6	-3.295631E-5
8.099190E1	-9.752036E-6	-3.288806E-5
8.109189E1	-9.672334E-6	-3.296480E-5
8.119188E1	-9.708604E-6	-3.311902E-5
8.129187E1	-9.546804E-6	-3.315382E-5
8.139186E1	-9.745468E-6	-3.305223E-5
8.149185E1	-9.869987E-6	-3.301458E-5
8.159184E1	-9.971220E-6	-3.295663E-5
8.169183E1	-9.803872E-6	-3.283626E-5
8.179182E1	-9.779951E-6	-3.268690E-5
8.189181E1	-9.788306E-6	-3.288681E-5
8.199180E1	-9.794048E-6	-3.282439E-5
8.209179E1	-9.781631E-6	-3.308650E-5
8.219178E1	-9.741564E-6	-3.314440E-5
8.229177E1	-9.726790E-6	-3.306626E-5
8.239176E1	-9.626080E-6	-3.299296E-5
8.249175E1	-9.409337E-6	-3.282724E-5
8.259174E1	-9.480553E-6	-3.284509E-5
8.269173E1	-9.551078E-6	-3.294865E-5
8.279172E1	-9.471285E-6	-3.293426E-5
8.289171E1	-9.576790E-6	-3.303240E-5
8.299170E1	-9.639637E-6	-3.288345E-5
8.309169E1	-9.634913E-6	-3.301992E-5
8.319168E1	-9.746373E-6	-3.287591E-5
8.329167E1	-9.951369E-6	-3.281929E-5
8.339166E1	-1.013491E-5	-3.273112E-5
8.349165E1	-1.000996E-5	-3.278123E-5
8.359164E1	-9.901174E-6	-3.280921E-5
8.369163E1	-9.888418E-6	-3.276982E-5
8.379162E1	-9.874816E-6	-3.263823E-5
8.389161E1	-9.656216E-6	-3.272727E-5
8.399160E1	-9.778191E-6	-3.274922E-5
8.409159E1	-1.001958E-5	-3.274246E-5
8.419158E1	-9.846278E-6	-3.264433E-5
8.429157E1	-9.657514E-6	-3.270581E-5
8.439156E1	-9.784140E-6	-3.256521E-5
8.449155E1	-9.755711E-6	-3.250981E-5
8.459154E1	-9.643252E-6	-3.238809E-5
8.469153E1	-9.598742E-6	-3.220417E-5
8.479152E1	-9.509107E-6	-3.205495E-5
8.489151E1	-9.503336E-6	-3.191653E-5
8.499150E1	-9.359634E-6	-3.166191E-5
8.509149E1	-9.417287E-6	-3.158902E-5
8.519148E1	-9.378000E-6	-3.139859E-5
8.529147E1	-9.411616E-6	-3.123542E-5
8.539146E1	-9.412890E-6	-3.123093E-5
8.549145E1	-9.206047E-6	-3.123201E-5
8.559144E1	-8.909520E-6	-3.108883E-5
8.569143E1	-8.819399E-6	-3.088382E-5
8.579142E1	-8.926175E-6	-3.069301E-5
8.589141E1	-8.936718E-6	-3.026801E-5
8.599140E1	-8.848209E-6	-3.012346E-5
8.609139E1	-8.860041E-6	-2.999072E-5
8.619138E1	-8.946275E-6	-2.994068E-5
8.629137E1	-9.119797E-6	-3.014486E-5
8.639136E1	-9.084198E-6	-3.036788E-5
8.649135E1	-9.264143E-6	-3.065995E-5
8.659134E1	-9.194637E-6	-3.085592E-5
8.669133E1	-9.207448E-6	-3.086039E-5
8.679132E1	-8.915114E-6	-3.084261E-5
8.689131E1	-8.835856E-6	-3.094439E-5
8.699130E1	-8.878379E-6	-3.133311E-5
8.709129E1	-8.889214E-6	-3.154554E-5
8.719128E1	-8.945623E-6	-3.164471E-5
8.729127E1	-8.899351E-6	-3.152835E-5
8.739126E1	-8.785717E-6	-3.162726E-5
8.749125E1	-8.789720E-6	-3.166029E-5
8.759124E1	-8.850929E-6	-3.168545E-5
8.769123E1	-8.938066E-6	-3.187146E-5
8.779122E1	-9.135473E-6	-3.204077E-5
8.789121E1	-9.326119E-6	-3.191616E-5
8.799120E1	-9.315889E-6	-3.189448E-5
8.809119E1	-9.179248E-6	-3.198428E-5
8.819118E1	-9.225448E-6	-3.192738E-5
8.829117E1	-9.231588E-6	-3.202970E-5
8.839116E1	-9.026202E-6	-3.205265E-5
8.849115E1	-8.994525E-6	-3.216857E-5
8.859114E1	-8.940328E-6	-3.219788E-5
8.869113E1	-9.034478E-6	-3.229733E-5
8.879112E1	-9.124607E-6	-3.234191E-5
8.889111E1	-9.086197E-6	-3.223934E-5
8.899110E1	-9.063934E-6	-3.213602E-5
8.909109E1	-8.989760E-6	-3.214092E-5
8.919108E1	-9.003799E-6	-3.213819E-5
8.929107E1	-9.059040E-6	-3.224060E-5
8.939106E1	-9.166765E-6	-3.227371E-5
8.949105E1	-9.101832E-6	-3.226892E-5
8.959104E1	-9.073635E-6	-3.224807E-5
8.969103E1	-9.079340E-6	-3.223098E-5
8.979102E1	-9.083015E-6	-3.227285E-5
8.989101E1	-9.023692E-6	-3.214799E-5
8.999100E1	-9.044829E-6	-3.214069E-5
9.009099E1	-9.050405E-6	-3.221745E-5
9.019098E1	-9.126212E-6	-3.225717E-5
9.029097E1	-9.081628E-6	-3.214335E-5
9.039096E1	-9.051373E-6	-3.212772E-5
9.049095E1	-9.030738E-6	-3.208596E-5
9.059094E1	-9.201807E-6	-3.204296E-5
9.069093E1	-9.210224E-6	-3.194717E-5
9.079092E1	-9.146188E-6	-3.194278E-5
9.089091E1	-9.163060E-6	-3.205550E-5
9.099090E1	-9.217430E-6	-3.204495E-5
9.109089E1	-9.107743E-6	-3.195572E-5
9.119088E1	-9.156871E-6	-3.194999E-5
9.129087E1	-9.137029E-6	-3.199959E-5
9.139086E1	-9.150548E-6	-3.202403E-5
9.149085E1	-9.087607E-6	-3.197208E-5
9.159084E1	-9.116263E-6	-3.199839E-5
9.169083E1	-9.185457E-6	-3.210811E-5
9.179082E1	-9.175542E-6	-3.206391E-5
9.189081E1	-9.101735E-6	-3.207129E-5
9.199080E1	-9.071518E-6	-3.196937E-5
9.209079E1	-9.173568E-6	-3.203145E-5
9.219078E1	-9.193632E-6	-3.205356E-5
9.229077E1	-9.156754E-6	-3.198645E-5
9.239076E1	-9.199260E-6	-3.203026E-5
9.249075E1	-9.204904E-6	-3.194138E-5
9.259074E1	-9.159830E-6	-3.197271E-5
9.269073E1	-9.168722E-6	-3.195233E-5
9.279072E1	-9.154211E-6	-3.198795E-5
9.289071E1	-9.163073E-6	-3.198678E-5
9.299070E1	-9.161284E-6	-3.204292E-5
9.309069E1	-9.234655E-6	-3.210799E-5
9.319068E1	-9.206611E-6	-3.211334E-5
9.329067E1	-9.202642E-6	-3.205246E-5
9.339066E1	-9.223786E-6	-3.207675E-5
9.349065E1	-9.230090E-6	-3.203498E-5
9.359064E1	-9.159794E-6	-3.200069E-5
9.369063E1	-9.097862E-6	-3.203039E-5
9.379062E1	-9.180807E-6	-3.204555E-5
9.389061E1	-9.199153E-6	-3.204001E-5
9.399060E1	-9.237434E-6	-3.201286E-5
9.409059E1	-9.172448E-6	-3.197787E-5
9.419058E1	-9.222027E-6	-3.202319E-5
9.429057E1	-9.167320E-6	-3.197969E-5
9.439056E1	-9.153502E-6	-3.194726E-5
9.449055E1	-9.196122E-6	-3.202908E-5
9.459054E1	-9.190155E-6	-3.200578E-5
9.469053E1	-9.170890E-6	-3.197196E-5
9.479052E1	-9.170137E-6	-3.195529E-5
9.489051E1	-9.158118E-6	-3.198136E-5
9.499050E1	-9.186977E-6	-3.202082E-5
9.509049E1	-9.210416E-6	-3.199692E-5
9.519048E1	-9.206702E-6	-3.198677E-5
9.529047E1	-9.197372E-6	-3.198253E-5
9.539046E1	-9.165261E-6	-3.199533E-5
9.549045E1	-9.179143E-6	-3.203104E-5
9.559044E1	-9.230786E-6	-3.198125E-5
9.569043E1	-9.165192E-6	-3.192478E-5
9.579042E1	-9.225228E-6	-3.198818E-5
9.589041E1	-9.187767E-6	-3.196875E-5
9.599040E1	-9.230404E-6	-3.201344E-5
9.609039E1	-9.224393E-6	-3.198792E-5
9.619038E1	-9.193731E-6	-3.197787E-5
9.629037E1	-9.163295E-6	-3.200294E-5
9.639036E1	-9.193662E-6	-3.198511E-5
9.649035E1	-9.173450E-6	-3.204311E-5
9.659034E1	-9.208709E-6	-3.202440E-5
9.669033E1	-9.219135E-6	-3.201417E-5
9.679032E1	-9.187018E-6	-3.202326E-5
9.689031E1	-9.222259E-6	-3.202670E-5
9.699030E1	-9.180848E-6	-3.198915E-5
9.709029E1	-9.175287E-6	-3.194726E-5
9.719028E1	-9.246064E-6	-3.189894E-5
9.729027E1	-9.297369E-6	-3.196709E-5
9.739026E1	-9.344248E-6	-3.199716E-5
9.749025E1	-9.236105E-6	-3.201250E-5
9.759024E1	-9.118807E-6	-3.201227E-5
9.769023E1	-9.178981E-6	-3.190177E-5
9.779022E1	-9.199700E-6	-3.185047E-5
9.789021E1	-9.278231E-6	-3.187396E-5
9.799020E1	-9.293342E-6	-3.196143E-5
9.809019E1	-9.300623E-6	-3.188909E-5
9.819018E1	-9.253275E-6	-3.180867E-5
9.829017E1	-9.138618E-6	-3.174747E-5
9.839016E1	-9.059975E-6	-3.173601E-5
9.849015E1	-8.962352E-6	-3.153248E-5
9.859014E1	-8.703172E-6	-3.142781E-5
9.869013E1	-8.490838E-6	-3.136767E-5
9.879012E1	-8.515321E-6	-3.157010E-5
9.889011E1	-8.528324E-6	-3.158749E-5
9.899010E1	-8.329925E-6	-3.163170E-5
9.909009E1	-8.267660E-6	-3.181241E-5
9.919008E1	-8.283008E-6	-3.174282E-5
9.929007E1	-8.320168E-6	-3.203833E-5
9.939006E1	-8.519687E-6	-3.196774E-5
9.949005E1	-8.566019E-6	-3.192307E-5
9.959004E1	-8.535788E-6	-3.190775E-5
9.969003E1	-8.447689E-6	-3.197750E-5
9.979002E1	-8.528162E-6	-3.181106E-5
9.989001E1	-8.617144E-6	-3.170161E-5
9.999000E1	-8.695135E-6	-3.185016E-5
1.000900E2	-8.918543E-6	-3.182213E-5
1.001900E2	-8.901999E-6	-3.162495E-5
1.002900E2	-9.025154E-6	-3.144493E-5
1.003900E2	-9.061651E-6	-3.143221E-5
1.004900E2	-8.889831E-6	-3.163813E-5
1.005899E2	-8.980837E-6	-3.195812E-5
1.006899E2	-8.712117E-6	-3.190873E-5
1.007899E2	-8.664424E-6	-3.204863E-5
1.008899E2	-8.907890E-6	-3.183120E-5
1.009899E2	-8.829641E-6	-3.194252E-5
1.010899E2	-8.731954E-6	-3.187655E-5
1.011899E2	-8.617651E-6	-3.200098E-5
1.012899E2	-8.481612E-6	-3.188572E-5
1.013899E2	-8.676246E-6	-3.172573E-5
1.014899E2	-8.827876E-6	-3.161958E-5
1.015898E2	-8.860515E-6	-3.182254E-5
1.016898E2	-8.745117E-6	-3.189924E-5
1.017898E2	-8.546704E-6	-3.173321E-5
1.018898E2	-8.551444E-6	-3.164200E-5
1.019898E2	-8.498432E-6	-3.158144E-5
1.020898E2	-8.460249E-6	-3.164737E-5
1.021898E2	-8.394124E-6	-3.183876E-5
1.022898E2	-8.396125E-6	-3.187290E-5
1.023898E2	-8.455001E-6	-3.192185E-5
1.024898E2	-8.428103E-6	-3.193124E-5
1.025897E2	-8.490838E-6	-3.183843E-5
1.026897E2	-8.764819E-6	-3.202540E-5
1.027897E2	-8.753815E-6	-3.207743E-5
1.028897E2	-8.584857E-6	-3.204262E-5
1.029897E2	-8.424219E-6	-3.217324E-5
1.030897E2	-8.359570E-6	-3.208015E-5
1.031897E2	-8.318413E-6	-3.201068E-5
1.032897E2	-8.457348E-6	-3.192598E-5
1.033897E2	-8.479406E-6	-3.184859E-5
1.034897E2	-8.619768E-6	-3.189564E-5
1.035896E2	-8.580959E-6	-3.192279E-5
1.036896E2	-8.623263E-6	-3.187574E-5
1.037896E2	-8.692221E-6	-3.169450E-5
1.038896E2	-8.914302E-6	-3.155225E-5
1.039896E2	-8.943262E-6	-3.176334E-5
1.040896E2	-9.008689E-6	-3.196563E-5
1.041896E2	-9.084163E-6	-3.171746E-5
1.042896E2	-9.109818E-6	-3.161475E-5
1.043896E2	-9.121242E-6	-3.156382E-5
1.044896E2	-9.173119E-6	-3.144936E-5
1.045895E2	-9.201285E-6	-3.146207E-5
1.046895E2	-9.036094E-6	-3.157883E-5
1.047895E2	-8.909969E-6	-3.151702E-5
1.048895E2	-8.922335E-6	-3.156545E-5
1.049895E2	-8.819640E-6	-3.157720E-5
1.050895E2	-8.576067E-6	-3.138553E-5
1.051895E2	-8.491316E-6	-3.155409E-5
1.052895E2	-8.521792E-6	-3.164125E-5
1.053895E2	-8.520785E-6	-3.169731E-5
1.054895E2	-8.703273E-6	-3.168491E-5
1.055894E2	-8.685274E-6	-3.132620E-5
1.056894E2	-8.700112E-6	-3.113808E-5
1.057894E2	-8.742843E-6	-3.117805E-5
1.058894E2	-8.763127E-6	-3.115729E-5
1.059894E2	-8.751496E-6	-3.116776E-5
1.060894E2	-8.746845E-6	-3.115253E-5
1.061894E2	-8.858506E-6	-3.127661E-5
1.062894E2	-8.912838E-6	-3.138821E-5
1.063894E2	-8.835609E-6	-3.126254E-5
1.064894E2	-8.696572E-6	-3.106827E-5
1.065893E2	-8.673026E-6	-3.090331E-5
1.066893E2	-8.679693E-6	-3.065143E-5
1.067893E2	-8.695980E-6	-3.077944E-5
1.068893E2	-8.610302E-6	-3.079892E-5
1.069893E2	-8.707117E-6	-3.090202E-5
1.070893E2	-9.148395E-6	-3.102339E-5
1.071893E2	-8.991086E-6	-3.120750E-5
1.072893E2	-9.044470E-6	-3.104829E-5
1.073893E2	-9.024237E-6	-3.118503E-5
1.074893E2	-8.966019E-6	-3.111861E-5
1.075892E2	-9.092502E-6	-3.109780E-5
1.076892E2	-8.993502E-6	-3.096227E-5
1.077892E2	-8.969902E-6	-3.100006E-5
1.078892E2	-9.133720E-6	-3.095086E-5
1.079892E2	-8.935502E-6	-3.094301E-5
1.080892E2	-8.791866E-6	-3.104057E-5
1.081892E2	-8.880020E-6	-3.109388E-5
1.082892E2	-8.746609E-6	-3.112398E-5
1.083892E2	-8.783389E-6	-3.120434E-5
1.084892E2	-8.731884E-6	-3.115745E-5
1.085891E2	-8.508743E-6	-3.114036E-5
1.086891E2	-8.340313E-6	-3.115238E-5
1.087891E2	-8.076842E-6	-3.124002E-5
1.088891E2	-8.175052E-6	-3.135036E-5
1.089891E2	-8.361785E-6	-3.150678E-5
1.090891E2	-8.357681E-6	-3.148075E-5
1.091891E2	-8.390341E-6	-3.151740E-5
1.092891E2	-8.492757E-6	-3.151471E-5
1.093891E2	-8.456943E-6	-3.153192E-5
1.094891E2	-8.752637E-6	-3.142490E-5
1.095890E2	-8.917251E-6	-3.135083E-5
1.096890E2	-8.926460E-6	-3.122894E-5
1.097890E2	-8.962792E-6	-3.118970E-5
1.098890E2	-8.958240E-6	-3.121192E-5
1.099890E2	-8.768244E-6	-3.134694E-5
1.100890E2	-8.613399E-6	-3.160560E-5
1.101890E2	-8.716934E-6	-3.167933E-5
1.102890E2	-8.900156E-6	-3.178911E-5
1.103890E2	-8.954526E-6	-3.152260E-5
1.104890E2	-8.883635E-6	-3.161682E-5
1.105889E2	-9.121353E-6	-3.180469E-5
1.106889E2	-9.144522E-6	-3.176779E-5
1.107889E2	-9.033759E-6	-3.170056E-5
1.108889E2	-9.062232E-6	-3.147560E-5
1.109889E2	-9.090405E-6	-3.145711E-5
1.110889E2	-8.929297E-6	-3.159933E-5
1.111889E2	-8.848528E-6	-3.157664E-5
1.112889E2	-8.869334E-6	-3.165049E-5
1.113889E2	-8.961245E-6	-3.151326E-5
1.114889E2	-9.074564E-6	-3.143158E-5
1.115888E2	-9.133859E-6	-3.157141E-5
1.116888E2	-9.125209E-6	-3.149625E-5
1.117888E2	-8.984930E-6	-3.153940E-5
1.118888E2	-8.976081E-6	-3.145080E-5
1.119888E2	-8.814279E-6	-3.150652E-5
1.120888E2	-8.545354E-6	-3.181888E-5
1.121888E2	-8.519571E-6	-3.207507E-5
1.122888E2	-8.506489E-6	-3.212327E-5
1.123888E2	-8.489164E-6	-3.212315E-5
1.124888E2	-8.619069E-6	-3.220834E-5
1.125887E2	-8.455612E-6	-3.241554E-5
1.126887E2	-8.302824E-6	-3.237514E-5
1.127887E2	-8.120681E-6	-3.231332E-5
1.128887E2	-8.143574E-6	-3.224955E-5
1.129887E2	-8.215316E-6	-3.231465E-5
1.130887E2	-8.280020E-6	-3.231114E-5
1.131887E2	-8.051450E-6	-3.230581E-5
1.132887E2	-8.171925E-6	-3.212718E-5
1.133887E2	-7.957219E-6	-3.206406E-5
1.134887E2	-7.847122E-6	-3.207151E-5
1.135886E2	-7.800331E-6	-3.190513E-5
1.136886E2	-7.643669E-6	-3.171760E-5
1.137886E2	-7.666171E-6	-3.162455E-5
1.138886E2	-7.722477E-6	-3.172006E-5
1.139886E2	-7.706297E-6	-3.196392E-5
1.140886E2	-7.601244E-6	-3.201167E-5
1.141886E2	-7.601751E-6	-3.187022E-5
1.142886E2	-7.594070E-6	-3.187110E-5
1.143886E2	-7.739839E-6	-3.172868E-5
1.144886E2	-7.776283E-6	-3.164096E-5
1.145885E2	-7.763019E-6	-3.158468E-5
1.146885E2	-7.784974E-6	-3.170109E-5
1.147885E2	-7.768191E-6	-3.173416E-5
1.148885E2	-7.567479E-6	-3.184069E-5
1.149885E2	-7.364618E-6	-3.190377E-5
1.150885E2	-6.988021E-6	-3.201933E-5
1.151885E2	-6.911979E-6	-3.202537E-5
1.152885E2	-6.795384E-6	-3.197206E-5
1.153885E2	-6.950554E-6	-3.205006E-5
1.154885E2	-7.022225E-6	-3.231309E-5
1.155884E2	-7.080053E-6	-3.235864E-5
1.156884E2	-7.085378E-6	-3.225338E-5
1.157884E2	-7.179108E-6	-3.231248E-5
1.158884E2	-7.110721E-6	-3.257838E-5
1.159884E2	-7.138589E-6	-3.270638E-5
1.160884E2	-7.195299E-6	-3.271836E-5
1.161884E2	-7.256764E-6	-3.286764E-5
1.162884E2	-6.981225E-6	-3.300694E-5
1.163884E2	-6.671253E-6	-3.294311E-5
1.164884E2	-6.663672E-6	-3.292047E-5
1.165883E2	-6.726745E-6	-3.289282E-5
1.166883E2	-6.576661E-6	-3.293459E-5
1.167883E2	-6.638043E-6	-3.311675E-5
1.168883E2	-6.610755E-6	-3.321978E-5
1.169883E2	-6.630518E-6	-3.339461E-5
1.170883E2	-6.637148E-6	-3.327008E-5
1.171883E2	-6.734658E-6	-3.318429E-5
1.172883E2	-6.779900E-6	-3.318794E-5
1.173883E2	-6.729849E-6	-3.308440E-5
1.174883E2	-6.832202E-6	-3.328227E-5
1.175882E2	-6.770047E-6	-3.345545E-5
1.176882E2	-6.855208E-6	-3.343712E-5
1.177882E2	-6.813074E-6	-3.336587E-5
1.178882E2	-6.995100E-6	-3.325263E-5
1.179882E2	-7.068501E-6	-3.335810E-5
1.180882E2	-7.347105E-6	-3.335296E-5
1.181882E2	-7.505613E-6	-3.322199E-5
1.182882E2	-7.479660E-6	-3.306516E-5
1.183882E2	-7.397082E-6	-3.302250E-5
1.184882E2	-7.276934E-6	-3.299540E-5
1.185881E2	-7.326316E-6	-3.295880E-5
1.186881E2	-7.332678E-6	-3.289679E-5
1.187881E2	-7.269957E-6	-3.282027E-5
1.188881E2	-7.096065E-6	-3.287761E-5
1.189881E2	-7.098779E-6	-3.286432E-5
1.190881E2	-7.209339E-6	-3.315676E-5
1.191881E2	-7.270590E-6	-3.317141E-5
1.192881E2	-7.233836E-6	-3.322124E-5
1.193881E2	-7.166825E-6	-3.329563E-5
1.194881E2	-6.952872E-6	-3.327704E-5
1.195880E2	-6.790063E-6	-3.341699E-5
1.196880E2	-6.939312E-6	-3.344984E-5
1.197880E2	-7.182385E-6	-3.349069E-5
1.198880E2	-7.144864E-6	-3.358561E-5
1.199880E2	-7.290485E-6	-3.374312E-5
1.200880E2	-7.514142E-6	-3.378747E-5
1.201880E2	-7.609190E-6	-3.390982E-5
1.202880E2	-7.346590E-6	-3.403960E-5
1.203880E2	-7.246793E-6	-3.430802E-5
1.204880E2	-7.162708E-6	-3.450697E-5
1.205879E2	-7.267477E-6	-3.441534E-5
1.206879E2	-7.069124E-6	-3.456794E-5
1.207879E2	-6.794383E-6	-3.495537E-5
1.208879E2	-6.559181E-6	-3.502939E-5
1.209879E2	-6.622497E-6	-3.508366E-5
1.210879E2	-6.816463E-6	-3.520151E-5
1.211879E2	-7.187271E-6	-3.503996E-5
1.212879E2	-7.333825E-6	-3.500739E-5
1.213879E2	-7.336637E-6	-3.514150E-5
1.214879E2	-7.352850E-6	-3.531488E-5
1.215878E2	-7.569735E-6	-3.522041E-5
1.216878E2	-7.694723E-6	-3.519906E-5
1.217878E2	-7.722895E-6	-3.505686E-5
1.218878E2	-7.725727E-6	-3.497555E-5
1.219878E2	-7.719472E-6	-3.483063E-5
1.220878E2	-7.748920E-6	-3.490686E-5
1.221878E2	-7.791509E-6	-3.498231E-5
1.222878E2	-7.626785E-6	-3.494775E-5
1.223878E2	-7.665448E-6	-3.487755E-5
1.224878E2	-7.689895E-6	-3.494462E-5
1.225877E2	-7.636778E-6	-3.518506E-5
1.226877E2	-7.603371E-6	-3.532977E-5
1.227877E2	-7.442583E-6	-3.548937E-5
1.228877E2	-7.273710E-6	-3.545658E-5
1.229877E2	-7.157425E-6	-3.565498E-5
1.230877E2	-7.240248E-6	-3.570689E-5
1.231877E2	-7.147307E-6	-3.581640E-5
1.232877E2	-7.011562E-6	-3.600043E-5
1.233877E2	-7.003265E-6	-3.602104E-5
1.234877E2	-7.045516E-6	-3.608573E-5
1.235876E2	-7.284819E-6	-3.623050E-5
1.236876E2	-7.385378E-6	-3.626829E-5
1.237876E2	-7.311480E-6	-3.618545E-5
1.238876E2	-7.225039E-6	-3.610702E-5
1.239876E2	-7.368018E-6	-3.588175E-5
1.240876E2	-7.497571E-6	-3.575542E-5
1.241876E2	-7.496542E-6	-3.574734E-5
1.242876E2	-7.805093E-6	-3.581879E-5
1.243876E2	-8.197282E-6	-3.553643E-5
1.244876E2	-8.298013E-6	-3.543998E-5
1.245875E2	-8.198446E-6	-3.552048E-5
1.246875E2	-8.376270E-6	-3.567693E-5
1.247875E2	-8.268960E-6	-3.541412E-5
1.248875E2	-8.321482E-6	-3.546797E-5
1.249875E2	-8.668313E-6	-3.574835E-5
1.250875E2	-8.746793E-6	-3.584751E-5
1.251875E2	-8.792890E-6	-3.585127E-5
1.252875E2	-8.855176E-6	-3.584797E-5
1.253875E2	-8.792359E-6	-3.573025E-5
1.254875E2	-8.714643E-6	-3.582158E-5
1.255874E2	-8.676285E-6	-3.576208E-5
1.256874E2	-8.696173E-6	-3.598229E-5
1.257874E2	-8.630977E-6	-3.577545E-5
1.258874E2	-8.524770E-6	-3.591847E-5
1.259874E2	-8.290965E-6	-3.591275E-5
1.260874E2	-8.167100E-6	-3.608346E-5
1.261874E2	-8.146135E-6	-3.617885E-5
1.262874E2	-8.078568E-6	-3.634875E-5
1.263874E2	-7.990767E-6	-3.634039E-5
1.264874E2	-7.811017E-6	-3.641521E-5
1.265873E2	-7.621053E-6	-3.659851E-5
1.266873E2	-7.603642E-6	-3.664610E-5
1.267873E2	-7.558521E-6	-3.678178E-5
1.268873E2	-7.599031E-6	-3.701334E-5
1.269873E2	-7.783956E-6	-3.692335E-5
1.270873E2	-7.842093E-6	-3.676436E-5
1.271873E2	-7.631553E-6	-3.676772E-5
1.272873E2	-7.628275E-6	-3.656524E-5
1.273873E2	-7.593265E-6	-3.630718E-5
1.274873E2	-7.579368E-6	-3.602317E-5
1.275872E2	-7.384082E-6	-3.609463E-5
1.276872E2	-7.308444E-6	-3.602767E-5
1.277872E2	-7.527680E-6	-3.601934E-5
1.278872E2	-7.662825E-6	-3.617590E-5
1.279872E2	-7.752331E-6	-3.642535E-5
1.280872E2	-7.829786E-6	-3.666282E-5
1.281872E2	-8.023620E-6	-3.650112E-5
1.282872E2	-8.084645E-6	-3.640905E-5
1.283872E2	-8.119709E-6	-3.648323E-5
1.284872E2	-8.163408E-6	-3.641424E-5
1.285871E2	-8.295115E-6	-3.644565E-5
1.286871E2	-8.307616E-6	-3.631318E-5
1.287871E2	-8.395899E-6	-3.666744E-5
1.288871E2	-8.270587E-6	-3.682056E-5
1.289871E2	-8.197804E-6	-3.655539E-5
1.290871E2	-8.061990E-6	-3.653262E-5
1.291871E2	-8.292191E-6	-3.672488E-5
1.292871E2	-8.391914E-6	-3.669910E-5
1.293871E2	-8.263844E-6	-3.700355E-5
1.294871E2	-8.364231E-6	-3.706385E-5
1.295870E2	-8.446938E-6	-3.695896E-5
1.296870E2	-8.504975E-6	-3.707417E-5
1.297870E2	-8.476458E-6	-3.718739E-5
1.298870E2	-8.461584E-6	-3.714403E-5
1.299870E2	-8.435533E-6	-3.708542E-5
1.300870E2	-8.647478E-6	-3.738347E-5
1.301870E2	-8.696837E-6	-3.755908E-5
1.302870E2	-8.766150E-6	-3.755657E-5
1.303870E2	-8.919210E-6	-3.744535E-5
1.304870E2	-9.179002E-6	-3.751402E-5
1.305869E2	-9.025663E-6	-3.755975E-5
1.306869E2	-9.138397E-6	-3.752150E-5
1.307869E2	-8.928042E-6	-3.777251E-5
1.308869E2	-9.195315E-6	-3.770893E-5
1.309869E2	-9.218643E-6	-3.772968E-5
1.310869E2	-9.019131E-6	-3.765138E-5
1.311869E2	-8.824483E-6	-3.775056E-5
1.312869E2	-9.233814E-6	-3.793663E-5
1.313869E2	-9.355460E-6	-3.769955E-5
1.314869E2	-9.408080E-6	-3.770033E-5
1.315868E2	-9.340185E-6	-3.746578E-5
1.316868E2	-9.293564E-6	-3.730614E-5
1.317868E2	-9.181445E-6	-3.736644E-5
1.318868E2	-9.089862E-6	-3.742386E-5
1.319868E2	-9.094784E-6	-3.775828E-5
1.320868E2	-8.843039E-6	-3.794829E-5
1.321868E2	-8.654555E-6	-3.797255E-5
1.322868E2	-8.820639E-6	-3.786297E-5
1.323868E2	-8.931247E-6	-3.780682E-5
1.324868E2	-8.970354E-6	-3.791782E-5
1.325867E2	-9.084721E-6	-3.780774E-5
1.326867E2	-9.024805E-6	-3.798535E-5
1.327867E2	-8.966001E-6	-3.816033E-5
1.328867E2	-9.118364E-6	-3.837026E-5
1.329867E2	-9.216670E-6	-3.844889E-5
1.330867E2	-9.233389E-6	-3.834970E-5
1.331867E2	-9.044542E-6	-3.847163E-5
1.332867E2	-8.982900E-6	-3.837485E-5
1.333867E2	-8.891896E-6	-3.829753E-5
1.334867E2	-9.003954E-6	-3.834315E-5
1.335866E2	-8.764422E-6	-3.846067E-5
1.336866E2	-8.646282E-6	-3.859347E-5
1.337866E2	-8.380932E-6	-3.853968E-5
1.338866E2	-8.264789E-6	-3.864064E-5
1.339866E2	-8.277976E-6	-3.872720E-5
1.340866E2	-8.271954E-6	-3.893020E-5
1.341866E2	-8.373008E-6	-3.904660E-5
1.342866E2	-8.705561E-6	-3.907848E-5
1.343866E2	-8.869492E-6	-3.905044E-5
1.344866E2	-8.847459E-6	-3.913678E-5
1.345865E2	-8.722115E-6	-3.923180E-5
1.346865E2	-8.961773E-6	-3.925466E-5
1.347865E2	-9.244337E-6	-3.951795E-5
1.348865E2	-9.020375E-6	-3.969581E-5
1.349865E2	-8.801114E-6	-3.971466E-5
1.350865E2	-8.943710E-6	-3.986350E-5
1.351865E2	-9.021403E-6	-3.983004E-5
1.352865E2	-9.206081E-6	-4.001085E-5
1.353865E2	-9.209470E-6	-4.000290E-5
1.354865E2	-9.148507E-6	-4.005242E-5
1.355864E2	-9.385486E-6	-3.992769E-5
1.356864E2	-9.517478E-6	-3.989247E-5
1.357864E2	-9.667962E-6	-3.981361E-5
1.358864E2	-9.938573E-6	-3.985511E-5
1.359864E2	-9.985931E-6	-3.972709E-5
1.360864E2	-1.020596E-5	-3.984811E-5
1.361864E2	-1.040133E-5	-3.955062E-5
1.362864E2	-1.061163E-5	-3.962428E-5
1.363864E2	-1.104221E-5	-3.989079E-5
1.364864E2	-1.162002E-5	-3.984884E-5
1.365863E2	-1.190514E-5	-3.975946E-5
1.366863E2	-1.192367E-5	-3.959024E-5
1.367863E2	-1.187425E-5	-3.931477E-5
1.368863E2	-1.178666E-5	-3.904243E-5
1.369863E2	-1.143011E-5	-3.902808E-5
1.370863E2	-1.152538E-5	-3.908335E-5
1.371863E2	-1.138706E-5	-3.912361E-5
1.372863E2	-1.128338E-5	-3.903957E-5
1.373863E2	-1.110456E-5	-3.920345E-5
1.374863E2	-1.085113E-5	-3.910409E-5
1.375862E2	-1.089529E-5	-3.909549E-5
1.376862E2	-1.093032E-5	-3.925788E-5
1.377862E2	-1.104689E-5	-3.916477E-5
1.378862E2	-1.098602E-5	-3.932352E-5
1.379862E2	-1.100045E-5	-3.915755E-5
1.380862E2	-1.102906E-5	-3.919709E-5
1.381862E2	-1.095593E-5	-3.913759E-5
1.382862E2	-1.074752E-5	-3.888412E-5
1.383862E2	-1.102164E-5	-3.917107E-5
1.384862E2	-1.082497E-5	-3.920495E-5
1.385861E2	-1.070043E-5	-3.896471E-5
1.386861E2	-1.042092E-5	-3.903480E-5
1.387861E2	-1.065246E-5	-3.928070E-5
1.388861E2	-1.023041E-5	-3.953165E-5
1.389861E2	-1.019243E-5	-3.986246E-5
1.390861E2	-1.019486E-5	-3.978008E-5
1.391861E2	-1.006134E-5	-3.981171E-5
1.392861E2	-1.022725E-5	-3.998598E-5
1.393861E2	-1.042857E-5	-3.974070E-5
1.394861E2	-1.066022E-5	-3.971308E-5
1.395860E2	-1.084655E-5	-3.956518E-5
1.396860E2	-1.091514E-5	-3.938490E-5
1.397860E2	-1.113724E-5	-3.913290E-5
1.398860E2	-1.112349E-5	-3.887091E-5
1.399860E2	-1.107970E-5	-3.911908E-5
1.400860E2	-1.123792E-5	-3.903439E-5
1.401860E2	-1.165885E-5	-3.916250E-5
1.402860E2	-1.166750E-5	-3.920117E-5
1.403860E2	-1.178058E-5	-3.930651E-5
1.404860E2	-1.183765E-5	-3.953854E-5
1.405859E2	-1.173786E-5	-3.913778E-5
1.406859E2	-1.154088E-5	-3.893737E-5
1.407859E2	-1.138015E-5	-3.878472E-5
1.408859E2	-1.131539E-5	-3.860755E-5
1.409859E2	-1.159431E-5	-3.876948E-5
1.410859E2	-1.160963E-5	-3.886269E-5
1.411859E2	-1.167277E-5	-3.897973E-5
1.412859E2	-1.160959E-5	-3.881279E-5
1.413859E2	-1.157874E-5	-3.881683E-5
1.414859E2	-1.178016E-5	-3.886583E-5
1.415858E2	-1.184632E-5	-3.890771E-5
1.416858E2	-1.191488E-5	-3.864274E-5
1.417858E2	-1.198590E-5	-3.854157E-5
1.418858E2	-1.204217E-5	-3.835443E-5
1.419858E2	-1.208799E-5	-3.830409E-5
1.420858E2	-1.204716E-5	-3.815169E-5
1.421858E2	-1.234249E-5	-3.813561E-5
1.422858E2	-1.237611E-5	-3.835656E-5
1.423858E2	-1.232090E-5	-3.852814E-5
1.424858E2	-1.221335E-5	-3.868223E-5
1.425857E2	-1.253512E-5	-3.882244E-5
1.426857E2	-1.252267E-5	-3.889522E-5
1.427857E2	-1.264478E-5	-3.887022E-5
1.428857E2	-1.253974E-5	-3.880432E-5
1.429857E2	-1.258749E-5	-3.868486E-5
1.430857E2	-1.253559E-5	-3.850803E-5
1.431857E2	-1.258421E-5	-3.841315E-5
1.432857E2	-1.250276E-5	-3.838917E-5
1.433857E2	-1.249608E-5	-3.834204E-5
1.434857E2	-1.252469E-5	-3.824575E-5
1.435856E2	-1.263773E-5	-3.842426E-5
1.436856E2	-1.263525E-5	-3.832475E-5
1.437856E2	-1.264179E-5	-3.853723E-5
1.438856E2	-1.262773E-5	-3.867937E-5
1.439856E2	-1.259095E-5	-3.863155E-5
1.440856E2	-1.233069E-5	-3.855611E-5
1.441856E2	-1.220738E-5	-3.864572E-5
1.442856E2	-1.231845E-5	-3.867123E-5
1.443856E2	-1.246883E-5	-3.877162E-5
1.444856E2	-1.239228E-5	-3.880948E-5
1.445855E2	-1.219836E-5	-3.879462E-5
1.446855E2	-1.202412E-5	-3.871317E-5
1.447855E2	-1.238017E-5	-3.874740E-5
1.448855E2	-1.241740E-5	-3.882583E-5
1.449855E2	-1.249349E-5	-3.879412E-5
1.450855E2	-1.263209E-5	-3.875359E-5
1.451855E2	-1.243617E-5	-3.868962E-5
1.452855E2	-1.204802E-5	-3.878025E-5
1.453855E2	-1.195709E-5	-3.898818E-5
1.454855E2	-1.200075E-5	-3.883097E-5
1.455854E2	-1.201801E-5	-3.888166E-5
1.456854E2	-1.204988E-5	-3.892391E-5
1.457854E2	-1.223271E-5	-3.893597E-5
1.458854E2	-1.231147E-5	-3.909551E-5
1.459854E2	-1.230161E-5	-3.915914E-5
1.460854E2	-1.219161E-5	-3.923406E-5
1.461854E2	-1.218920E-5	-3.922997E-5
1.462854E2	-1.197780E-5	-3.897524E-5
1.463854E2	-1.187573E-5	-3.891280E-5
1.464854E2	-1.165054E-5	-3.888338E-5
1.465853E2	-1.133056E-5	-3.891412E-5
1.466853E2	-1.136271E-5	-3.878056E-5
1.467853E2	-1.135599E-5	-3.896254E-5
1.468853E2	-1.137097E-5	-3.896710E-5
1.469853E2	-1.117216E-5	-3.888655E-5
1.470853E2	-1.132239E-5	-3.897891E-5
1.471853E2	-1.155606E-5	-3.923800E-5
1.472853E2	-1.165678E-5	-3.920370E-5
1.473853E2	-1.166764E-5	-3.925599E-5
1.474853E2	-1.184126E-5	-3.907408E-5
1.475852E2	-1.211809E-5	-3.901106E-5
1.476852E2	-1.205444E-5	-3.883217E-5
1.477852E2	-1.192264E-5	-3.892756E-5
1.478852E2	-1.186574E-5	-3.886541E-5
1.479852E2	-1.176460E-5	-3.874185E-5
1.480852E2	-1.165226E-5	-3.884457E-5
1.481852E2	-1.170994E-5	-3.898078E-5
1.482852E2	-1.190932E-5	-3.913241E-5
1.483852E2	-1.209617E-5	-3.900282E-5
1.484852E2	-1.192473E-5	-3.913021E-5
1.485851E2	-1.181577E-5	-3.924294E-5
1.486851E2	-1.181181E-5	-3.932502E-5
1.487851E2	-1.170275E-5	-3.925119E-5
1.488851E2	-1.157785E-5	-3.914719E-5
1.489851E2	-1.184931E-5	-3.915433E-5
1.490851E2	-1.182968E-5	-3.909663E-5
1.491851E2	-1.143848E-5	-3.898850E-5
1.492851E2	-1.114505E-5	-3.889005E-5
1.493851E2	-1.126924E-5	-3.909969E-5
1.494851E2	-1.128786E-5	-3.912393E-5
1.495850E2	-1.115519E-5	-3.894686E-5
1.496850E2	-1.135970E-5	-3.918078E-5
1.497850E2	-1.141863E-5	-3.916849E-5
1.498850E2	-1.134648E-5	-3.910385E-5
1.499850E2	-1.121985E-5	-3.894694E-5
1.500850E2	-1.136196E-5	-3.903056E-5
1.501850E2	-1.152571E-5	-3.910092E-5
1.502850E2	-1.142988E-5	-3.910650E-5
1.503850E2	-1.149491E-5	-3.902192E-5
1.504850E2	-1.155603E-5	-3.878056E-5
1.505849E2	-1.187350E-5	-3.879150E-5
1.506849E2	-1.216047E-5	-3.885308E-5
1.507849E2	-1.203644E-5	-3.895092E-5
1.508849E2	-1.196172E-5	-3.920398E-5
1.509849E2	-1.199664E-5	-3.918625E-5
1.510849E2	-1.216282E-5	-3.907805E-5
1.511849E2	-1.238709E-5	-3.930984E-5
1.512849E2	-1.244808E-5	-3.931026E-5
1.513849E2	-1.241251E-5	-3.937597E-5
1.514849E2	-1.215541E-5	-3.951465E-5
1.515848E2	-1.193699E-5	-3.943599E-5
1.516848E2	-1.187081E-5	-3.961236E-5
1.517848E2	-1.204747E-5	-3.976636E-5
1.518848E2	-1.233006E-5	-3.966862E-5
1.519848E2	-1.219601E-5	-3.949617E-5
1.520848E2	-1.217932E-5	-3.939337E-5
1.521848E2	-1.205428E-5	-3.933192E-5
1.522848E2	-1.200525E-5	-3.917272E-5
1.523848E2	-1.197517E-5	-3.914898E-5
1.524848E2	-1.193911E-5	-3.928310E-5
1.525847E2	-1.191972E-5	-3.929000E-5
1.526847E2	-1.199424E-5	-3.923587E-5
1.527847E2	-1.233523E-5	-3.926077E-5
1.528847E2	-1.232290E-5	-3.928775E-5
1.529847E2	-1.220180E-5	-3.937195E-5
1.530847E2	-1.221332E-5	-3.930351E-5
1.531847E2	-1.213994E-5	-3.918912E-5
1.532847E2	-1.198508E-5	-3.927678E-5
1.533847E2	-1.201171E-5	-3.964875E-5
1.534847E2	-1.187507E-5	-3.983555E-5
1.535846E2	-1.182081E-5	-4.000146E-5
1.536846E2	-1.183093E-5	-3.991111E-5
1.537846E2	-1.144926E-5	-3.967368E-5
1.538846E2	-1.149587E-5	-3.951176E-5
1.539846E2	-1.148289E-5	-3.973716E-5
1.540846E2	-1.136863E-5	-3.987483E-5
1.541846E2	-1.130551E-5	-3.993945E-5
1.542846E2	-1.112608E-5	-3.997586E-5
1.543846E2	-1.109042E-5	-3.996371E-5
1.544846E2	-1.117424E-5	-4.011020E-5
1.545845E2	-1.112051E-5	-4.015723E-5
1.546845E2	-1.091804E-5	-4.023716E-5
1.547845E2	-1.119610E-5	-4.045491E-5
1.548845E2	-1.134940E-5	-4.018974E-5
1.549845E2	-1.093509E-5	-4.001493E-5
1.550845E2	-1.080804E-5	-3.989560E-5
1.551845E2	-1.081413E-5	-3.967414E-5
1.552845E2	-1.089963E-5	-3.959315E-5
1.553845E2	-1.106037E-5	-3.953129E-5
1.554845E2	-1.097887E-5	-3.957350E-5
1.555844E2	-1.069657E-5	-3.966041E-5
1.556844E2	-1.079290E-5	-3.958013E-5
1.557844E2	-1.071000E-5	-3.970868E-5
1.558844E2	-1.068782E-5	-4.021173E-5
1.559844E2	-1.050625E-5	-4.004705E-5
1.560844E2	-1.039537E-5	-3.996997E-5
1.561844E2	-1.028277E-5	-3.990622E-5
1.562844E2	-1.019758E-5	-3.970259E-5
1.563844E2	-9.841155E-6	-3.969502E-5
1.564844E2	-9.734028E-6	-3.968854E-5
1.565843E2	-9.698774E-6	-3.977716E-5
1.566843E2	-9.628354E-6	-3.951845E-5
1.567843E2	-9.886529E-6	-3.940090E-5
1.568843E2	-9.894421E-6	-3.935032E-5
1.569843E2	-1.020148E-5	-3.941102E-5
1.570843E2	-1.039954E-5	-3.930584E-5
1.571843E2	-1.043932E-5	-3.927377E-5
1.572843E2	-1.036348E-5	-3.927780E-5
1.573843E2	-1.039576E-5	-3.953111E-5
1.574843E2	-1.028436E-5	-3.968728E-5
1.575842E2	-1.026904E-5	-3.962096E-5
1.576842E2	-1.011487E-5	-3.954709E-5
1.577842E2	-1.010554E-5	-3.977860E-5
1.578842E2	-1.026869E-5	-3.988575E-5
1.579842E2	-1.015821E-5	-3.958745E-5
1.580842E2	-1.002403E-5	-3.966195E-5
1.581842E2	-9.901427E-6	-3.946268E-5
1.582842E2	-9.865429E-6	-3.957716E-5
